# relative_time, cycles_done, cur_item, corpus_count, pending_total, pending_favs, map_size, saved_crashes, saved_hangs, max_depth, execs_per_sec, total_execs, edges_found
61, 7, 2, 3, 0, 0, 32.26%, 0, 0, 2, 321.21, 19883, 10
67, 8, 2, 3, 0, 0, 32.26%, 0, 0, 2, 321.71, 21548, 10
72, 9, 2, 3, 0, 0, 32.26%, 0, 0, 2, 319.99, 23198, 10
77, 10, 2, 3, 0, 0, 32.26%, 0, 0, 2, 321.02, 24859, 10
82, 11, 2, 3, 0, 0, 32.26%, 0, 0, 2, 321.30, 26527, 10
87, 12, 0, 3, 0, 0, 32.26%, 0, 0, 2, 319.52, 28174, 10
92, 12, 2, 3, 0, 0, 32.26%, 0, 0, 2, 321.17, 29822, 10
97, 13, 2, 3, 0, 0, 32.26%, 0, 0, 2, 319.81, 31421, 10
103, 14, 0, 3, 0, 0, 32.26%, 0, 0, 2, 321.29, 33080, 10
108, 15, 2, 3, 0, 0, 32.26%, 0, 0, 2, 320.97, 34741, 10
113, 16, 2, 3, 0, 0, 32.26%, 0, 0, 2, 322.15, 36409, 10
118, 17, 2, 3, 0, 0, 32.26%, 0, 0, 2, 322.53, 38064, 10
123, 17, 0, 3, 0, 0, 32.26%, 0, 0, 2, 321.33, 39717, 10
128, 18, 0, 3, 0, 0, 32.26%, 0, 0, 2, 319.80, 41369, 10
134, 19, 0, 3, 0, 0, 32.26%, 0, 0, 2, 319.99, 43033, 10
139, 19, 0, 3, 0, 0, 32.26%, 0, 0, 2, 319.38, 44688, 10
144, 20, 2, 3, 0, 0, 32.26%, 0, 0, 2, 320.81, 46346, 10
149, 20, 2, 3, 0, 0, 32.26%, 0, 0, 2, 321.57, 47998, 10
154, 21, 0, 3, 0, 0, 32.26%, 0, 0, 2, 320.10, 49648, 10
159, 22, 0, 3, 0, 0, 32.26%, 0, 0, 2, 320.23, 51297, 10
164, 23, 2, 3, 0, 0, 32.26%, 0, 0, 2, 319.39, 52943, 10
169, 24, 1, 3, 0, 0, 32.26%, 0, 0, 2, 319.76, 54545, 10
175, 24, 0, 3, 0, 0, 32.26%, 0, 0, 2, 320.58, 56194, 10
180, 25, 0, 3, 0, 0, 32.26%, 0, 0, 2, 320.71, 57846, 10
185, 26, 2, 3, 0, 0, 32.26%, 0, 0, 2, 321.36, 59504, 10
190, 27, 0, 3, 0, 0, 32.26%, 0, 0, 2, 321.59, 61166, 10
195, 27, 2, 3, 0, 0, 32.26%, 0, 0, 2, 317.40, 62818, 10
200, 28, 2, 3, 0, 0, 32.26%, 0, 0, 2, 320.95, 64473, 10
206, 29, 2, 3, 0, 0, 32.26%, 0, 0, 2, 321.20, 66138, 10
211, 30, 2, 3, 0, 0, 32.26%, 0, 0, 2, 321.95, 67800, 10
216, 31, 2, 3, 0, 0, 32.26%, 0, 0, 2, 319.74, 69455, 10
221, 32, 0, 3, 0, 0, 32.26%, 0, 0, 2, 320.72, 71114, 10
226, 32, 2, 3, 0, 0, 32.26%, 0, 0, 2, 321.73, 72768, 10
231, 33, 2, 3, 0, 0, 32.26%, 0, 0, 2, 322.13, 74433, 10
237, 34, 0, 3, 0, 0, 32.26%, 0, 0, 2, 321.44, 76098, 10
242, 34, 0, 3, 0, 0, 32.26%, 0, 0, 2, 322.33, 77747, 10
247, 35, 2, 3, 0, 0, 32.26%, 0, 0, 2, 321.11, 79402, 10
252, 36, 2, 3, 0, 0, 32.26%, 0, 0, 2, 321.40, 81070, 10
257, 37, 2, 3, 0, 0, 32.26%, 0, 0, 2, 322.27, 82719, 10
262, 37, 2, 3, 0, 0, 32.26%, 0, 0, 2, 322.65, 84371, 10
268, 39, 2, 3, 0, 0, 32.26%, 0, 0, 2, 320.62, 86027, 10
273, 39, 0, 3, 0, 0, 32.26%, 0, 0, 2, 321.09, 87686, 10
278, 40, 2, 3, 0, 0, 32.26%, 0, 0, 2, 322.55, 89347, 10
283, 41, 0, 3, 0, 0, 32.26%, 0, 0, 2, 321.92, 91009, 10
288, 42, 2, 3, 0, 0, 32.26%, 0, 0, 2, 322.02, 92667, 10
293, 43, 0, 3, 0, 0, 32.26%, 0, 0, 2, 320.40, 94269, 10
298, 43, 0, 3, 0, 0, 32.26%, 0, 0, 2, 321.09, 95918, 10
303, 44, 2, 3, 0, 0, 32.26%, 0, 0, 2, 321.32, 97576, 10
309, 45, 0, 3, 0, 0, 32.26%, 0, 0, 2, 320.67, 99228, 10
314, 45, 2, 3, 0, 0, 32.26%, 0, 0, 2, 321.17, 100886, 10
319, 46, 0, 3, 0, 0, 32.26%, 0, 0, 2, 321.00, 102542, 10
324, 47, 0, 3, 0, 0, 32.26%, 0, 0, 2, 320.78, 104206, 10
329, 48, 2, 3, 0, 0, 32.26%, 0, 0, 2, 320.67, 105858, 10
334, 48, 0, 3, 0, 0, 32.26%, 0, 0, 2, 321.74, 107517, 10
340, 49, 2, 3, 0, 0, 32.26%, 0, 0, 2, 321.93, 109165, 10
345, 49, 0, 3, 0, 0, 32.26%, 0, 0, 2, 320.40, 110821, 10
350, 51, 2, 3, 0, 0, 32.26%, 0, 0, 2, 321.46, 112485, 10
355, 51, 0, 3, 0, 0, 32.26%, 0, 0, 2, 323.04, 114137, 10
360, 52, 2, 3, 0, 0, 32.26%, 0, 0, 2, 322.59, 115792, 10
365, 52, 0, 3, 0, 0, 32.26%, 0, 0, 2, 321.12, 117451, 10
370, 53, 0, 3, 0, 0, 32.26%, 0, 0, 2, 320.68, 119096, 10
376, 53, 2, 3, 0, 0, 32.26%, 0, 0, 2, 321.06, 120748, 10
381, 54, 0, 3, 0, 0, 32.26%, 0, 0, 2, 320.23, 122401, 10
386, 55, 0, 3, 0, 0, 32.26%, 0, 0, 2, 321.05, 124062, 10
391, 56, 0, 3, 0, 0, 32.26%, 0, 0, 2, 322.14, 125714, 10
396, 56, 0, 3, 0, 0, 32.26%, 0, 0, 2, 322.13, 127363, 10
401, 56, 0, 3, 0, 0, 32.26%, 0, 0, 2, 321.59, 129015, 10
406, 57, 0, 3, 0, 0, 32.26%, 0, 0, 2, 322.07, 130685, 10
412, 58, 0, 3, 0, 0, 32.26%, 0, 0, 2, 322.50, 132343, 10
417, 59, 2, 3, 0, 0, 32.26%, 0, 0, 2, 321.39, 133995, 10
422, 60, 2, 3, 0, 0, 32.26%, 0, 0, 2, 321.40, 135657, 10
427, 60, 2, 3, 0, 0, 32.26%, 0, 0, 2, 321.56, 137303, 10
432, 62, 2, 3, 0, 0, 32.26%, 0, 0, 2, 321.90, 138971, 10
437, 62, 2, 3, 0, 0, 32.26%, 0, 0, 2, 322.12, 140626, 10
443, 63, 2, 3, 0, 0, 32.26%, 0, 0, 2, 321.43, 142291, 10
448, 64, 0, 3, 0, 0, 32.26%, 0, 0, 2, 321.86, 143953, 10
453, 64, 0, 3, 0, 0, 32.26%, 0, 0, 2, 320.33, 145605, 10
458, 65, 2, 3, 0, 0, 32.26%, 0, 0, 2, 320.52, 147253, 10
463, 66, 2, 3, 0, 0, 32.26%, 0, 0, 2, 319.15, 148849, 10
468, 67, 2, 3, 0, 0, 32.26%, 0, 0, 2, 320.26, 150508, 10
473, 67, 0, 3, 0, 0, 32.26%, 0, 0, 2, 320.76, 152166, 10
479, 68, 0, 3, 0, 0, 32.26%, 0, 0, 2, 322.12, 153827, 10
484, 69, 2, 3, 0, 0, 32.26%, 0, 0, 2, 321.15, 155482, 10
489, 70, 0, 3, 0, 0, 32.26%, 0, 0, 2, 321.44, 157147, 10
494, 70, 1, 3, 0, 0, 32.26%, 0, 0, 2, 321.02, 158805, 10
499, 71, 0, 3, 0, 0, 32.26%, 0, 0, 2, 321.13, 160458, 10
504, 72, 2, 3, 0, 0, 32.26%, 0, 0, 2, 322.15, 162131, 10
509, 73, 2, 3, 0, 0, 32.26%, 0, 0, 2, 319.60, 163724, 10
515, 75, 2, 3, 0, 0, 32.26%, 0, 0, 2, 320.08, 165386, 10
520, 76, 2, 3, 0, 0, 32.26%, 0, 0, 2, 320.85, 167051, 10
525, 77, 2, 3, 0, 0, 32.26%, 0, 0, 2, 320.88, 168719, 10
530, 78, 2, 3, 0, 0, 32.26%, 0, 0, 2, 321.22, 170384, 10
535, 79, 2, 3, 0, 0, 32.26%, 0, 0, 2, 320.65, 172052, 10
541, 81, 0, 3, 0, 0, 32.26%, 0, 0, 2, 321.36, 173726, 10
546, 81, 2, 3, 0, 0, 32.26%, 0, 0, 2, 321.55, 175384, 10
551, 82, 2, 3, 0, 0, 32.26%, 0, 0, 2, 321.32, 177052, 10
556, 83, 0, 3, 0, 0, 32.26%, 0, 0, 2, 321.64, 178711, 10
561, 84, 0, 3, 0, 0, 32.26%, 0, 0, 2, 320.91, 180372, 10
566, 84, 0, 3, 0, 0, 32.26%, 0, 0, 2, 321.41, 182027, 10
572, 85, 0, 3, 0, 0, 32.26%, 0, 0, 2, 321.10, 183679, 10
577, 85, 2, 3, 0, 0, 32.26%, 0, 0, 2, 320.78, 185334, 10
582, 87, 2, 3, 0, 0, 32.26%, 0, 0, 2, 320.59, 187002, 10
587, 88, 0, 3, 0, 0, 32.26%, 0, 0, 2, 320.90, 188667, 10
592, 88, 0, 3, 0, 0, 32.26%, 0, 0, 2, 321.55, 190316, 10
597, 89, 2, 3, 0, 0, 32.26%, 0, 0, 2, 318.42, 191965, 10
603, 90, 0, 3, 0, 0, 32.26%, 0, 0, 2, 317.26, 193606, 10
608, 91, 2, 3, 0, 0, 32.26%, 0, 0, 2, 318.37, 195255, 10
613, 91, 0, 3, 0, 0, 32.26%, 0, 0, 2, 318.55, 196905, 10
618, 92, 2, 3, 0, 0, 32.26%, 0, 0, 2, 316.84, 198550, 10
623, 93, 0, 3, 0, 0, 32.26%, 0, 0, 2, 316.93, 200140, 10
628, 93, 0, 3, 0, 0, 32.26%, 0, 0, 2, 313.31, 201684, 10
633, 93, 0, 3, 0, 0, 32.26%, 0, 0, 2, 318.21, 203327, 10
638, 94, 0, 3, 0, 0, 32.26%, 0, 0, 2, 319.35, 204982, 10
644, 95, 2, 3, 0, 0, 32.26%, 0, 0, 2, 317.94, 206625, 10
649, 95, 0, 3, 0, 0, 32.26%, 0, 0, 2, 318.20, 208274, 10
654, 96, 0, 3, 0, 0, 32.26%, 0, 0, 2, 319.64, 209923, 10
659, 96, 0, 3, 0, 0, 32.26%, 0, 0, 2, 319.60, 211575, 10
664, 97, 0, 3, 0, 0, 32.26%, 0, 0, 2, 319.95, 213227, 10
669, 98, 2, 3, 0, 0, 32.26%, 0, 0, 2, 319.77, 214882, 10
675, 99, 2, 3, 0, 0, 32.26%, 0, 0, 2, 319.80, 216532, 10
680, 99, 0, 3, 0, 0, 32.26%, 0, 0, 2, 319.99, 218191, 10
685, 100, 2, 3, 0, 0, 32.26%, 0, 0, 2, 308.30, 219804, 10
690, 102, 2, 3, 0, 0, 32.26%, 0, 0, 2, 312.69, 221436, 10
695, 103, 2, 3, 0, 0, 32.26%, 0, 0, 2, 316.39, 223017, 10
700, 104, 2, 3, 0, 0, 32.26%, 0, 0, 2, 318.83, 224679, 10
706, 105, 2, 3, 0, 0, 32.26%, 0, 0, 2, 318.90, 226332, 10
711, 106, 2, 3, 0, 0, 32.26%, 0, 0, 2, 319.45, 227931, 10
716, 107, 2, 3, 0, 0, 32.26%, 0, 0, 2, 319.66, 229580, 10
721, 108, 2, 3, 0, 0, 32.26%, 0, 0, 2, 318.72, 231236, 10
726, 108, 2, 3, 0, 0, 32.26%, 0, 0, 2, 319.10, 232888, 10
731, 109, 2, 3, 0, 0, 32.26%, 0, 0, 2, 319.85, 234543, 10
736, 110, 2, 3, 0, 0, 32.26%, 0, 0, 2, 319.22, 236136, 10
742, 111, 0, 3, 0, 0, 32.26%, 0, 0, 2, 319.46, 237798, 10
747, 112, 2, 3, 0, 0, 32.26%, 0, 0, 2, 319.91, 239447, 10
752, 112, 0, 3, 0, 0, 32.26%, 0, 0, 2, 317.58, 241037, 10
757, 113, 2, 3, 0, 0, 32.26%, 0, 0, 2, 319.39, 242688, 10
762, 114, 0, 3, 0, 0, 32.26%, 0, 0, 2, 319.93, 244338, 10
767, 115, 2, 3, 0, 0, 32.26%, 0, 0, 2, 320.76, 245996, 10
772, 116, 0, 3, 0, 0, 32.26%, 0, 0, 2, 320.10, 247646, 10
777, 116, 0, 3, 0, 0, 32.26%, 0, 0, 2, 320.56, 249295, 10
782, 116, 0, 3, 0, 0, 32.26%, 1, 0, 2, 310.86, 250684, 10
