# relative_time, cycles_done, cur_item, corpus_count, pending_total, pending_favs, map_size, saved_crashes, saved_hangs, max_depth, execs_per_sec, total_execs, edges_found
61, 10, 1, 3, 0, 0, 32.26%, 0, 0, 2, 330.10, 20164, 10
66, 12, 1, 3, 0, 0, 32.26%, 0, 0, 2, 330.64, 21880, 10
71, 13, 1, 3, 0, 0, 32.26%, 0, 0, 2, 329.51, 23590, 10
76, 14, 1, 3, 0, 0, 32.26%, 0, 0, 2, 330.72, 25258, 10
81, 15, 0, 3, 0, 0, 32.26%, 0, 0, 2, 324.16, 26935, 10
87, 16, 2, 3, 0, 0, 32.26%, 0, 0, 2, 327.99, 28644, 10
92, 17, 0, 3, 0, 0, 32.26%, 0, 0, 2, 326.20, 30339, 10
97, 17, 0, 3, 0, 0, 32.26%, 0, 0, 2, 321.57, 31988, 10
102, 17, 0, 3, 0, 0, 32.26%, 0, 0, 2, 322.94, 33667, 10
107, 18, 1, 3, 0, 0, 32.26%, 0, 0, 2, 327.34, 35370, 10
112, 20, 1, 3, 0, 0, 32.26%, 0, 0, 2, 330.75, 37044, 10
118, 20, 0, 3, 0, 0, 32.26%, 0, 0, 2, 324.71, 38724, 10
123, 21, 1, 3, 0, 0, 32.26%, 0, 0, 2, 327.18, 40415, 10
128, 22, 2, 3, 0, 0, 32.26%, 0, 0, 2, 329.49, 42068, 10
133, 23, 0, 3, 0, 0, 32.26%, 0, 0, 2, 324.97, 43748, 10
138, 24, 1, 3, 0, 0, 32.26%, 0, 0, 2, 327.26, 45439, 10
143, 25, 0, 3, 0, 0, 32.26%, 0, 0, 2, 327.16, 47092, 10
148, 26, 1, 3, 0, 0, 32.26%, 0, 0, 2, 326.25, 48765, 10
153, 27, 1, 3, 0, 0, 32.26%, 0, 0, 2, 329.78, 50469, 10
158, 28, 1, 3, 0, 0, 32.26%, 0, 0, 2, 331.32, 52137, 10
163, 29, 0, 3, 0, 0, 32.26%, 0, 0, 2, 325.83, 53775, 10
168, 30, 1, 3, 0, 0, 32.26%, 0, 0, 2, 328.81, 55415, 10
174, 30, 1, 3, 0, 0, 32.26%, 0, 0, 2, 326.00, 57100, 10
179, 31, 1, 3, 0, 0, 32.26%, 0, 0, 2, 324.20, 58767, 10
184, 32, 2, 3, 0, 0, 32.26%, 0, 0, 2, 327.65, 60480, 10
189, 33, 1, 3, 0, 0, 32.26%, 0, 0, 2, 329.72, 62184, 10
194, 34, 1, 3, 0, 0, 32.26%, 0, 0, 2, 330.58, 63900, 10
200, 35, 0, 3, 0, 0, 32.26%, 0, 0, 2, 324.45, 65583, 10
205, 36, 0, 3, 0, 0, 32.26%, 0, 0, 2, 328.67, 67295, 10
210, 37, 0, 3, 0, 0, 32.26%, 0, 0, 2, 327.54, 68980, 10
215, 37, 1, 3, 0, 0, 32.26%, 0, 0, 2, 326.31, 70656, 10
220, 38, 0, 3, 0, 0, 32.26%, 0, 0, 2, 325.14, 72348, 10
225, 39, 1, 3, 0, 0, 32.26%, 0, 0, 2, 328.31, 74045, 10
230, 40, 1, 3, 0, 0, 32.26%, 0, 0, 2, 329.82, 75701, 10
236, 41, 1, 3, 0, 0, 32.26%, 0, 0, 2, 330.35, 77414, 10
241, 42, 2, 3, 0, 0, 32.26%, 0, 0, 2, 329.83, 79130, 10
246, 43, 0, 3, 0, 0, 32.26%, 0, 0, 2, 324.67, 80810, 10
251, 44, 0, 3, 0, 0, 32.26%, 0, 0, 2, 327.29, 82501, 10
256, 45, 1, 3, 0, 0, 32.26%, 0, 0, 2, 326.01, 84180, 10
261, 45, 0, 3, 0, 0, 32.26%, 1, 0, 2, 0.00, 85512, 10
