# relative_time, cycles_done, cur_item, corpus_count, pending_total, pending_favs, map_size, saved_crashes, saved_hangs, max_depth, execs_per_sec, total_execs, edges_found
61, 5, 0, 1, 0, 0, 25.00%, 0, 0, 1, 321.75, 19923, 2
66, 6, 0, 1, 0, 0, 25.00%, 0, 0, 1, 323.43, 21571, 2
71, 6, 0, 1, 0, 0, 25.00%, 0, 0, 1, 322.62, 23220, 2
76, 7, 0, 1, 0, 0, 25.00%, 0, 0, 1, 324.61, 24875, 2
81, 7, 0, 1, 0, 0, 25.00%, 0, 0, 1, 324.66, 26535, 2
86, 8, 0, 1, 0, 0, 25.00%, 0, 0, 1, 323.51, 28184, 2
92, 8, 0, 1, 0, 0, 25.00%, 0, 0, 1, 323.95, 29838, 2
97, 9, 0, 1, 0, 0, 25.00%, 0, 0, 1, 323.37, 31487, 2
102, 9, 0, 1, 0, 0, 25.00%, 0, 0, 1, 322.31, 33136, 2
107, 10, 0, 1, 0, 0, 25.00%, 0, 0, 1, 323.42, 34796, 2
109, 10, 0, 1, 0, 0, 25.00%, 1, 0, 1, 0.00, 35426, 2
