# relative_time, cycles_done, cur_item, corpus_count, pending_total, pending_favs, map_size, saved_crashes, saved_hangs, max_depth, execs_per_sec, total_execs, edges_found
61, 5, 0, 1, 0, 0, 25.00%, 0, 0, 1, 323.99, 19989, 2
66, 6, 0, 1, 0, 0, 25.00%, 0, 0, 1, 324.61, 21655, 2
71, 6, 0, 1, 0, 0, 25.00%, 0, 0, 1, 324.56, 23310, 2
76, 7, 0, 1, 0, 0, 25.00%, 0, 0, 1, 324.52, 24970, 2
81, 7, 0, 1, 0, 0, 25.00%, 0, 0, 1, 325.71, 26631, 2
87, 8, 0, 1, 0, 0, 25.00%, 0, 0, 1, 325.09, 28286, 2
92, 8, 0, 1, 0, 0, 25.00%, 0, 0, 1, 325.98, 29952, 2
97, 9, 0, 1, 0, 0, 25.00%, 0, 0, 1, 326.51, 31631, 2
102, 9, 0, 1, 0, 0, 25.00%, 0, 0, 1, 324.71, 33291, 2
107, 10, 0, 1, 0, 0, 25.00%, 0, 0, 1, 324.55, 34958, 2
112, 10, 0, 1, 0, 0, 25.00%, 0, 0, 1, 324.72, 36619, 2
117, 11, 0, 1, 0, 0, 25.00%, 0, 0, 1, 325.15, 38279, 2
122, 11, 0, 1, 0, 0, 25.00%, 0, 0, 1, 324.29, 39934, 2
127, 12, 0, 1, 0, 0, 25.00%, 0, 0, 1, 324.61, 41594, 2
133, 12, 0, 1, 0, 0, 25.00%, 0, 0, 1, 324.82, 43255, 2
138, 12, 0, 1, 0, 0, 25.00%, 0, 0, 1, 325.78, 44910, 2
143, 13, 0, 1, 0, 0, 25.00%, 0, 0, 1, 324.93, 46570, 2
148, 13, 0, 1, 0, 0, 25.00%, 0, 0, 1, 323.83, 48219, 2
153, 14, 0, 1, 0, 0, 25.00%, 0, 0, 1, 323.87, 49867, 2
158, 14, 0, 1, 0, 0, 25.00%, 0, 0, 1, 324.98, 51522, 2
163, 15, 0, 1, 0, 0, 25.00%, 0, 0, 1, 325.96, 53194, 2
168, 15, 0, 1, 0, 0, 25.00%, 0, 0, 1, 324.40, 54855, 2
173, 16, 0, 1, 0, 0, 25.00%, 0, 0, 1, 325.18, 56510, 2
179, 16, 0, 1, 0, 0, 25.00%, 0, 0, 1, 324.97, 58170, 2
184, 17, 0, 1, 0, 0, 25.00%, 0, 0, 1, 325.05, 59831, 2
189, 17, 0, 1, 0, 0, 25.00%, 0, 0, 1, 324.81, 61491, 2
194, 18, 0, 1, 0, 0, 25.00%, 0, 0, 1, 324.85, 63164, 2
199, 18, 0, 1, 0, 0, 25.00%, 0, 0, 1, 325.23, 64837, 2
204, 19, 0, 1, 0, 0, 25.00%, 0, 0, 1, 324.37, 66509, 2
209, 19, 0, 1, 0, 0, 25.00%, 0, 0, 1, 325.56, 68176, 2
214, 20, 0, 1, 0, 0, 25.00%, 0, 0, 1, 323.85, 69830, 2
219, 20, 0, 1, 0, 0, 25.00%, 0, 0, 1, 324.70, 71479, 2
225, 21, 0, 1, 0, 0, 25.00%, 0, 0, 1, 325.04, 73145, 2
226, 21, 0, 1, 0, 0, 25.00%, 1, 0, 1, 315.21, 73456, 2
