# relative_time, cycles_done, cur_item, corpus_count, pending_total, pending_favs, map_size, saved_crashes, saved_hangs, max_depth, execs_per_sec, total_execs, edges_found
61, 9, 0, 3, 0, 0, 32.26%, 0, 0, 2, 322.59, 20209, 10
67, 10, 0, 3, 0, 0, 32.26%, 0, 0, 2, 326.23, 21912, 10
72, 10, 0, 3, 0, 0, 32.26%, 0, 0, 2, 322.78, 23576, 10
77, 11, 0, 3, 0, 0, 32.26%, 0, 0, 2, 326.29, 25252, 10
82, 11, 2, 3, 0, 0, 32.26%, 0, 0, 2, 325.30, 26916, 10
87, 12, 2, 3, 0, 0, 32.26%, 0, 0, 2, 325.83, 28595, 10
92, 13, 2, 3, 0, 0, 32.26%, 0, 0, 2, 322.97, 30256, 10
97, 14, 2, 3, 0, 0, 32.26%, 0, 0, 2, 329.48, 31921, 10
103, 15, 2, 3, 0, 0, 32.26%, 0, 0, 2, 331.57, 33643, 10
108, 16, 2, 3, 0, 0, 32.26%, 0, 0, 2, 325.44, 35334, 10
113, 17, 2, 3, 0, 0, 32.26%, 0, 0, 2, 329.68, 36993, 10
118, 18, 0, 3, 0, 0, 32.26%, 0, 0, 2, 327.19, 38685, 10
123, 19, 2, 3, 0, 0, 32.26%, 0, 0, 2, 328.58, 40385, 10
128, 20, 0, 3, 0, 0, 32.26%, 0, 0, 2, 326.74, 42080, 10
133, 21, 2, 3, 0, 0, 32.26%, 0, 0, 2, 327.51, 43771, 10
138, 22, 0, 3, 0, 0, 32.26%, 0, 0, 2, 319.11, 45358, 10
144, 22, 0, 3, 0, 0, 32.26%, 0, 0, 2, 321.95, 47022, 10
149, 23, 2, 3, 0, 0, 32.26%, 0, 0, 2, 326.74, 48716, 10
154, 24, 2, 3, 0, 0, 32.26%, 0, 0, 2, 325.22, 50404, 10
159, 24, 1, 3, 0, 0, 32.26%, 0, 0, 2, 322.69, 52077, 10
164, 25, 0, 3, 0, 0, 32.26%, 0, 0, 2, 320.95, 53739, 10
169, 26, 2, 3, 0, 0, 32.26%, 0, 0, 2, 326.93, 55382, 10
174, 27, 0, 3, 0, 0, 32.26%, 0, 0, 2, 327.47, 57029, 10
180, 28, 0, 3, 0, 0, 32.26%, 0, 0, 2, 324.43, 58687, 10
185, 29, 2, 3, 0, 0, 32.26%, 0, 0, 2, 325.34, 60309, 10
190, 30, 0, 3, 0, 0, 32.26%, 0, 0, 2, 325.68, 61947, 10
195, 30, 0, 3, 0, 0, 32.26%, 0, 0, 2, 322.04, 63596, 10
200, 30, 0, 3, 0, 0, 32.26%, 0, 0, 2, 321.51, 65260, 10
205, 31, 2, 3, 0, 0, 32.26%, 0, 0, 2, 327.95, 66912, 10
210, 32, 0, 3, 0, 0, 32.26%, 0, 0, 2, 323.14, 68580, 10
215, 33, 0, 3, 0, 0, 32.26%, 0, 0, 2, 322.92, 70259, 10
220, 33, 0, 3, 0, 0, 32.26%, 0, 0, 2, 323.04, 71938, 10
226, 34, 2, 3, 0, 0, 32.26%, 0, 0, 2, 329.60, 73655, 10
231, 36, 2, 3, 0, 0, 32.26%, 0, 0, 2, 330.72, 75315, 10
236, 37, 2, 3, 0, 0, 32.26%, 0, 0, 2, 325.99, 77019, 10
238, 37, 0, 3, 0, 0, 32.26%, 1, 0, 2, 15.04, 77837, 10
