# relative_time, cycles_done, cur_item, corpus_count, pending_total, pending_favs, map_size, saved_crashes, saved_hangs, max_depth, execs_per_sec, total_execs, edges_found
61, 5, 0, 1, 0, 0, 25.00%, 0, 0, 1, 325.07, 19971, 2
66, 6, 0, 1, 0, 0, 25.00%, 0, 0, 1, 325.82, 21643, 2
71, 6, 0, 1, 0, 0, 25.00%, 0, 0, 1, 326.56, 23304, 2
76, 7, 0, 1, 0, 0, 25.00%, 0, 0, 1, 326.85, 24976, 2
81, 7, 0, 1, 0, 0, 25.00%, 0, 0, 1, 326.78, 26637, 2
86, 8, 0, 1, 0, 0, 25.00%, 0, 0, 1, 325.68, 28292, 2
91, 8, 0, 1, 0, 0, 25.00%, 0, 0, 1, 325.72, 29958, 2
97, 9, 0, 1, 0, 0, 25.00%, 0, 0, 1, 323.89, 31619, 2
102, 9, 0, 1, 0, 0, 25.00%, 0, 0, 1, 325.58, 33291, 2
107, 10, 0, 1, 0, 0, 25.00%, 0, 0, 1, 324.57, 34946, 2
112, 10, 0, 1, 0, 0, 25.00%, 0, 0, 1, 325.06, 36601, 2
117, 11, 0, 1, 0, 0, 25.00%, 0, 0, 1, 324.26, 38261, 2
122, 11, 0, 1, 0, 0, 25.00%, 0, 0, 1, 324.58, 39916, 2
127, 12, 0, 1, 0, 0, 25.00%, 0, 0, 1, 325.10, 41576, 2
132, 12, 0, 1, 0, 0, 25.00%, 0, 0, 1, 323.60, 43219, 2
137, 12, 0, 1, 0, 0, 25.00%, 0, 0, 1, 325.93, 44880, 2
143, 13, 0, 1, 0, 0, 25.00%, 0, 0, 1, 326.48, 46558, 2
148, 13, 0, 1, 0, 0, 25.00%, 0, 0, 1, 325.30, 48213, 2
153, 14, 0, 1, 0, 0, 25.00%, 0, 0, 1, 325.82, 49879, 2
158, 14, 0, 1, 0, 0, 25.00%, 0, 0, 1, 325.67, 51540, 2
163, 15, 0, 1, 0, 0, 25.00%, 0, 0, 1, 325.88, 53206, 2
168, 15, 0, 1, 0, 0, 25.00%, 0, 0, 1, 325.39, 54861, 2
173, 16, 0, 1, 0, 0, 25.00%, 0, 0, 1, 324.26, 56522, 2
178, 16, 0, 1, 0, 0, 25.00%, 0, 0, 1, 326.35, 58200, 2
183, 17, 0, 1, 0, 0, 25.00%, 0, 0, 1, 325.67, 59867, 2
189, 17, 0, 1, 0, 0, 25.00%, 0, 0, 1, 325.10, 61539, 2
194, 18, 0, 1, 0, 0, 25.00%, 1, 0, 1, 318.02, 63207, 2
