# relative_time, cycles_done, cur_item, corpus_count, pending_total, pending_favs, map_size, saved_crashes, saved_hangs, max_depth, execs_per_sec, total_execs, edges_found
61, 5, 2, 3, 1, 0, 32.26%, 0, 0, 2, 316.50, 19856, 10
66, 6, 2, 3, 1, 0, 32.26%, 0, 0, 2, 319.75, 21500, 10
72, 6, 0, 3, 1, 0, 32.26%, 0, 0, 2, 318.76, 23144, 10
77, 7, 0, 3, 1, 0, 32.26%, 0, 0, 2, 321.86, 24797, 10
82, 7, 0, 3, 1, 0, 32.26%, 0, 0, 2, 321.27, 26446, 10
87, 8, 2, 3, 0, 0, 32.26%, 0, 0, 2, 321.31, 28105, 10
92, 9, 2, 3, 0, 0, 32.26%, 0, 0, 2, 321.72, 29770, 10
97, 10, 2, 3, 0, 0, 32.26%, 0, 0, 2, 320.22, 31426, 10
103, 11, 2, 3, 0, 0, 32.26%, 0, 0, 2, 321.22, 33094, 10
108, 13, 2, 3, 0, 0, 32.26%, 0, 0, 2, 321.65, 34762, 10
113, 14, 2, 3, 0, 0, 32.26%, 0, 0, 2, 319.32, 36409, 10
118, 14, 2, 3, 0, 0, 32.26%, 0, 0, 2, 317.97, 38049, 10
123, 15, 0, 3, 0, 0, 32.26%, 0, 0, 2, 320.50, 39714, 10
128, 15, 0, 3, 0, 0, 32.26%, 0, 0, 2, 320.84, 41363, 10
134, 16, 2, 3, 0, 0, 32.26%, 0, 0, 2, 321.43, 43024, 10
139, 17, 0, 3, 0, 0, 32.26%, 0, 0, 2, 321.46, 44679, 10
144, 18, 1, 3, 0, 0, 32.26%, 0, 0, 2, 319.85, 46328, 10
149, 18, 0, 3, 0, 0, 32.26%, 0, 0, 2, 321.51, 47987, 10
154, 19, 0, 3, 0, 0, 32.26%, 0, 0, 2, 322.19, 49642, 10
159, 20, 2, 3, 0, 0, 32.26%, 0, 0, 2, 322.66, 51300, 10
164, 20, 2, 3, 0, 0, 32.26%, 0, 0, 2, 322.26, 52943, 10
170, 21, 0, 3, 0, 0, 32.26%, 0, 0, 2, 320.00, 54596, 10
175, 22, 0, 3, 0, 0, 32.26%, 0, 0, 2, 321.52, 56254, 10
175, 22, 0, 3, 0, 0, 32.26%, 1, 0, 2, 305.78, 56467, 10
