# relative_time, cycles_done, cur_item, corpus_count, pending_total, pending_favs, map_size, saved_crashes, saved_hangs, max_depth, execs_per_sec, total_execs, edges_found
61, 8, 0, 3, 0, 0, 36.00%, 0, 0, 2, 322.47, 19951, 9
66, 9, 2, 3, 0, 0, 36.00%, 0, 0, 2, 320.76, 21597, 9
72, 9, 0, 3, 0, 0, 36.00%, 0, 0, 2, 320.71, 23245, 9
77, 10, 0, 3, 0, 0, 36.00%, 0, 0, 2, 321.44, 24898, 9
82, 11, 1, 3, 0, 0, 36.00%, 0, 0, 2, 323.92, 26559, 9
87, 12, 0, 3, 0, 0, 36.00%, 0, 0, 2, 323.23, 28221, 9
92, 12, 1, 3, 0, 0, 36.00%, 0, 0, 2, 322.95, 29885, 9
97, 13, 2, 3, 0, 0, 36.00%, 0, 0, 2, 323.24, 31557, 9
102, 14, 1, 3, 0, 0, 36.00%, 0, 0, 2, 323.33, 33221, 9
108, 15, 2, 3, 0, 0, 36.00%, 0, 0, 2, 322.96, 34872, 9
113, 15, 1, 3, 0, 0, 36.00%, 0, 0, 2, 322.76, 36525, 9
118, 16, 1, 3, 0, 0, 36.00%, 0, 0, 2, 322.44, 38180, 9
123, 17, 0, 3, 0, 0, 36.00%, 0, 0, 2, 321.94, 39840, 9
128, 17, 1, 3, 0, 0, 36.00%, 0, 0, 2, 322.65, 41496, 9
133, 18, 2, 3, 0, 0, 36.00%, 0, 0, 2, 322.65, 43155, 9
138, 19, 1, 3, 0, 0, 36.00%, 0, 0, 2, 323.60, 44813, 9
144, 20, 1, 3, 0, 0, 36.00%, 0, 0, 2, 323.92, 46485, 9
149, 21, 1, 3, 0, 0, 36.00%, 0, 0, 2, 321.76, 48157, 9
154, 22, 1, 3, 0, 0, 36.00%, 0, 0, 2, 321.89, 49812, 9
159, 23, 1, 3, 0, 0, 36.00%, 0, 0, 2, 324.46, 51495, 9
164, 24, 1, 3, 0, 0, 36.00%, 0, 0, 2, 323.78, 53169, 9
169, 25, 1, 3, 0, 0, 36.00%, 0, 0, 2, 323.20, 54835, 9
175, 25, 1, 3, 0, 0, 36.00%, 0, 0, 2, 322.10, 56496, 9
180, 26, 0, 3, 0, 0, 36.00%, 0, 0, 2, 322.14, 58154, 9
185, 27, 1, 3, 0, 0, 36.00%, 0, 0, 2, 322.77, 59809, 9
190, 28, 1, 3, 0, 0, 36.00%, 0, 0, 2, 321.67, 61475, 9
195, 29, 1, 3, 0, 0, 36.00%, 0, 0, 2, 324.61, 63152, 9
200, 30, 0, 3, 0, 0, 36.00%, 0, 0, 2, 322.90, 64815, 9
206, 30, 1, 3, 0, 0, 36.00%, 0, 0, 2, 322.03, 66465, 9
211, 31, 2, 3, 0, 0, 36.00%, 0, 0, 2, 321.75, 68120, 9
216, 31, 1, 3, 0, 0, 36.00%, 0, 0, 2, 321.97, 69773, 9
221, 32, 2, 3, 0, 0, 36.00%, 0, 0, 2, 321.86, 71442, 9
226, 33, 0, 3, 0, 0, 36.00%, 0, 0, 2, 322.62, 73103, 9
231, 33, 0, 3, 0, 0, 36.00%, 0, 0, 2, 320.64, 74746, 9
236, 33, 0, 3, 0, 0, 36.00%, 0, 0, 2, 310.45, 76347, 9
242, 34, 1, 3, 0, 0, 36.00%, 0, 0, 2, 320.67, 78012, 9
247, 35, 0, 3, 0, 0, 36.00%, 0, 0, 2, 321.84, 79678, 9
252, 35, 0, 3, 0, 0, 36.00%, 0, 0, 2, 319.86, 81321, 9
257, 36, 0, 3, 0, 0, 36.00%, 0, 0, 2, 324.12, 82989, 9
262, 37, 2, 3, 0, 0, 36.00%, 0, 0, 2, 322.80, 84644, 9
267, 37, 1, 3, 0, 0, 36.00%, 0, 0, 2, 323.08, 86307, 9
272, 38, 1, 3, 0, 0, 36.00%, 0, 0, 2, 322.76, 87965, 9
278, 39, 2, 3, 0, 0, 36.00%, 0, 0, 2, 324.43, 89633, 9
283, 40, 2, 3, 0, 0, 36.00%, 0, 0, 2, 322.11, 91299, 9
288, 41, 0, 3, 0, 0, 36.00%, 0, 0, 2, 322.54, 92960, 9
293, 41, 2, 3, 0, 0, 36.00%, 0, 0, 2, 322.26, 94618, 9
298, 42, 1, 3, 0, 0, 36.00%, 0, 0, 2, 321.33, 96270, 9
303, 43, 0, 3, 0, 0, 36.00%, 0, 0, 2, 320.76, 97928, 9
309, 43, 1, 3, 0, 0, 36.00%, 0, 0, 2, 318.71, 99563, 9
314, 44, 2, 3, 0, 0, 36.00%, 0, 0, 2, 321.49, 101220, 9
319, 45, 2, 3, 0, 0, 36.00%, 0, 0, 2, 321.90, 102873, 9
324, 45, 0, 3, 0, 0, 36.00%, 0, 0, 2, 321.54, 104534, 9
329, 46, 1, 3, 0, 0, 36.00%, 0, 0, 2, 321.13, 106189, 9
334, 47, 1, 3, 0, 0, 36.00%, 0, 0, 2, 323.83, 107861, 9
339, 48, 0, 3, 0, 0, 36.00%, 0, 0, 2, 320.66, 109518, 9
345, 48, 1, 3, 0, 0, 36.00%, 0, 0, 2, 321.30, 111173, 9
350, 49, 1, 3, 0, 0, 36.00%, 0, 0, 2, 321.99, 112834, 9
355, 49, 1, 3, 0, 0, 36.00%, 0, 0, 2, 321.13, 114489, 9
360, 50, 0, 3, 0, 0, 36.00%, 0, 0, 2, 321.11, 116148, 9
365, 51, 1, 3, 0, 0, 36.00%, 0, 0, 2, 322.14, 117801, 9
370, 51, 0, 3, 0, 0, 36.00%, 0, 0, 2, 320.84, 119456, 9
376, 52, 2, 3, 0, 0, 36.00%, 0, 0, 2, 318.90, 121096, 9
381, 52, 0, 3, 0, 0, 36.00%, 0, 0, 2, 319.13, 122742, 9
386, 53, 1, 3, 0, 0, 36.00%, 0, 0, 2, 323.84, 124403, 9
391, 54, 1, 3, 0, 0, 36.00%, 0, 0, 2, 323.09, 126066, 9
396, 55, 1, 3, 0, 0, 36.00%, 0, 0, 2, 322.37, 127721, 9
401, 56, 0, 3, 0, 0, 36.00%, 0, 0, 2, 323.29, 129393, 9
406, 56, 1, 3, 0, 0, 36.00%, 0, 0, 2, 322.27, 131039, 9
412, 57, 2, 3, 0, 0, 36.00%, 0, 0, 2, 322.12, 132703, 9
417, 58, 2, 3, 0, 0, 36.00%, 0, 0, 2, 322.05, 134360, 9
422, 59, 0, 3, 0, 0, 36.00%, 0, 0, 2, 321.50, 136020, 9
427, 59, 1, 3, 0, 0, 36.00%, 0, 0, 2, 323.32, 137681, 9
432, 60, 0, 3, 0, 0, 36.00%, 0, 0, 2, 321.49, 139331, 9
437, 61, 2, 3, 0, 0, 36.00%, 0, 0, 2, 321.76, 140987, 9
443, 61, 0, 3, 0, 0, 36.00%, 0, 0, 2, 320.85, 142638, 9
448, 62, 0, 3, 0, 0, 36.00%, 0, 0, 2, 320.77, 144289, 9
453, 62, 0, 3, 0, 0, 36.00%, 0, 0, 2, 321.14, 145938, 9
458, 62, 0, 3, 0, 0, 36.00%, 0, 0, 2, 321.65, 147588, 9
463, 63, 0, 3, 0, 0, 36.00%, 0, 0, 2, 320.20, 149237, 9
468, 63, 0, 3, 0, 0, 36.00%, 0, 0, 2, 319.67, 150883, 9
473, 64, 2, 3, 0, 0, 36.00%, 0, 0, 2, 321.73, 152539, 9
479, 65, 2, 3, 0, 0, 36.00%, 0, 0, 2, 322.30, 154199, 9
484, 65, 0, 3, 0, 0, 36.00%, 0, 0, 2, 321.60, 155862, 9
489, 66, 0, 3, 0, 0, 36.00%, 0, 0, 2, 320.91, 157520, 9
494, 66, 0, 3, 0, 0, 36.00%, 0, 0, 2, 321.47, 159175, 9
499, 67, 1, 3, 0, 0, 36.00%, 0, 0, 2, 321.82, 160826, 9
504, 68, 0, 3, 0, 0, 36.00%, 0, 0, 2, 320.43, 162484, 9
509, 68, 1, 3, 0, 0, 36.00%, 0, 0, 2, 322.80, 164142, 9
515, 69, 1, 3, 0, 0, 36.00%, 0, 0, 2, 322.49, 165814, 9
520, 70, 0, 3, 0, 0, 36.00%, 0, 0, 2, 321.56, 167476, 9
525, 70, 0, 3, 0, 0, 36.00%, 0, 0, 2, 320.02, 169119, 9
530, 71, 0, 3, 0, 0, 36.00%, 0, 0, 2, 321.15, 170772, 9
535, 71, 1, 3, 0, 0, 36.00%, 0, 0, 2, 319.70, 172417, 9
540, 72, 1, 3, 0, 0, 36.00%, 0, 0, 2, 321.42, 174080, 9
546, 73, 1, 3, 0, 0, 36.00%, 0, 0, 2, 321.63, 175735, 9
551, 73, 1, 3, 0, 0, 36.00%, 0, 0, 2, 318.71, 177384, 9
556, 74, 2, 3, 0, 0, 36.00%, 0, 0, 2, 321.11, 179046, 9
561, 75, 1, 3, 0, 0, 36.00%, 0, 0, 2, 320.71, 180702, 9
566, 75, 2, 3, 0, 0, 36.00%, 0, 0, 2, 321.54, 182365, 9
571, 76, 1, 3, 0, 0, 36.00%, 0, 0, 2, 321.44, 184012, 9
576, 76, 0, 3, 0, 0, 36.00%, 0, 0, 2, 320.78, 185672, 9
582, 77, 2, 3, 0, 0, 36.00%, 0, 0, 2, 322.19, 187336, 9
587, 78, 0, 3, 0, 0, 36.00%, 0, 0, 2, 320.01, 188983, 9
592, 78, 1, 3, 0, 0, 36.00%, 0, 0, 2, 322.59, 190644, 9
597, 79, 1, 3, 0, 0, 36.00%, 0, 0, 2, 322.57, 192312, 9
602, 80, 2, 3, 0, 0, 36.00%, 0, 0, 2, 323.85, 193989, 9
607, 81, 0, 3, 0, 0, 36.00%, 0, 0, 2, 321.01, 195640, 9
613, 82, 2, 3, 0, 0, 36.00%, 0, 0, 2, 318.81, 197290, 9
618, 82, 1, 3, 0, 0, 36.00%, 0, 0, 2, 322.13, 198945, 9
623, 83, 1, 3, 0, 0, 36.00%, 0, 0, 2, 322.03, 200617, 9
628, 84, 1, 3, 0, 0, 36.00%, 0, 0, 2, 320.46, 202281, 9
629, 84, 1, 3, 0, 0, 36.00%, 1, 0, 2, 34.01, 202619, 9
