# relative_time, cycles_done, cur_item, corpus_count, pending_total, pending_favs, map_size, saved_crashes, saved_hangs, max_depth, execs_per_sec, total_execs, edges_found
61, 8, 1, 3, 0, 0, 32.26%, 0, 0, 2, 326.20, 19959, 10
66, 9, 0, 3, 0, 0, 32.26%, 0, 0, 2, 320.92, 21621, 10
71, 10, 2, 3, 0, 0, 32.26%, 0, 0, 2, 326.34, 23318, 10
76, 11, 0, 3, 0, 0, 32.26%, 0, 0, 2, 323.08, 24977, 10
82, 12, 2, 3, 0, 0, 32.26%, 0, 0, 2, 326.15, 26668, 10
87, 13, 0, 3, 0, 0, 32.26%, 0, 0, 2, 323.39, 28351, 10
92, 14, 0, 3, 0, 0, 32.26%, 0, 0, 2, 313.84, 29955, 10
97, 15, 2, 3, 0, 0, 32.26%, 0, 0, 2, 324.29, 31640, 10
102, 15, 0, 3, 0, 0, 32.26%, 0, 0, 2, 323.90, 33314, 10
107, 16, 1, 3, 0, 0, 32.26%, 0, 0, 2, 325.40, 34999, 10
113, 17, 2, 3, 0, 0, 32.26%, 0, 0, 2, 324.65, 36663, 10
118, 18, 0, 3, 0, 0, 32.26%, 0, 0, 2, 322.96, 38349, 10
123, 19, 2, 3, 0, 0, 32.26%, 0, 0, 2, 325.66, 40013, 10
128, 20, 0, 3, 0, 0, 32.26%, 0, 0, 2, 327.18, 41711, 10
133, 21, 2, 3, 0, 0, 32.26%, 0, 0, 2, 324.85, 43375, 10
138, 21, 2, 3, 0, 0, 32.26%, 0, 0, 2, 322.65, 45042, 10
144, 22, 0, 3, 0, 0, 32.26%, 0, 0, 2, 322.75, 46707, 10
149, 23, 2, 3, 0, 0, 32.26%, 0, 0, 2, 327.09, 48392, 10
154, 24, 0, 3, 0, 0, 32.26%, 0, 0, 2, 325.71, 50093, 10
159, 24, 0, 3, 0, 0, 32.26%, 0, 0, 2, 322.91, 51751, 10
164, 25, 0, 3, 0, 0, 32.26%, 0, 0, 2, 321.63, 53415, 10
169, 26, 2, 3, 0, 0, 32.26%, 0, 0, 2, 328.09, 55118, 10
175, 26, 2, 3, 0, 0, 32.26%, 0, 0, 2, 323.18, 56791, 10
180, 28, 0, 3, 0, 0, 32.26%, 0, 0, 2, 328.78, 58483, 10
185, 28, 2, 3, 0, 0, 32.26%, 0, 0, 2, 326.01, 60099, 10
190, 29, 0, 3, 0, 0, 32.26%, 0, 0, 2, 323.92, 61772, 10
195, 29, 0, 3, 0, 0, 32.26%, 0, 0, 2, 325.36, 63445, 10
200, 29, 0, 3, 0, 0, 32.26%, 0, 0, 2, 321.29, 65094, 10
205, 30, 0, 3, 0, 0, 32.26%, 0, 0, 2, 320.76, 66743, 10
210, 31, 0, 3, 0, 0, 32.26%, 0, 0, 2, 330.38, 68395, 10
215, 31, 2, 3, 0, 0, 32.26%, 0, 0, 2, 334.64, 70077, 10
221, 32, 0, 3, 0, 0, 32.26%, 0, 0, 2, 338.42, 71787, 10
226, 33, 2, 3, 0, 0, 32.26%, 0, 0, 2, 337.40, 73466, 10
231, 34, 0, 3, 0, 0, 32.26%, 0, 0, 2, 334.52, 75149, 10
236, 35, 0, 3, 0, 0, 32.26%, 0, 0, 2, 335.71, 76855, 10
241, 36, 0, 3, 0, 0, 32.26%, 0, 0, 2, 327.93, 78537, 10
246, 36, 2, 3, 0, 0, 32.26%, 0, 0, 2, 324.64, 80207, 10
251, 37, 2, 3, 0, 0, 32.26%, 0, 0, 2, 323.35, 81868, 10
256, 38, 2, 3, 0, 0, 32.26%, 0, 0, 2, 325.25, 83521, 10
261, 39, 2, 3, 0, 0, 32.26%, 0, 0, 2, 328.10, 85222, 10
267, 40, 0, 3, 0, 0, 32.26%, 0, 0, 2, 326.54, 86917, 10
272, 41, 2, 3, 0, 0, 32.26%, 0, 0, 2, 326.49, 88602, 10
277, 42, 0, 3, 0, 0, 32.26%, 0, 0, 2, 320.78, 90249, 10
282, 43, 2, 3, 0, 0, 32.26%, 0, 0, 2, 326.51, 91889, 10
287, 44, 0, 3, 0, 0, 32.26%, 0, 0, 2, 326.02, 93590, 10
292, 45, 2, 3, 0, 0, 32.26%, 0, 0, 2, 325.07, 95269, 10
297, 46, 2, 3, 0, 0, 32.26%, 0, 0, 2, 328.10, 96916, 10
302, 47, 2, 3, 0, 0, 32.26%, 0, 0, 2, 327.31, 98602, 10
307, 49, 2, 3, 0, 0, 32.26%, 0, 0, 2, 327.33, 100249, 10
313, 50, 2, 3, 0, 0, 32.26%, 0, 0, 2, 328.71, 101944, 10
318, 51, 2, 3, 0, 0, 32.26%, 0, 0, 2, 321.81, 103605, 10
323, 51, 0, 3, 0, 0, 32.26%, 0, 0, 2, 322.12, 105279, 10
328, 52, 0, 3, 0, 0, 32.26%, 0, 0, 2, 321.39, 106940, 10
333, 53, 2, 3, 0, 0, 32.26%, 0, 0, 2, 326.66, 108631, 10
338, 54, 0, 3, 0, 0, 32.26%, 0, 0, 2, 327.62, 110335, 10
344, 55, 2, 3, 0, 0, 32.26%, 0, 0, 2, 323.60, 111999, 10
349, 56, 2, 3, 0, 0, 32.26%, 0, 0, 2, 328.85, 113714, 10
354, 57, 0, 3, 0, 0, 32.26%, 0, 0, 2, 324.68, 115386, 10
359, 58, 2, 3, 0, 0, 32.26%, 1, 0, 2, 318.79, 117003, 10
