# relative_time, cycles_done, cur_item, corpus_count, pending_total, pending_favs, map_size, saved_crashes, saved_hangs, max_depth, execs_per_sec, total_execs, edges_found
61, 5, 0, 1, 0, 0, 25.00%, 0, 0, 1, 324.48, 20049, 2
66, 6, 0, 1, 0, 0, 25.00%, 0, 0, 1, 325.33, 21721, 2
71, 6, 0, 1, 0, 0, 25.00%, 0, 0, 1, 321.01, 23370, 2
76, 7, 0, 1, 0, 0, 25.00%, 0, 0, 1, 321.47, 25012, 2
82, 7, 0, 1, 0, 0, 25.00%, 0, 0, 1, 324.65, 26685, 2
87, 8, 0, 1, 0, 0, 25.00%, 0, 0, 1, 325.58, 28340, 2
92, 8, 0, 1, 0, 0, 25.00%, 0, 0, 1, 324.18, 30000, 2
97, 9, 0, 1, 0, 0, 25.00%, 0, 0, 1, 318.54, 31631, 2
102, 9, 0, 1, 0, 0, 25.00%, 0, 0, 1, 322.55, 33279, 2
107, 10, 0, 1, 0, 0, 25.00%, 0, 0, 1, 324.58, 34934, 2
112, 10, 0, 1, 0, 0, 25.00%, 0, 0, 1, 325.34, 36595, 2
117, 11, 0, 1, 0, 0, 25.00%, 0, 0, 1, 325.99, 38261, 2
122, 11, 0, 1, 0, 0, 25.00%, 0, 0, 1, 319.17, 39904, 2
128, 12, 0, 1, 0, 0, 25.00%, 0, 0, 1, 323.61, 41558, 2
133, 12, 0, 1, 0, 0, 25.00%, 0, 0, 1, 324.05, 43213, 2
138, 12, 0, 1, 0, 0, 25.00%, 0, 0, 1, 325.93, 44886, 2
143, 13, 0, 1, 0, 0, 25.00%, 0, 0, 1, 325.05, 46552, 2
148, 13, 0, 1, 0, 0, 25.00%, 0, 0, 1, 325.62, 48213, 2
153, 14, 0, 1, 0, 0, 25.00%, 0, 0, 1, 325.49, 49879, 2
158, 14, 0, 1, 0, 0, 25.00%, 0, 0, 1, 325.50, 51552, 2
163, 15, 0, 1, 0, 0, 25.00%, 0, 0, 1, 325.77, 53206, 2
169, 15, 0, 1, 0, 0, 25.00%, 0, 0, 1, 324.81, 54867, 2
174, 16, 0, 1, 0, 0, 25.00%, 0, 0, 1, 325.49, 56534, 2
179, 16, 0, 1, 0, 0, 25.00%, 0, 0, 1, 326.69, 58206, 2
184, 17, 0, 1, 0, 0, 25.00%, 0, 0, 1, 326.46, 59861, 2
189, 17, 0, 1, 0, 0, 25.00%, 0, 0, 1, 326.34, 61515, 2
194, 18, 0, 1, 0, 0, 25.00%, 0, 0, 1, 325.77, 63188, 2
199, 18, 0, 1, 0, 0, 25.00%, 0, 0, 1, 325.61, 64855, 2
204, 19, 0, 1, 0, 0, 25.00%, 0, 0, 1, 325.18, 66509, 2
209, 19, 0, 1, 0, 0, 25.00%, 0, 0, 1, 324.95, 68170, 2
215, 20, 0, 1, 0, 0, 25.00%, 0, 0, 1, 325.15, 69836, 2
220, 20, 0, 1, 0, 0, 25.00%, 0, 0, 1, 325.63, 71503, 2
225, 21, 0, 1, 0, 0, 25.00%, 0, 0, 1, 324.80, 73157, 2
230, 21, 0, 1, 0, 0, 25.00%, 0, 0, 1, 326.22, 74842, 2
235, 21, 0, 1, 0, 0, 25.00%, 0, 0, 1, 325.93, 76503, 2
240, 22, 0, 1, 0, 0, 25.00%, 0, 0, 1, 325.48, 78163, 2
245, 22, 0, 1, 0, 0, 25.00%, 0, 0, 1, 324.81, 79824, 2
250, 23, 0, 1, 0, 0, 25.00%, 0, 0, 1, 324.92, 81484, 2
255, 23, 0, 1, 0, 0, 25.00%, 0, 0, 1, 325.82, 83139, 2
261, 24, 0, 1, 0, 0, 25.00%, 0, 0, 1, 325.19, 84806, 2
266, 24, 0, 1, 0, 0, 25.00%, 0, 0, 1, 325.61, 86466, 2
271, 25, 0, 1, 0, 0, 25.00%, 0, 0, 1, 325.06, 88133, 2
276, 25, 0, 1, 0, 0, 25.00%, 0, 0, 1, 323.63, 89787, 2
281, 26, 0, 1, 0, 0, 25.00%, 0, 0, 1, 325.19, 91454, 2
286, 26, 0, 1, 0, 0, 25.00%, 0, 0, 1, 325.05, 93120, 2
291, 27, 0, 1, 0, 0, 25.00%, 0, 0, 1, 325.22, 94781, 2
296, 27, 0, 1, 0, 0, 25.00%, 0, 0, 1, 326.28, 96436, 2
301, 28, 0, 1, 0, 0, 25.00%, 0, 0, 1, 325.29, 98108, 2
307, 28, 0, 1, 0, 0, 25.00%, 0, 0, 1, 324.03, 99775, 2
312, 29, 0, 1, 0, 0, 25.00%, 0, 0, 1, 325.66, 101441, 2
317, 29, 0, 1, 0, 0, 25.00%, 0, 0, 1, 324.29, 103114, 2
322, 29, 0, 1, 0, 0, 25.00%, 0, 0, 1, 325.72, 104769, 2
325, 30, 0, 1, 0, 0, 25.00%, 1, 0, 1, 316.63, 105887, 2
