# relative_time, cycles_done, cur_item, corpus_count, pending_total, pending_favs, map_size, saved_crashes, saved_hangs, max_depth, execs_per_sec, total_execs, edges_found
61, 5, 0, 1, 0, 0, 25.00%, 0, 0, 1, 325.34, 20037, 2
66, 6, 0, 1, 0, 0, 25.00%, 0, 0, 1, 324.54, 21697, 2
71, 6, 0, 1, 0, 0, 25.00%, 0, 0, 1, 324.69, 23346, 2
76, 7, 0, 1, 0, 0, 25.00%, 0, 0, 1, 325.55, 25012, 2
82, 7, 0, 1, 0, 0, 25.00%, 0, 0, 1, 324.42, 26673, 2
87, 8, 0, 1, 0, 0, 25.00%, 0, 0, 1, 323.86, 28334, 2
92, 8, 0, 1, 0, 0, 25.00%, 0, 0, 1, 324.81, 29988, 2
97, 9, 0, 1, 0, 0, 25.00%, 0, 0, 1, 324.91, 31643, 2
102, 9, 0, 1, 0, 0, 25.00%, 0, 0, 1, 324.51, 33303, 2
107, 10, 0, 1, 0, 0, 25.00%, 0, 0, 1, 324.58, 34964, 2
112, 10, 0, 1, 0, 0, 25.00%, 0, 0, 1, 324.96, 36625, 2
117, 11, 0, 1, 0, 0, 25.00%, 0, 0, 1, 326.19, 38309, 2
122, 11, 0, 1, 0, 0, 25.00%, 0, 0, 1, 326.72, 39976, 2
128, 12, 0, 1, 0, 0, 25.00%, 0, 0, 1, 325.73, 41630, 2
133, 12, 0, 1, 0, 0, 25.00%, 0, 0, 1, 324.94, 43309, 2
138, 13, 0, 1, 0, 0, 25.00%, 0, 0, 1, 325.54, 44975, 2
143, 13, 0, 1, 0, 0, 25.00%, 0, 0, 1, 325.57, 46624, 2
148, 13, 0, 1, 0, 0, 25.00%, 0, 0, 1, 324.29, 48279, 2
153, 14, 0, 1, 0, 0, 25.00%, 0, 0, 1, 324.78, 49945, 2
158, 14, 0, 1, 0, 0, 25.00%, 0, 0, 1, 325.17, 51606, 2
163, 15, 0, 1, 0, 0, 25.00%, 0, 0, 1, 325.01, 53266, 2
168, 15, 0, 1, 0, 0, 25.00%, 0, 0, 1, 325.53, 54927, 2
174, 16, 0, 1, 0, 0, 25.00%, 0, 0, 1, 317.34, 56570, 2
179, 16, 0, 1, 0, 0, 25.00%, 0, 0, 1, 322.11, 58224, 2
184, 17, 0, 1, 0, 0, 25.00%, 0, 0, 1, 324.13, 59873, 2
189, 17, 0, 1, 0, 0, 25.00%, 0, 0, 1, 325.90, 61539, 2
194, 18, 0, 1, 0, 0, 25.00%, 0, 0, 1, 324.75, 63188, 2
199, 18, 0, 1, 0, 0, 25.00%, 0, 0, 1, 319.75, 64819, 2
204, 19, 0, 1, 0, 0, 25.00%, 0, 0, 1, 323.36, 66479, 2
209, 19, 0, 1, 0, 0, 25.00%, 0, 0, 1, 325.50, 68146, 2
214, 20, 0, 1, 0, 0, 25.00%, 0, 0, 1, 325.34, 69806, 2
220, 20, 0, 1, 0, 0, 25.00%, 0, 0, 1, 325.37, 71473, 2
225, 21, 0, 1, 0, 0, 25.00%, 0, 0, 1, 325.21, 73139, 2
230, 21, 0, 1, 0, 0, 25.00%, 0, 0, 1, 324.22, 74800, 2
235, 21, 0, 1, 0, 0, 25.00%, 0, 0, 1, 325.17, 76455, 2
240, 22, 0, 1, 0, 0, 25.00%, 0, 0, 1, 325.93, 78115, 2
245, 22, 0, 1, 0, 0, 25.00%, 0, 0, 1, 325.55, 79776, 2
250, 23, 0, 1, 0, 0, 25.00%, 0, 0, 1, 325.48, 81442, 2
255, 23, 0, 1, 0, 0, 25.00%, 0, 0, 1, 325.87, 83103, 2
260, 24, 0, 1, 0, 0, 25.00%, 0, 0, 1, 324.34, 84758, 2
266, 24, 0, 1, 0, 0, 25.00%, 0, 0, 1, 326.02, 86418, 2
271, 25, 0, 1, 0, 0, 25.00%, 0, 0, 1, 324.86, 88067, 2
276, 25, 0, 1, 0, 0, 25.00%, 0, 0, 1, 326.12, 89745, 2
281, 26, 0, 1, 0, 0, 25.00%, 0, 0, 1, 325.57, 91406, 2
286, 26, 0, 1, 0, 0, 25.00%, 1, 0, 1, 316.78, 92915, 2
