# relative_time, cycles_done, cur_item, corpus_count, pending_total, pending_favs, map_size, saved_crashes, saved_hangs, max_depth, execs_per_sec, total_execs, edges_found
61, 9, 2, 3, 0, 0, 30.43%, 0, 0, 2, 329.11, 20204, 7
66, 10, 2, 3, 0, 0, 30.43%, 0, 0, 2, 327.74, 21884, 7
71, 11, 2, 3, 0, 0, 30.43%, 0, 0, 2, 328.34, 23584, 7
77, 11, 2, 3, 0, 0, 30.43%, 0, 0, 2, 327.76, 25272, 7
82, 12, 2, 3, 0, 0, 30.43%, 0, 0, 2, 327.69, 26954, 7
87, 13, 2, 3, 0, 0, 30.43%, 0, 0, 2, 327.59, 28634, 7
92, 14, 2, 3, 0, 0, 30.43%, 0, 0, 2, 327.71, 30316, 7
97, 15, 0, 3, 0, 0, 30.43%, 0, 0, 2, 327.39, 31996, 7
99, 15, 0, 3, 0, 0, 30.43%, 1, 0, 2, 318.38, 32451, 7
