# relative_time, cycles_done, cur_item, corpus_count, pending_total, pending_favs, map_size, saved_crashes, saved_hangs, max_depth, execs_per_sec, total_execs, edges_found
61, 5, 0, 1, 0, 0, 25.00%, 0, 0, 1, 322.80, 19833, 2
66, 6, 0, 1, 0, 0, 25.00%, 0, 0, 1, 323.27, 21487, 2
71, 6, 0, 1, 0, 0, 25.00%, 0, 0, 1, 323.46, 23142, 2
76, 7, 0, 1, 0, 0, 25.00%, 0, 0, 1, 324.58, 24803, 2
81, 7, 0, 1, 0, 0, 25.00%, 0, 0, 1, 323.66, 26463, 2
86, 8, 0, 1, 0, 0, 25.00%, 0, 0, 1, 324.34, 28118, 2
92, 8, 0, 1, 0, 0, 25.00%, 0, 0, 1, 323.39, 29778, 2
97, 9, 0, 1, 0, 0, 25.00%, 0, 0, 1, 323.07, 31427, 2
102, 9, 0, 1, 0, 0, 25.00%, 0, 0, 1, 323.44, 33076, 2
107, 10, 0, 1, 0, 0, 25.00%, 0, 0, 1, 323.12, 34730, 2
112, 10, 0, 1, 0, 0, 25.00%, 0, 0, 1, 323.69, 36385, 2
117, 11, 0, 1, 0, 0, 25.00%, 0, 0, 1, 323.59, 38033, 2
122, 11, 0, 1, 0, 0, 25.00%, 0, 0, 1, 321.88, 39688, 2
126, 11, 0, 1, 0, 0, 25.00%, 1, 0, 1, 308.76, 40826, 2
