# relative_time, cycles_done, cur_item, corpus_count, pending_total, pending_favs, map_size, saved_crashes, saved_hangs, max_depth, execs_per_sec, total_execs, edges_found
61, 10, 0, 3, 0, 0, 32.26%, 0, 0, 2, 322.99, 20077, 10
66, 11, 0, 3, 0, 0, 32.26%, 0, 0, 2, 325.52, 21771, 10
71, 11, 2, 3, 0, 0, 32.26%, 0, 0, 2, 323.67, 23432, 10
76, 13, 2, 3, 0, 0, 32.26%, 0, 0, 2, 329.94, 25103, 10
81, 14, 2, 3, 0, 0, 32.26%, 0, 0, 2, 330.44, 26756, 10
87, 15, 0, 3, 0, 0, 32.26%, 0, 0, 2, 326.08, 28457, 10
92, 16, 2, 3, 0, 0, 32.26%, 0, 0, 2, 326.50, 30142, 10
97, 17, 2, 3, 0, 0, 32.26%, 0, 0, 2, 322.96, 31806, 10
102, 17, 2, 3, 0, 0, 32.26%, 0, 0, 2, 323.65, 33470, 10
107, 18, 2, 3, 0, 0, 32.26%, 0, 0, 2, 324.65, 35149, 10
112, 19, 0, 3, 0, 0, 32.26%, 0, 0, 2, 327.06, 36847, 10
118, 20, 2, 3, 0, 0, 32.26%, 0, 0, 2, 327.47, 38532, 10
123, 21, 2, 3, 0, 0, 32.26%, 0, 0, 2, 329.47, 40185, 10
128, 21, 0, 3, 0, 0, 32.26%, 0, 0, 2, 324.37, 41811, 10
133, 22, 0, 3, 0, 0, 32.26%, 0, 0, 2, 322.23, 43484, 10
138, 23, 2, 3, 0, 0, 32.26%, 0, 0, 2, 326.81, 45178, 10
139, 23, 0, 3, 0, 0, 32.26%, 1, 0, 2, 0.00, 45421, 10
