# relative_time, cycles_done, cur_item, corpus_count, pending_total, pending_favs, map_size, saved_crashes, saved_hangs, max_depth, execs_per_sec, total_execs, edges_found
61, 9, 1, 3, 0, 0, 36.00%, 0, 0, 2, 322.51, 20290, 9
66, 10, 1, 3, 0, 0, 36.00%, 0, 0, 2, 325.48, 21907, 9
71, 10, 0, 3, 0, 0, 36.00%, 0, 0, 2, 324.05, 23584, 9
76, 11, 1, 3, 0, 0, 36.00%, 0, 0, 2, 322.77, 25259, 9
82, 12, 0, 3, 0, 0, 36.00%, 0, 0, 2, 323.30, 26948, 9
87, 13, 1, 3, 0, 0, 36.00%, 0, 0, 2, 329.04, 28597, 9
92, 13, 0, 3, 0, 0, 36.00%, 0, 0, 2, 325.40, 30295, 9
97, 14, 1, 3, 0, 0, 36.00%, 0, 0, 2, 329.81, 31943, 9
102, 15, 2, 3, 0, 0, 36.00%, 0, 0, 2, 330.27, 33597, 9
107, 17, 1, 3, 0, 0, 36.00%, 0, 0, 2, 328.33, 35295, 9
112, 17, 0, 3, 0, 0, 36.00%, 0, 0, 2, 323.99, 36962, 9
117, 18, 1, 3, 0, 0, 36.00%, 0, 0, 2, 325.11, 38620, 9
122, 19, 1, 3, 0, 0, 36.00%, 0, 0, 2, 329.36, 40276, 9
127, 20, 0, 3, 0, 0, 36.00%, 0, 0, 2, 328.03, 41971, 9
133, 21, 0, 3, 0, 0, 36.00%, 0, 0, 2, 328.40, 43659, 9
138, 21, 2, 3, 0, 0, 36.00%, 0, 0, 2, 323.58, 45323, 9
143, 22, 0, 3, 0, 0, 36.00%, 0, 0, 2, 321.96, 46988, 9
148, 22, 0, 3, 0, 0, 36.00%, 0, 0, 2, 323.57, 48661, 9
153, 23, 0, 3, 0, 0, 36.00%, 0, 0, 2, 321.23, 50325, 9
158, 23, 1, 3, 0, 0, 36.00%, 0, 0, 2, 323.06, 51994, 9
164, 24, 0, 3, 0, 0, 36.00%, 0, 0, 2, 323.85, 53677, 9
169, 25, 0, 3, 0, 0, 36.00%, 0, 0, 2, 327.60, 55389, 9
174, 25, 2, 3, 0, 0, 36.00%, 0, 0, 2, 326.80, 57059, 9
179, 26, 0, 3, 0, 0, 36.00%, 0, 0, 2, 326.05, 58745, 9
184, 27, 0, 3, 0, 0, 36.00%, 0, 0, 2, 321.31, 60409, 9
189, 28, 1, 3, 0, 0, 36.00%, 0, 0, 2, 327.59, 62055, 9
194, 28, 0, 3, 0, 0, 36.00%, 0, 0, 2, 324.26, 63735, 9
200, 29, 1, 3, 0, 0, 36.00%, 0, 0, 2, 329.34, 65393, 9
205, 30, 2, 3, 0, 0, 36.00%, 0, 0, 2, 324.23, 67048, 9
210, 31, 0, 3, 0, 0, 36.00%, 0, 0, 2, 323.64, 68737, 9
215, 31, 1, 3, 0, 0, 36.00%, 0, 0, 2, 323.40, 70385, 9
220, 32, 0, 3, 0, 0, 36.00%, 0, 0, 2, 323.66, 72074, 9
225, 33, 1, 3, 0, 0, 36.00%, 0, 0, 2, 327.93, 73780, 9
230, 33, 0, 3, 0, 0, 36.00%, 0, 0, 2, 323.16, 75448, 9
235, 34, 1, 3, 0, 0, 36.00%, 0, 0, 2, 329.78, 77112, 9
241, 35, 0, 3, 0, 0, 36.00%, 0, 0, 2, 323.84, 78789, 9
246, 36, 0, 3, 0, 0, 36.00%, 0, 0, 2, 322.53, 80462, 9
251, 36, 0, 3, 0, 0, 36.00%, 0, 0, 2, 322.37, 82120, 9
256, 37, 2, 3, 0, 0, 36.00%, 0, 0, 2, 325.89, 83814, 9
261, 38, 2, 3, 0, 0, 36.00%, 0, 0, 2, 325.03, 85475, 9
266, 38, 0, 3, 0, 0, 36.00%, 0, 0, 2, 319.03, 87132, 9
272, 39, 0, 3, 0, 0, 36.00%, 0, 0, 2, 326.75, 88820, 9
277, 40, 0, 3, 0, 0, 36.00%, 0, 0, 2, 322.64, 90469, 9
282, 40, 1, 3, 0, 0, 36.00%, 0, 0, 2, 328.06, 92121, 9
287, 41, 0, 3, 0, 0, 36.00%, 0, 0, 2, 325.49, 93816, 9
292, 42, 1, 3, 0, 0, 36.00%, 0, 0, 2, 327.14, 95504, 9
297, 43, 2, 3, 0, 0, 36.00%, 0, 0, 2, 330.21, 97166, 9
302, 44, 0, 3, 0, 0, 36.00%, 0, 0, 2, 326.89, 98858, 9
308, 45, 2, 3, 0, 0, 36.00%, 0, 0, 2, 329.06, 100564, 9
313, 46, 1, 3, 0, 0, 36.00%, 0, 0, 2, 330.53, 102220, 9
318, 47, 1, 3, 0, 0, 36.00%, 0, 0, 2, 329.14, 103882, 9
323, 48, 2, 3, 0, 0, 36.00%, 0, 0, 2, 325.17, 105558, 9
328, 49, 1, 3, 0, 0, 36.00%, 0, 0, 2, 329.02, 107220, 9
333, 50, 2, 3, 0, 0, 36.00%, 0, 0, 2, 324.25, 108893, 9
338, 51, 2, 3, 0, 0, 36.00%, 0, 0, 2, 329.31, 110609, 9
343, 52, 0, 3, 0, 0, 36.00%, 0, 0, 2, 331.38, 112325, 9
349, 52, 2, 3, 0, 0, 36.00%, 0, 0, 2, 327.24, 114007, 9
354, 54, 0, 3, 0, 0, 36.00%, 0, 0, 2, 328.38, 115717, 9
359, 54, 0, 3, 0, 0, 36.00%, 0, 0, 2, 325.03, 117381, 9
364, 55, 2, 3, 0, 0, 36.00%, 0, 0, 2, 326.36, 119057, 9
369, 55, 2, 3, 0, 0, 36.00%, 0, 0, 2, 325.70, 120745, 9
374, 56, 2, 3, 0, 0, 36.00%, 0, 0, 2, 325.21, 122418, 9
380, 57, 1, 3, 0, 0, 36.00%, 0, 0, 2, 329.88, 124140, 9
385, 58, 2, 3, 0, 0, 36.00%, 0, 0, 2, 329.25, 125850, 9
390, 59, 1, 3, 0, 0, 36.00%, 0, 0, 2, 330.22, 127506, 9
395, 60, 0, 3, 0, 0, 36.00%, 0, 0, 2, 322.49, 129158, 9
399, 60, 1, 3, 0, 0, 36.00%, 1, 0, 2, 313.87, 130532, 9
