# relative_time, cycles_done, cur_item, corpus_count, pending_total, pending_favs, map_size, saved_crashes, saved_hangs, max_depth, execs_per_sec, total_execs, edges_found
61, 8, 2, 3, 0, 0, 30.43%, 0, 0, 2, 328.62, 20224, 7
66, 9, 2, 3, 0, 0, 30.43%, 0, 0, 2, 330.30, 21892, 7
71, 10, 2, 3, 0, 0, 30.43%, 0, 0, 2, 328.97, 23586, 7
76, 11, 2, 3, 0, 0, 30.43%, 0, 0, 2, 330.78, 25256, 7
81, 11, 2, 3, 0, 0, 30.43%, 0, 0, 2, 327.21, 26949, 7
86, 12, 2, 3, 0, 0, 30.43%, 0, 0, 2, 330.10, 28607, 7
91, 13, 2, 3, 0, 0, 30.43%, 0, 0, 2, 330.40, 30325, 7
96, 13, 2, 3, 0, 0, 30.43%, 0, 0, 2, 332.44, 32011, 7
102, 14, 2, 3, 0, 0, 30.43%, 0, 0, 2, 331.72, 33735, 7
107, 15, 2, 3, 0, 0, 30.43%, 0, 0, 2, 325.03, 35386, 7
112, 16, 2, 3, 0, 0, 30.43%, 0, 0, 2, 329.69, 37110, 7
117, 17, 2, 3, 0, 0, 30.43%, 0, 0, 2, 331.74, 38780, 7
122, 17, 0, 3, 0, 0, 30.43%, 0, 0, 2, 327.57, 40490, 7
127, 18, 2, 3, 0, 0, 30.43%, 0, 0, 2, 327.94, 42177, 7
133, 19, 2, 3, 0, 0, 30.43%, 0, 0, 2, 330.90, 43901, 7
138, 19, 0, 3, 0, 0, 30.43%, 0, 0, 2, 326.68, 45599, 7
143, 20, 2, 3, 0, 0, 30.43%, 0, 0, 2, 329.12, 47246, 7
148, 21, 2, 3, 0, 0, 30.43%, 0, 0, 2, 330.39, 48970, 7
153, 22, 2, 3, 0, 0, 30.43%, 0, 0, 2, 331.42, 50634, 7
158, 22, 2, 3, 0, 0, 30.43%, 0, 0, 2, 325.46, 52309, 7
163, 23, 2, 3, 0, 0, 30.43%, 0, 0, 2, 328.91, 53977, 7
168, 24, 2, 3, 0, 0, 30.43%, 0, 0, 2, 328.75, 55689, 7
173, 25, 0, 3, 0, 0, 30.43%, 0, 0, 2, 329.60, 57383, 7
179, 25, 2, 3, 0, 0, 30.43%, 0, 0, 2, 328.62, 59070, 7
184, 25, 0, 3, 0, 0, 30.43%, 0, 0, 2, 325.11, 60760, 7
189, 26, 2, 3, 0, 0, 30.43%, 0, 0, 2, 328.93, 62475, 7
194, 27, 2, 3, 0, 0, 30.43%, 0, 0, 2, 330.66, 64139, 7
199, 27, 2, 3, 0, 0, 30.43%, 0, 0, 2, 326.49, 65814, 7
204, 28, 2, 3, 0, 0, 30.43%, 0, 0, 2, 330.62, 67472, 7
209, 29, 2, 3, 0, 0, 30.43%, 0, 0, 2, 328.72, 69152, 7
214, 30, 2, 3, 0, 0, 30.43%, 0, 0, 2, 331.30, 70816, 7
220, 31, 2, 3, 0, 0, 30.43%, 0, 0, 2, 331.12, 72534, 7
225, 32, 2, 3, 0, 0, 30.43%, 0, 0, 2, 330.47, 74190, 7
230, 32, 2, 3, 0, 0, 30.43%, 0, 0, 2, 330.29, 75890, 7
235, 33, 0, 3, 0, 0, 30.43%, 0, 0, 2, 330.74, 77554, 7
240, 34, 0, 3, 0, 0, 30.43%, 0, 0, 2, 325.23, 79229, 7
245, 34, 2, 3, 0, 0, 30.43%, 0, 0, 2, 327.19, 80916, 7
250, 35, 2, 3, 0, 0, 30.43%, 0, 0, 2, 331.53, 82574, 7
255, 36, 2, 3, 0, 0, 30.43%, 0, 0, 2, 330.15, 84286, 7
260, 36, 2, 3, 0, 0, 30.43%, 0, 0, 2, 325.60, 85949, 7
266, 37, 2, 3, 0, 0, 30.43%, 0, 0, 2, 330.95, 87631, 7
271, 38, 2, 3, 0, 0, 30.43%, 0, 0, 2, 332.51, 89307, 7
276, 38, 2, 3, 0, 0, 30.43%, 0, 0, 2, 332.31, 90981, 7
281, 39, 2, 3, 0, 0, 30.43%, 0, 0, 2, 330.05, 92669, 7
286, 40, 2, 3, 0, 0, 30.43%, 0, 0, 2, 329.75, 94387, 7
291, 41, 2, 3, 0, 0, 30.43%, 0, 0, 2, 330.37, 96045, 7
296, 42, 2, 3, 0, 0, 30.43%, 0, 0, 2, 330.79, 97769, 7
301, 42, 0, 3, 0, 0, 30.43%, 0, 0, 2, 328.87, 99431, 7
306, 43, 2, 3, 0, 0, 30.43%, 0, 0, 2, 326.82, 101120, 7
312, 43, 2, 3, 0, 0, 30.43%, 0, 0, 2, 325.57, 102801, 7
317, 44, 2, 3, 0, 0, 30.43%, 0, 0, 2, 329.57, 104469, 7
322, 45, 2, 3, 0, 0, 30.43%, 0, 0, 2, 331.46, 106151, 7
327, 46, 2, 3, 0, 0, 30.43%, 0, 0, 2, 332.58, 107833, 7
332, 46, 0, 3, 0, 0, 30.43%, 0, 0, 2, 326.28, 109517, 7
337, 46, 2, 3, 0, 0, 30.43%, 0, 0, 2, 325.73, 111189, 7
342, 47, 2, 3, 0, 0, 30.43%, 0, 0, 2, 319.90, 112811, 7
347, 48, 2, 3, 0, 0, 30.43%, 0, 0, 2, 329.46, 114487, 7
352, 48, 2, 3, 0, 0, 30.43%, 0, 0, 2, 325.37, 116162, 7
357, 49, 2, 3, 0, 0, 30.43%, 0, 0, 2, 330.62, 117844, 7
362, 50, 2, 3, 0, 0, 30.43%, 0, 0, 2, 332.53, 119520, 7
367, 51, 0, 3, 0, 0, 30.43%, 0, 0, 2, 328.77, 121182, 7
373, 51, 2, 3, 0, 0, 30.43%, 0, 0, 2, 329.71, 122881, 7
378, 52, 2, 3, 0, 0, 30.43%, 0, 0, 2, 331.36, 124545, 7
383, 53, 2, 3, 0, 0, 30.43%, 0, 0, 2, 330.63, 126227, 7
388, 54, 2, 3, 0, 0, 30.43%, 0, 0, 2, 331.61, 127897, 7
393, 54, 2, 3, 0, 0, 30.43%, 0, 0, 2, 332.71, 129585, 7
398, 55, 2, 3, 0, 0, 30.43%, 0, 0, 2, 331.96, 131309, 7
403, 56, 2, 3, 0, 0, 30.43%, 0, 0, 2, 331.48, 132977, 7
408, 57, 2, 3, 0, 0, 30.43%, 0, 0, 2, 330.99, 134635, 7
413, 58, 2, 3, 0, 0, 30.43%, 0, 0, 2, 332.00, 136305, 7
418, 58, 2, 3, 0, 0, 30.43%, 0, 0, 2, 329.79, 138011, 7
423, 59, 2, 3, 0, 0, 30.43%, 0, 0, 2, 330.91, 139691, 7
428, 60, 0, 3, 0, 0, 30.43%, 0, 0, 2, 329.25, 141397, 7
434, 60, 2, 3, 0, 0, 30.43%, 0, 0, 2, 327.70, 143078, 7
439, 61, 2, 3, 0, 0, 30.43%, 0, 0, 2, 330.27, 144802, 7
444, 62, 2, 3, 0, 0, 30.43%, 0, 0, 2, 332.06, 146484, 7
449, 62, 2, 3, 0, 0, 30.43%, 0, 0, 2, 324.80, 148159, 7
454, 63, 2, 3, 0, 0, 30.43%, 0, 0, 2, 329.36, 149829, 7
459, 64, 2, 3, 0, 0, 30.43%, 0, 0, 2, 332.11, 151505, 7
464, 65, 2, 3, 0, 0, 30.43%, 1, 0, 2, 323.84, 153025, 7
