# relative_time, cycles_done, cur_item, corpus_count, pending_total, pending_favs, map_size, saved_crashes, saved_hangs, max_depth, execs_per_sec, total_execs, edges_found
61, 9, 0, 3, 0, 0, 36.00%, 0, 0, 2, 327.08, 20125, 9
66, 9, 0, 3, 0, 0, 36.00%, 0, 0, 2, 322.57, 21774, 9
71, 10, 0, 3, 0, 0, 36.00%, 0, 0, 2, 324.29, 23465, 9
76, 11, 2, 3, 0, 0, 36.00%, 0, 0, 2, 328.33, 25174, 9
81, 12, 2, 3, 0, 0, 36.00%, 0, 0, 2, 330.04, 26836, 9
87, 12, 0, 3, 0, 0, 36.00%, 0, 0, 2, 324.84, 28504, 9
92, 14, 0, 3, 0, 0, 36.00%, 0, 0, 2, 325.48, 30192, 9
97, 14, 2, 3, 0, 0, 36.00%, 0, 0, 2, 327.18, 31880, 9
102, 15, 0, 3, 0, 0, 36.00%, 0, 0, 2, 325.09, 33547, 9
107, 16, 0, 3, 0, 0, 36.00%, 0, 0, 2, 324.46, 35217, 9
112, 16, 0, 3, 0, 0, 36.00%, 0, 0, 2, 326.62, 36908, 9
118, 17, 2, 3, 0, 0, 36.00%, 0, 0, 2, 325.06, 38581, 9
123, 17, 0, 3, 0, 0, 36.00%, 0, 0, 2, 323.66, 40255, 9
128, 18, 0, 3, 0, 0, 36.00%, 0, 0, 2, 323.55, 41924, 9
133, 18, 2, 3, 0, 0, 36.00%, 0, 0, 2, 327.79, 43609, 9
138, 20, 2, 3, 0, 0, 36.00%, 0, 0, 2, 329.25, 45298, 9
143, 20, 2, 3, 0, 0, 36.00%, 0, 0, 2, 325.22, 46983, 9
149, 21, 0, 3, 0, 0, 36.00%, 0, 0, 2, 324.56, 48678, 9
154, 22, 2, 3, 0, 0, 36.00%, 0, 0, 2, 323.05, 50326, 9
159, 23, 2, 3, 0, 0, 36.00%, 0, 0, 2, 329.42, 52042, 9
164, 24, 2, 3, 0, 0, 36.00%, 0, 0, 2, 331.12, 53713, 9
169, 25, 2, 3, 0, 0, 36.00%, 0, 0, 2, 325.23, 55392, 9
174, 26, 2, 3, 0, 0, 36.00%, 0, 0, 2, 330.15, 57057, 9
175, 26, 2, 3, 0, 0, 36.00%, 1, 0, 2, 64.10, 57196, 9
