# relative_time, cycles_done, cur_item, corpus_count, pending_total, pending_favs, map_size, saved_crashes, saved_hangs, max_depth, execs_per_sec, total_execs, edges_found
61, 9, 2, 3, 0, 0, 36.00%, 0, 0, 2, 323.03, 19975, 9
66, 10, 0, 3, 0, 0, 36.00%, 0, 0, 2, 321.77, 21642, 9
72, 10, 2, 3, 0, 0, 36.00%, 0, 0, 2, 322.78, 23294, 9
77, 11, 0, 3, 0, 0, 36.00%, 0, 0, 2, 323.48, 24965, 9
82, 12, 2, 3, 0, 0, 36.00%, 0, 0, 2, 325.23, 26641, 9
87, 13, 0, 3, 0, 0, 36.00%, 0, 0, 2, 322.75, 28324, 9
92, 14, 2, 3, 0, 0, 36.00%, 0, 0, 2, 325.62, 29997, 9
97, 14, 0, 3, 0, 0, 36.00%, 0, 0, 2, 321.08, 31653, 9
103, 15, 2, 3, 0, 0, 36.00%, 0, 0, 2, 326.28, 33347, 9
108, 17, 2, 3, 0, 0, 36.00%, 0, 0, 2, 327.47, 35027, 9
113, 18, 2, 3, 0, 0, 36.00%, 0, 0, 2, 327.45, 36725, 9
118, 19, 0, 3, 0, 0, 36.00%, 0, 0, 2, 327.78, 38411, 9
123, 19, 2, 3, 0, 0, 36.00%, 0, 0, 2, 324.76, 40075, 9
128, 20, 0, 3, 0, 0, 36.00%, 0, 0, 2, 321.80, 41746, 9
133, 21, 2, 3, 0, 0, 36.00%, 0, 0, 2, 320.84, 43394, 9
139, 22, 2, 3, 0, 0, 36.00%, 0, 0, 2, 326.89, 45098, 9
144, 23, 2, 3, 0, 0, 36.00%, 0, 0, 2, 328.20, 46745, 9
149, 24, 2, 3, 0, 0, 36.00%, 0, 0, 2, 324.61, 48406, 9
154, 25, 0, 3, 0, 0, 36.00%, 0, 0, 2, 324.57, 50101, 9
159, 26, 2, 3, 0, 0, 36.00%, 0, 0, 2, 324.07, 51756, 9
164, 27, 0, 3, 0, 0, 36.00%, 0, 0, 2, 325.78, 53439, 9
169, 27, 0, 3, 0, 0, 36.00%, 0, 0, 2, 322.43, 55088, 9
175, 28, 2, 3, 0, 0, 36.00%, 0, 0, 2, 324.64, 56755, 9
180, 29, 2, 3, 0, 0, 36.00%, 0, 0, 2, 326.83, 58450, 9
185, 30, 2, 3, 0, 0, 36.00%, 0, 0, 2, 322.13, 60111, 9
190, 30, 0, 3, 0, 0, 36.00%, 0, 0, 2, 322.31, 61782, 9
195, 31, 2, 3, 0, 0, 36.00%, 0, 0, 2, 321.30, 63430, 9
200, 32, 2, 3, 0, 0, 36.00%, 0, 0, 2, 326.56, 65134, 9
206, 33, 0, 3, 0, 0, 36.00%, 0, 0, 2, 324.87, 66832, 9
211, 34, 2, 3, 0, 0, 36.00%, 0, 0, 2, 324.16, 68490, 9
216, 35, 2, 3, 0, 0, 36.00%, 0, 0, 2, 326.55, 70173, 9
221, 36, 0, 3, 0, 0, 36.00%, 0, 0, 2, 323.61, 71846, 9
225, 36, 2, 3, 0, 0, 36.00%, 1, 0, 2, 313.74, 72969, 9
