# relative_time, cycles_done, cur_item, corpus_count, pending_total, pending_favs, map_size, saved_crashes, saved_hangs, max_depth, execs_per_sec, total_execs, edges_found
61, 5, 0, 1, 0, 0, 25.00%, 0, 0, 1, 319.40, 19965, 2
66, 6, 0, 1, 0, 0, 25.00%, 0, 0, 1, 324.42, 21643, 2
71, 6, 0, 1, 0, 0, 25.00%, 0, 0, 1, 326.10, 23316, 2
76, 7, 0, 1, 0, 0, 25.00%, 0, 0, 1, 326.72, 24988, 2
82, 7, 0, 1, 0, 0, 25.00%, 0, 0, 1, 324.58, 26631, 2
87, 8, 0, 1, 0, 0, 25.00%, 0, 0, 1, 325.04, 28292, 2
92, 8, 0, 1, 0, 0, 25.00%, 0, 0, 1, 325.90, 29958, 2
97, 9, 0, 1, 0, 0, 25.00%, 0, 0, 1, 324.65, 31625, 2
102, 9, 0, 1, 0, 0, 25.00%, 0, 0, 1, 325.60, 33279, 2
107, 10, 0, 1, 0, 0, 25.00%, 0, 0, 1, 325.77, 34934, 2
112, 10, 0, 1, 0, 0, 25.00%, 0, 0, 1, 325.32, 36595, 2
117, 11, 0, 1, 0, 0, 25.00%, 0, 0, 1, 321.78, 38249, 2
122, 11, 0, 1, 0, 0, 25.00%, 0, 0, 1, 324.51, 39910, 2
124, 11, 0, 1, 0, 0, 25.00%, 1, 0, 1, 58.44, 40254, 2
