# relative_time, cycles_done, cur_item, corpus_count, pending_total, pending_favs, map_size, saved_crashes, saved_hangs, max_depth, execs_per_sec, total_execs, edges_found
61, 6, 2, 3, 0, 0, 36.00%, 0, 0, 2, 324.32, 19988, 9
66, 6, 2, 3, 0, 0, 36.00%, 0, 0, 2, 323.13, 21662, 9
72, 7, 0, 3, 0, 0, 36.00%, 0, 0, 2, 322.91, 23332, 9
77, 7, 2, 3, 0, 0, 36.00%, 0, 0, 2, 324.24, 24989, 9
82, 8, 2, 3, 0, 0, 36.00%, 0, 0, 2, 324.00, 26645, 9
87, 9, 2, 3, 0, 0, 36.00%, 0, 0, 2, 320.68, 28301, 9
92, 9, 0, 3, 0, 0, 36.00%, 0, 0, 2, 322.47, 29955, 9
97, 9, 0, 3, 0, 0, 36.00%, 0, 0, 2, 321.14, 31608, 9
102, 10, 0, 3, 0, 0, 36.00%, 0, 0, 2, 322.30, 33267, 9
107, 11, 2, 3, 0, 0, 36.00%, 0, 0, 2, 323.64, 34924, 9
113, 11, 2, 3, 0, 0, 36.00%, 0, 0, 2, 324.50, 36582, 9
118, 11, 0, 3, 0, 0, 36.00%, 0, 0, 2, 322.36, 38229, 9
123, 12, 2, 3, 0, 0, 36.00%, 0, 0, 2, 322.83, 39894, 9
128, 12, 2, 3, 0, 0, 36.00%, 0, 0, 2, 321.67, 41547, 9
133, 13, 2, 3, 0, 0, 36.00%, 0, 0, 2, 322.92, 43211, 9
138, 13, 0, 3, 0, 0, 36.00%, 0, 0, 2, 322.76, 44867, 9
143, 14, 0, 3, 0, 0, 36.00%, 0, 0, 2, 322.05, 46514, 9
149, 14, 2, 3, 0, 0, 36.00%, 0, 0, 2, 317.38, 48113, 9
154, 15, 2, 3, 0, 0, 36.00%, 0, 0, 2, 321.54, 49772, 9
159, 15, 0, 3, 0, 0, 36.00%, 0, 0, 2, 322.99, 51420, 9
164, 15, 0, 3, 0, 0, 36.00%, 0, 0, 2, 320.81, 53068, 9
169, 16, 2, 3, 0, 0, 36.00%, 0, 0, 2, 322.19, 54721, 9
174, 16, 0, 3, 0, 0, 36.00%, 0, 0, 2, 321.54, 56379, 9
179, 17, 1, 3, 0, 0, 36.00%, 0, 0, 2, 318.58, 58021, 9
185, 17, 2, 3, 0, 0, 36.00%, 0, 0, 2, 323.22, 59679, 9
190, 18, 2, 3, 0, 0, 36.00%, 0, 0, 2, 322.93, 61329, 9
195, 18, 2, 3, 0, 0, 36.00%, 0, 0, 2, 322.91, 62994, 9
200, 19, 2, 3, 0, 0, 36.00%, 0, 0, 2, 325.16, 64668, 9
205, 20, 0, 3, 0, 0, 36.00%, 0, 0, 2, 322.17, 66332, 9
210, 20, 0, 3, 0, 0, 36.00%, 0, 0, 2, 321.60, 67981, 9
215, 20, 2, 3, 0, 0, 36.00%, 0, 0, 2, 324.41, 69638, 9
220, 21, 2, 3, 0, 0, 36.00%, 0, 0, 2, 324.90, 71300, 9
226, 21, 0, 3, 0, 0, 36.00%, 0, 0, 2, 320.60, 72948, 9
231, 22, 0, 3, 0, 0, 36.00%, 0, 0, 2, 321.39, 74599, 9
236, 22, 0, 3, 0, 0, 36.00%, 0, 0, 2, 322.72, 76258, 9
241, 23, 0, 3, 0, 0, 36.00%, 0, 0, 2, 321.96, 77905, 9
246, 23, 2, 3, 0, 0, 36.00%, 0, 0, 2, 322.50, 79564, 9
251, 24, 2, 3, 0, 0, 36.00%, 0, 0, 2, 322.57, 81222, 9
256, 24, 0, 3, 0, 0, 36.00%, 0, 0, 2, 317.39, 82869, 9
262, 24, 0, 3, 0, 0, 36.00%, 0, 0, 2, 293.63, 84241, 9
267, 25, 2, 3, 0, 0, 36.00%, 0, 0, 2, 299.43, 85792, 9
272, 25, 0, 3, 0, 0, 36.00%, 0, 0, 2, 294.92, 87325, 9
277, 25, 0, 3, 0, 0, 36.00%, 0, 0, 2, 305.15, 88884, 9
282, 26, 0, 3, 0, 0, 36.00%, 0, 0, 2, 311.56, 90521, 9
287, 26, 2, 3, 0, 0, 36.00%, 0, 0, 2, 317.29, 92106, 9
292, 27, 2, 3, 0, 0, 36.00%, 0, 0, 2, 305.93, 93602, 9
297, 27, 2, 3, 0, 0, 36.00%, 0, 0, 2, 315.02, 95222, 9
303, 28, 0, 3, 0, 0, 36.00%, 0, 0, 2, 316.84, 96851, 9
308, 28, 2, 3, 0, 0, 36.00%, 0, 0, 2, 319.48, 98498, 9
313, 28, 2, 3, 0, 0, 36.00%, 0, 0, 2, 321.12, 100151, 9
318, 29, 2, 3, 0, 0, 36.00%, 0, 0, 2, 322.08, 101815, 9
323, 30, 0, 3, 0, 0, 36.00%, 0, 0, 2, 323.75, 103477, 9
328, 30, 0, 3, 0, 0, 36.00%, 0, 0, 2, 322.71, 105130, 9
333, 31, 1, 3, 0, 0, 36.00%, 0, 0, 2, 321.41, 106777, 9
339, 31, 2, 3, 0, 0, 36.00%, 0, 0, 2, 314.20, 108369, 9
344, 32, 0, 3, 0, 0, 36.00%, 0, 0, 2, 317.90, 110021, 9
349, 32, 0, 3, 0, 0, 36.00%, 0, 0, 2, 319.90, 111660, 9
354, 32, 0, 3, 0, 0, 36.00%, 0, 0, 2, 318.89, 113297, 9
359, 33, 2, 3, 0, 0, 36.00%, 0, 0, 2, 321.45, 114956, 9
364, 33, 0, 3, 0, 0, 36.00%, 0, 0, 2, 323.66, 116618, 9
369, 34, 0, 3, 0, 0, 36.00%, 0, 0, 2, 319.24, 118273, 9
375, 34, 2, 3, 0, 0, 36.00%, 0, 0, 2, 321.87, 119927, 9
380, 34, 0, 3, 0, 0, 36.00%, 0, 0, 2, 322.22, 121591, 9
385, 35, 2, 3, 0, 0, 36.00%, 0, 0, 2, 320.17, 123238, 9
390, 35, 0, 3, 0, 0, 36.00%, 0, 0, 2, 314.42, 124860, 9
391, 35, 0, 3, 0, 0, 36.00%, 1, 0, 2, 302.30, 124955, 9
