# relative_time, cycles_done, cur_item, corpus_count, pending_total, pending_favs, map_size, saved_crashes, saved_hangs, max_depth, execs_per_sec, total_execs, edges_found
61, 8, 2, 3, 0, 0, 32.26%, 0, 0, 2, 321.66, 19852, 10
67, 8, 0, 3, 0, 0, 32.26%, 0, 0, 2, 319.84, 21499, 10
72, 9, 0, 3, 0, 0, 32.26%, 0, 0, 2, 319.82, 23154, 10
77, 10, 2, 3, 0, 0, 32.26%, 0, 0, 2, 320.29, 24815, 10
82, 11, 0, 3, 0, 0, 32.26%, 0, 0, 2, 319.72, 26474, 10
87, 12, 2, 3, 0, 0, 32.26%, 0, 0, 2, 320.23, 28129, 10
92, 13, 2, 3, 0, 0, 32.26%, 0, 0, 2, 320.79, 29788, 10
98, 14, 0, 3, 0, 0, 32.26%, 0, 0, 2, 320.38, 31450, 10
103, 15, 0, 3, 0, 0, 32.26%, 0, 0, 2, 318.98, 33096, 10
108, 15, 2, 3, 0, 0, 32.26%, 0, 0, 2, 320.94, 34751, 10
113, 16, 0, 3, 0, 0, 32.26%, 0, 0, 2, 321.61, 36413, 10
118, 18, 1, 3, 0, 0, 32.26%, 0, 0, 2, 320.99, 38067, 10
123, 18, 0, 3, 0, 0, 32.26%, 0, 0, 2, 320.25, 39718, 10
129, 19, 2, 3, 0, 0, 32.26%, 0, 0, 2, 320.34, 41363, 10
134, 20, 2, 3, 0, 0, 32.26%, 0, 0, 2, 319.60, 43022, 10
139, 21, 2, 3, 0, 0, 32.26%, 0, 0, 2, 319.48, 44684, 10
140, 21, 1, 3, 0, 0, 32.26%, 1, 0, 2, 307.95, 44847, 10
