# relative_time, cycles_done, cur_item, corpus_count, pending_total, pending_favs, map_size, saved_crashes, saved_hangs, max_depth, execs_per_sec, total_execs, edges_found
61, 8, 2, 3, 0, 0, 32.26%, 0, 0, 2, 321.68, 20226, 10
67, 9, 0, 3, 0, 0, 32.26%, 0, 0, 2, 323.53, 21915, 10
72, 10, 2, 3, 0, 0, 32.26%, 0, 0, 2, 327.13, 23600, 10
77, 11, 2, 3, 0, 0, 32.26%, 0, 0, 2, 329.71, 25259, 10
82, 13, 2, 3, 0, 0, 32.26%, 0, 0, 2, 329.15, 26951, 10
87, 13, 0, 3, 0, 0, 32.26%, 0, 0, 2, 324.69, 28628, 10
92, 14, 0, 3, 0, 0, 32.26%, 0, 0, 2, 324.01, 30316, 10
97, 15, 0, 3, 0, 0, 32.26%, 0, 0, 2, 326.79, 31992, 10
103, 15, 0, 3, 0, 0, 32.26%, 0, 0, 2, 325.14, 33662, 10
108, 16, 2, 3, 0, 0, 32.26%, 0, 0, 2, 324.59, 35341, 10
113, 17, 0, 3, 0, 0, 32.26%, 0, 0, 2, 324.84, 36985, 10
118, 17, 0, 3, 0, 0, 32.26%, 0, 0, 2, 322.11, 38634, 10
123, 18, 2, 3, 0, 0, 32.26%, 0, 0, 2, 325.80, 40334, 10
128, 20, 1, 3, 0, 0, 32.26%, 0, 0, 2, 330.21, 41996, 10
133, 20, 2, 3, 0, 0, 32.26%, 0, 0, 2, 325.10, 43666, 10
139, 21, 2, 3, 0, 0, 32.26%, 0, 0, 2, 323.93, 45339, 10
144, 21, 0, 3, 0, 0, 32.26%, 0, 0, 2, 323.21, 47022, 10
149, 23, 0, 3, 0, 0, 32.26%, 0, 0, 2, 327.22, 48665, 10
154, 23, 2, 3, 0, 0, 32.26%, 0, 0, 2, 325.97, 50329, 10
159, 24, 2, 3, 0, 0, 32.26%, 0, 0, 2, 324.41, 52008, 10
164, 25, 0, 3, 0, 0, 32.26%, 0, 0, 2, 325.94, 53652, 10
169, 25, 0, 3, 0, 0, 32.26%, 0, 0, 2, 323.44, 55322, 10
174, 25, 0, 3, 0, 0, 32.26%, 0, 0, 2, 321.88, 56970, 10
180, 26, 0, 3, 0, 0, 32.26%, 0, 0, 2, 322.79, 58640, 10
185, 26, 2, 3, 0, 0, 32.26%, 0, 0, 2, 325.75, 60307, 10
190, 27, 2, 3, 0, 0, 32.26%, 0, 0, 2, 325.27, 61980, 10
195, 28, 2, 3, 0, 0, 32.26%, 0, 0, 2, 322.65, 63659, 10
200, 29, 0, 3, 0, 0, 32.26%, 0, 0, 2, 327.28, 65366, 10
205, 29, 2, 3, 0, 0, 32.26%, 0, 0, 2, 326.93, 67045, 10
211, 30, 2, 3, 0, 0, 32.26%, 0, 0, 2, 323.80, 68718, 10
216, 31, 0, 3, 0, 0, 32.26%, 0, 0, 2, 322.50, 70389, 10
221, 31, 0, 3, 0, 0, 32.26%, 0, 0, 2, 324.44, 72077, 10
226, 32, 2, 3, 0, 0, 32.26%, 0, 0, 2, 326.60, 73759, 10
231, 34, 2, 3, 0, 0, 32.26%, 0, 0, 2, 329.30, 75466, 10
236, 34, 0, 3, 0, 0, 32.26%, 0, 0, 2, 323.67, 77143, 10
242, 35, 2, 3, 0, 0, 32.26%, 0, 0, 2, 327.96, 78846, 10
247, 37, 1, 3, 0, 0, 32.26%, 0, 0, 2, 329.66, 80559, 10
252, 38, 2, 3, 0, 0, 32.26%, 0, 0, 2, 326.34, 82229, 10
257, 39, 1, 3, 0, 0, 32.26%, 0, 0, 2, 330.23, 83884, 10
262, 40, 2, 3, 0, 0, 32.26%, 0, 0, 2, 324.39, 85555, 10
267, 41, 2, 3, 0, 0, 32.26%, 0, 0, 2, 329.07, 87250, 10
272, 42, 2, 3, 0, 0, 32.26%, 0, 0, 2, 325.79, 88917, 10
278, 42, 0, 3, 0, 0, 32.26%, 0, 0, 2, 323.61, 90582, 10
283, 43, 2, 3, 0, 0, 32.26%, 0, 0, 2, 328.95, 92300, 10
288, 44, 0, 3, 0, 0, 32.26%, 0, 0, 2, 321.43, 93958, 10
293, 44, 0, 3, 0, 0, 32.26%, 0, 0, 2, 319.57, 95607, 10
298, 45, 2, 3, 0, 0, 32.26%, 0, 0, 2, 325.03, 97277, 10
303, 46, 2, 3, 0, 0, 32.26%, 0, 0, 2, 329.60, 98987, 10
309, 47, 0, 3, 0, 0, 32.26%, 0, 0, 2, 327.04, 100682, 10
314, 48, 2, 3, 0, 0, 32.26%, 0, 0, 2, 328.29, 102376, 10
319, 49, 0, 3, 0, 0, 32.26%, 0, 0, 2, 325.20, 104059, 10
324, 50, 2, 3, 0, 0, 32.26%, 0, 0, 2, 329.27, 105750, 10
329, 51, 2, 3, 0, 0, 32.26%, 0, 0, 2, 328.18, 107397, 10
334, 52, 2, 3, 0, 0, 32.26%, 0, 0, 2, 329.53, 109050, 10
339, 54, 2, 3, 0, 0, 32.26%, 0, 0, 2, 329.96, 110706, 10
344, 55, 2, 3, 0, 0, 32.26%, 0, 0, 2, 330.26, 112425, 10
349, 55, 2, 3, 0, 0, 32.26%, 0, 0, 2, 324.83, 114092, 10
355, 57, 2, 3, 0, 0, 32.26%, 0, 0, 2, 329.27, 115793, 10
360, 58, 0, 3, 0, 0, 32.26%, 0, 0, 2, 324.29, 117467, 10
365, 58, 2, 3, 0, 0, 32.26%, 0, 0, 2, 324.17, 119136, 10
370, 59, 2, 3, 0, 0, 32.26%, 0, 0, 2, 324.51, 120818, 10
375, 60, 0, 3, 0, 0, 32.26%, 0, 0, 2, 326.41, 122477, 10
380, 61, 0, 3, 0, 0, 32.26%, 0, 0, 2, 324.54, 124147, 10
386, 61, 2, 3, 0, 0, 32.26%, 0, 0, 2, 327.30, 125841, 10
391, 63, 2, 3, 0, 0, 32.26%, 0, 0, 2, 330.88, 127500, 10
396, 63, 2, 3, 0, 0, 32.26%, 0, 0, 2, 326.48, 129167, 10
401, 64, 0, 3, 0, 0, 32.26%, 0, 0, 2, 325.80, 130856, 10
406, 65, 2, 3, 0, 0, 32.26%, 0, 0, 2, 325.40, 132523, 10
411, 66, 0, 3, 0, 0, 32.26%, 0, 0, 2, 330.81, 134178, 10
416, 66, 2, 3, 0, 0, 32.26%, 0, 0, 2, 336.13, 135881, 10
421, 67, 2, 3, 0, 0, 32.26%, 0, 0, 2, 338.97, 137594, 10
426, 68, 0, 3, 0, 0, 32.26%, 0, 0, 2, 329.42, 139247, 10
431, 69, 2, 3, 0, 0, 32.26%, 0, 0, 2, 327.13, 140929, 10
434, 70, 2, 3, 0, 0, 32.26%, 1, 0, 2, 0.00, 141733, 10
