# relative_time, cycles_done, cur_item, corpus_count, pending_total, pending_favs, map_size, saved_crashes, saved_hangs, max_depth, execs_per_sec, total_execs, edges_found
61, 8, 0, 2, 0, 0, 36.00%, 0, 0, 2, 325.17, 20049, 9
66, 10, 1, 2, 0, 0, 36.00%, 0, 0, 2, 329.20, 21752, 9
71, 11, 0, 2, 0, 0, 36.00%, 0, 0, 2, 325.20, 23450, 9
77, 11, 1, 2, 0, 0, 36.00%, 0, 0, 2, 324.13, 25110, 9
82, 12, 1, 2, 0, 0, 36.00%, 0, 0, 2, 330.93, 26793, 9
87, 13, 0, 2, 0, 0, 36.00%, 0, 0, 2, 325.81, 28467, 9
92, 14, 1, 2, 0, 0, 36.00%, 0, 0, 2, 323.79, 30121, 9
97, 15, 1, 2, 0, 0, 36.00%, 0, 0, 2, 329.44, 31843, 9
102, 16, 0, 2, 0, 0, 36.00%, 0, 0, 2, 324.23, 33523, 9
107, 17, 0, 2, 0, 0, 36.00%, 0, 0, 2, 325.30, 35223, 9
112, 18, 0, 2, 0, 0, 36.00%, 0, 0, 2, 323.86, 36848, 9
118, 18, 0, 2, 0, 0, 36.00%, 0, 0, 2, 323.61, 38497, 9
123, 19, 1, 2, 0, 0, 36.00%, 0, 0, 2, 329.13, 40161, 9
128, 20, 1, 2, 0, 0, 36.00%, 0, 0, 2, 324.03, 41840, 9
133, 21, 0, 2, 0, 0, 36.00%, 0, 0, 2, 325.29, 43538, 9
138, 21, 0, 2, 0, 0, 36.00%, 0, 0, 2, 322.19, 45187, 9
143, 22, 1, 2, 0, 0, 36.00%, 0, 0, 2, 323.98, 46856, 9
148, 23, 0, 2, 0, 0, 36.00%, 0, 0, 2, 325.30, 48548, 9
154, 24, 0, 2, 0, 0, 36.00%, 0, 0, 2, 325.36, 50218, 9
159, 24, 1, 2, 0, 0, 36.00%, 0, 0, 2, 324.19, 51872, 9
164, 26, 1, 2, 0, 0, 36.00%, 0, 0, 2, 329.87, 53528, 9
169, 26, 0, 2, 0, 0, 36.00%, 0, 0, 2, 323.82, 55206, 9
174, 27, 0, 2, 0, 0, 36.00%, 0, 0, 2, 323.99, 56875, 9
179, 28, 1, 2, 0, 0, 36.00%, 0, 0, 2, 324.39, 58526, 9
184, 28, 0, 2, 0, 0, 36.00%, 0, 0, 2, 325.06, 60211, 9
189, 29, 1, 2, 0, 0, 36.00%, 0, 0, 2, 326.54, 61881, 9
194, 30, 0, 2, 0, 0, 36.00%, 0, 0, 2, 327.03, 63537, 9
200, 31, 0, 2, 0, 0, 36.00%, 0, 0, 2, 326.72, 65222, 9
205, 32, 1, 2, 0, 0, 36.00%, 0, 0, 2, 325.66, 66898, 9
210, 33, 0, 2, 0, 0, 36.00%, 0, 0, 2, 325.03, 68602, 9
215, 33, 0, 2, 0, 0, 36.00%, 0, 0, 2, 324.93, 70263, 9
220, 34, 0, 2, 0, 0, 36.00%, 0, 0, 2, 325.50, 71948, 9
225, 35, 1, 2, 0, 0, 36.00%, 0, 0, 2, 328.68, 73651, 9
231, 36, 0, 2, 0, 0, 36.00%, 0, 0, 2, 324.32, 75322, 9
236, 37, 0, 2, 0, 0, 36.00%, 0, 0, 2, 322.53, 76986, 9
241, 37, 1, 2, 0, 0, 36.00%, 0, 0, 2, 325.48, 78655, 9
246, 38, 0, 2, 0, 0, 36.00%, 0, 0, 2, 324.80, 80341, 9
251, 39, 1, 2, 0, 0, 36.00%, 0, 0, 2, 329.48, 82005, 9
256, 40, 0, 2, 0, 0, 36.00%, 0, 0, 2, 326.54, 83691, 9
261, 42, 1, 2, 0, 0, 36.00%, 0, 0, 2, 327.80, 85376, 9
267, 42, 1, 2, 0, 0, 36.00%, 0, 0, 2, 325.42, 87052, 9
272, 43, 1, 2, 0, 0, 36.00%, 0, 0, 2, 326.63, 88731, 9
277, 44, 0, 2, 0, 0, 36.00%, 0, 0, 2, 325.01, 90420, 9
282, 45, 0, 2, 0, 0, 36.00%, 0, 0, 2, 324.11, 92054, 9
287, 46, 1, 2, 0, 0, 36.00%, 0, 0, 2, 328.75, 93700, 9
292, 46, 0, 2, 0, 0, 36.00%, 0, 0, 2, 323.44, 95358, 9
297, 47, 1, 2, 0, 0, 36.00%, 0, 0, 2, 327.02, 97046, 9
302, 48, 1, 2, 0, 0, 36.00%, 0, 0, 2, 326.06, 98734, 9
308, 49, 0, 2, 0, 0, 36.00%, 0, 0, 2, 329.95, 100402, 9
313, 50, 0, 2, 0, 0, 36.00%, 0, 0, 2, 326.26, 102075, 9
318, 50, 0, 2, 0, 0, 36.00%, 0, 0, 2, 322.72, 103724, 9
323, 51, 0, 2, 0, 0, 36.00%, 0, 0, 2, 323.72, 105394, 9
328, 52, 0, 2, 0, 0, 36.00%, 0, 0, 2, 325.20, 107082, 9
333, 53, 1, 2, 0, 0, 36.00%, 0, 0, 2, 327.10, 108776, 9
338, 53, 1, 2, 0, 0, 36.00%, 0, 0, 2, 327.06, 110452, 9
344, 54, 1, 2, 0, 0, 36.00%, 0, 0, 2, 323.57, 112125, 9
349, 55, 0, 2, 0, 0, 36.00%, 0, 0, 2, 319.65, 113745, 9
354, 56, 0, 2, 0, 0, 36.00%, 0, 0, 2, 320.97, 115364, 9
359, 56, 0, 2, 0, 0, 36.00%, 0, 0, 2, 323.80, 117049, 9
364, 57, 0, 2, 0, 0, 36.00%, 0, 0, 2, 327.64, 118731, 9
369, 58, 0, 2, 0, 0, 36.00%, 0, 0, 2, 324.00, 120380, 9
374, 58, 0, 2, 0, 0, 36.00%, 0, 0, 2, 321.04, 122023, 9
379, 59, 1, 2, 0, 0, 36.00%, 0, 0, 2, 325.01, 123692, 9
385, 59, 0, 2, 0, 0, 36.00%, 0, 0, 2, 324.66, 125378, 9
390, 60, 1, 2, 0, 0, 36.00%, 0, 0, 2, 324.76, 127059, 9
395, 60, 0, 2, 0, 0, 36.00%, 0, 0, 2, 321.77, 128711, 9
400, 61, 0, 2, 0, 0, 36.00%, 0, 0, 2, 323.77, 130369, 9
405, 62, 1, 2, 0, 0, 36.00%, 0, 0, 2, 329.56, 132069, 9
410, 63, 0, 2, 0, 0, 36.00%, 0, 0, 2, 325.44, 133758, 9
415, 64, 1, 2, 0, 0, 36.00%, 0, 0, 2, 328.70, 135410, 9
420, 65, 0, 2, 0, 0, 36.00%, 0, 0, 2, 323.17, 137068, 9
426, 65, 0, 2, 0, 0, 36.00%, 0, 0, 2, 321.76, 138717, 9
431, 66, 1, 2, 0, 0, 36.00%, 0, 0, 2, 328.50, 140414, 9
436, 67, 0, 2, 0, 0, 36.00%, 0, 0, 2, 324.96, 142103, 9
441, 68, 1, 2, 0, 0, 36.00%, 0, 0, 2, 332.17, 143824, 9
446, 69, 1, 2, 0, 0, 36.00%, 0, 0, 2, 328.31, 145509, 9
451, 70, 0, 2, 0, 0, 36.00%, 0, 0, 2, 325.06, 147186, 9
457, 71, 0, 2, 0, 0, 36.00%, 0, 0, 2, 326.43, 148880, 9
462, 71, 0, 2, 0, 0, 36.00%, 0, 0, 2, 324.02, 150544, 9
467, 72, 1, 2, 0, 0, 36.00%, 0, 0, 2, 327.48, 152253, 9
472, 74, 0, 2, 0, 0, 36.00%, 0, 0, 2, 328.36, 153966, 9
477, 74, 0, 2, 0, 0, 36.00%, 0, 0, 2, 322.16, 155609, 9
483, 75, 0, 2, 0, 0, 36.00%, 0, 0, 2, 322.95, 157282, 9
488, 76, 1, 2, 0, 0, 36.00%, 0, 0, 2, 329.16, 158937, 9
493, 77, 1, 2, 0, 0, 36.00%, 0, 0, 2, 323.46, 160616, 9
498, 78, 1, 2, 0, 0, 36.00%, 0, 0, 2, 330.67, 162287, 9
503, 79, 1, 2, 0, 0, 36.00%, 0, 0, 2, 327.07, 163966, 9
508, 79, 0, 2, 0, 0, 36.00%, 0, 0, 2, 324.40, 165637, 9
513, 81, 1, 2, 0, 0, 36.00%, 0, 0, 2, 329.62, 167355, 9
518, 82, 0, 2, 0, 0, 36.00%, 0, 0, 2, 326.31, 168990, 9
523, 82, 0, 2, 0, 0, 36.00%, 0, 0, 2, 325.65, 170681, 9
529, 83, 0, 2, 0, 0, 36.00%, 0, 0, 2, 322.99, 172345, 9
534, 84, 1, 2, 0, 0, 36.00%, 0, 0, 2, 323.84, 174020, 9
539, 84, 0, 2, 0, 0, 36.00%, 0, 0, 2, 322.82, 175694, 9
544, 86, 1, 2, 0, 0, 36.00%, 0, 0, 2, 330.11, 177418, 9
549, 86, 1, 2, 0, 0, 36.00%, 0, 0, 2, 324.72, 179085, 9
554, 87, 1, 2, 0, 0, 36.00%, 0, 0, 2, 325.08, 180740, 9
560, 88, 0, 2, 0, 0, 36.00%, 0, 0, 2, 323.15, 182404, 9
565, 88, 0, 2, 0, 0, 36.00%, 0, 0, 2, 324.54, 184083, 9
570, 89, 1, 2, 0, 0, 36.00%, 0, 0, 2, 327.24, 185768, 9
575, 91, 0, 2, 0, 0, 36.00%, 0, 0, 2, 330.06, 187472, 9
580, 91, 1, 2, 0, 0, 36.00%, 0, 0, 2, 327.51, 189148, 9
585, 93, 1, 2, 0, 0, 36.00%, 0, 0, 2, 329.06, 190798, 9
590, 94, 1, 2, 0, 0, 36.00%, 0, 0, 2, 330.87, 192514, 9
596, 96, 0, 2, 0, 0, 36.00%, 0, 0, 2, 330.65, 194236, 9
601, 96, 1, 2, 0, 0, 36.00%, 0, 0, 2, 327.29, 195906, 9
606, 97, 1, 2, 0, 0, 36.00%, 0, 0, 2, 323.14, 197579, 9
611, 98, 0, 2, 0, 0, 36.00%, 0, 0, 2, 328.07, 199235, 9
616, 99, 0, 2, 0, 0, 36.00%, 0, 0, 2, 326.07, 200920, 9
621, 100, 1, 2, 0, 0, 36.00%, 0, 0, 2, 327.44, 202608, 9
626, 100, 1, 2, 0, 0, 36.00%, 0, 0, 2, 326.08, 204275, 9
632, 101, 1, 2, 0, 0, 36.00%, 0, 0, 2, 323.51, 205930, 9
637, 102, 1, 2, 0, 0, 36.00%, 0, 0, 2, 329.00, 207595, 9
642, 103, 0, 2, 0, 0, 36.00%, 0, 0, 2, 324.04, 209260, 9
647, 105, 1, 2, 0, 0, 36.00%, 0, 0, 2, 326.29, 210900, 9
652, 106, 0, 2, 0, 0, 36.00%, 0, 0, 2, 326.45, 212598, 9
657, 107, 1, 2, 0, 0, 36.00%, 0, 0, 2, 327.47, 214274, 9
662, 108, 0, 2, 0, 0, 36.00%, 0, 0, 2, 328.63, 215936, 9
667, 109, 1, 2, 0, 0, 36.00%, 0, 0, 2, 326.07, 217603, 9
672, 109, 0, 2, 0, 0, 36.00%, 0, 0, 2, 322.35, 219277, 9
678, 111, 1, 2, 0, 0, 36.00%, 0, 0, 2, 327.42, 220983, 9
683, 112, 1, 2, 0, 0, 36.00%, 0, 0, 2, 328.41, 222675, 9
688, 113, 0, 2, 0, 0, 36.00%, 0, 0, 2, 324.05, 224352, 9
693, 114, 1, 2, 0, 0, 36.00%, 0, 0, 2, 324.40, 226021, 9
698, 115, 0, 2, 0, 0, 36.00%, 0, 0, 2, 328.32, 227674, 9
703, 116, 0, 2, 0, 0, 36.00%, 0, 0, 2, 324.09, 229326, 9
708, 116, 0, 2, 0, 0, 36.00%, 0, 0, 2, 324.17, 230993, 9
714, 117, 1, 2, 0, 0, 36.00%, 0, 0, 2, 326.14, 232672, 9
719, 118, 0, 2, 0, 0, 36.00%, 0, 0, 2, 324.68, 234304, 9
724, 119, 0, 2, 0, 0, 36.00%, 0, 0, 2, 323.68, 235971, 9
729, 119, 0, 2, 0, 0, 36.00%, 0, 0, 2, 323.00, 237647, 9
734, 120, 0, 2, 0, 0, 36.00%, 0, 0, 2, 321.79, 239326, 9
739, 121, 0, 2, 0, 0, 36.00%, 0, 0, 2, 323.44, 241011, 9
744, 122, 0, 2, 0, 0, 36.00%, 0, 0, 2, 327.26, 242690, 9
750, 123, 1, 2, 0, 0, 36.00%, 0, 0, 2, 325.66, 244360, 9
755, 124, 1, 2, 0, 0, 36.00%, 0, 0, 2, 329.08, 246064, 9
760, 125, 1, 2, 0, 0, 36.00%, 0, 0, 2, 324.54, 247719, 9
765, 126, 0, 2, 0, 0, 36.00%, 0, 0, 2, 322.90, 249402, 9
770, 127, 1, 2, 0, 0, 36.00%, 0, 0, 2, 328.73, 251057, 9
775, 128, 1, 2, 0, 0, 36.00%, 0, 0, 2, 320.15, 252700, 9
780, 128, 1, 2, 0, 0, 36.00%, 0, 0, 2, 318.05, 254274, 9
785, 130, 0, 2, 0, 0, 36.00%, 0, 0, 2, 326.46, 255972, 9
791, 130, 1, 2, 0, 0, 36.00%, 0, 0, 2, 325.74, 257651, 9
796, 131, 0, 2, 0, 0, 36.00%, 0, 0, 2, 324.23, 259322, 9
801, 132, 1, 2, 0, 0, 36.00%, 0, 0, 2, 329.20, 261037, 9
806, 134, 0, 2, 0, 0, 36.00%, 0, 0, 2, 326.34, 262744, 9
811, 135, 1, 2, 0, 0, 36.00%, 0, 0, 2, 327.34, 264432, 9
817, 136, 1, 2, 0, 0, 36.00%, 0, 0, 2, 329.89, 266148, 9
822, 137, 0, 2, 0, 0, 36.00%, 0, 0, 2, 326.51, 267849, 9
827, 138, 1, 2, 0, 0, 36.00%, 0, 0, 2, 326.97, 269522, 9
832, 140, 1, 2, 0, 0, 36.00%, 0, 0, 2, 329.35, 271220, 9
837, 140, 0, 2, 0, 0, 36.00%, 0, 0, 2, 324.83, 272915, 9
842, 141, 0, 2, 0, 0, 36.00%, 0, 0, 2, 323.49, 274576, 9
848, 142, 0, 2, 0, 0, 36.00%, 0, 0, 2, 323.71, 276267, 9
852, 143, 0, 2, 0, 0, 36.00%, 1, 0, 2, 311.11, 277771, 9
