# relative_time, cycles_done, cur_item, corpus_count, pending_total, pending_favs, map_size, saved_crashes, saved_hangs, max_depth, execs_per_sec, total_execs, edges_found
61, 9, 0, 3, 0, 0, 32.26%, 0, 0, 2, 322.45, 19913, 10
66, 9, 0, 3, 0, 0, 32.26%, 0, 0, 2, 320.46, 21565, 10
72, 10, 0, 3, 0, 0, 32.26%, 0, 0, 2, 321.80, 23226, 10
77, 10, 0, 3, 0, 0, 32.26%, 0, 0, 2, 321.65, 24890, 10
82, 11, 2, 3, 0, 0, 32.26%, 0, 0, 2, 323.37, 26551, 10
87, 12, 0, 3, 0, 0, 32.26%, 0, 0, 2, 322.32, 28213, 10
92, 13, 0, 3, 0, 0, 32.26%, 0, 0, 2, 321.69, 29868, 10
97, 13, 2, 3, 0, 0, 32.26%, 0, 0, 2, 323.33, 31526, 10
102, 14, 0, 3, 0, 0, 32.26%, 0, 0, 2, 321.65, 33191, 10
108, 15, 2, 3, 0, 0, 32.26%, 0, 0, 2, 322.99, 34852, 10
113, 16, 0, 3, 0, 0, 32.26%, 0, 0, 2, 322.26, 36508, 10
118, 17, 2, 3, 0, 0, 32.26%, 0, 0, 2, 324.08, 38184, 10
123, 18, 0, 3, 0, 0, 32.26%, 0, 0, 2, 323.99, 39855, 10
128, 18, 2, 3, 0, 0, 32.26%, 0, 0, 2, 321.08, 41504, 10
133, 20, 2, 3, 0, 0, 32.26%, 0, 0, 2, 324.82, 43172, 10
138, 21, 0, 3, 0, 0, 32.26%, 0, 0, 2, 322.21, 44831, 10
144, 22, 2, 3, 0, 0, 32.26%, 0, 0, 2, 319.71, 46492, 10
149, 23, 2, 3, 0, 0, 32.26%, 0, 0, 2, 323.24, 48160, 10
154, 23, 2, 3, 0, 0, 32.26%, 0, 0, 2, 321.92, 49812, 10
156, 24, 2, 3, 0, 0, 32.26%, 1, 0, 2, 314.28, 50542, 10
