# relative_time, cycles_done, cur_item, corpus_count, pending_total, pending_favs, map_size, saved_crashes, saved_hangs, max_depth, execs_per_sec, total_execs, edges_found
61, 8, 2, 3, 0, 0, 30.43%, 0, 0, 2, 321.14, 19892, 7
66, 9, 2, 3, 0, 0, 30.43%, 0, 0, 2, 322.08, 21550, 7
71, 10, 2, 3, 0, 0, 30.43%, 0, 0, 2, 322.42, 23206, 7
77, 11, 1, 3, 0, 0, 30.43%, 0, 0, 2, 320.80, 24859, 7
82, 12, 2, 3, 0, 0, 30.43%, 0, 0, 2, 321.91, 26521, 7
87, 12, 2, 3, 0, 0, 30.43%, 0, 0, 2, 322.08, 28173, 7
92, 13, 2, 3, 0, 0, 30.43%, 0, 0, 2, 322.69, 29829, 7
97, 14, 2, 3, 0, 0, 30.43%, 0, 0, 2, 323.71, 31493, 7
102, 15, 0, 3, 0, 0, 30.43%, 0, 0, 2, 319.85, 33143, 7
108, 15, 2, 3, 0, 0, 30.43%, 0, 0, 2, 320.81, 34802, 7
113, 16, 0, 3, 0, 0, 30.43%, 0, 0, 2, 320.79, 36456, 7
118, 17, 2, 3, 0, 0, 30.43%, 0, 0, 2, 323.11, 38111, 7
123, 17, 0, 3, 0, 0, 30.43%, 0, 0, 2, 319.44, 39759, 7
128, 18, 2, 3, 0, 0, 30.43%, 0, 0, 2, 322.10, 41418, 7
133, 18, 2, 3, 0, 0, 30.43%, 0, 0, 2, 323.57, 43076, 7
134, 19, 2, 3, 0, 0, 30.43%, 1, 0, 2, 308.21, 43356, 7
