# relative_time, cycles_done, cur_item, corpus_count, pending_total, pending_favs, map_size, saved_crashes, saved_hangs, max_depth, execs_per_sec, total_execs, edges_found
61, 5, 0, 1, 0, 0, 25.00%, 0, 0, 1, 324.16, 20037, 2
66, 6, 0, 1, 0, 0, 25.00%, 0, 0, 1, 325.69, 21697, 2
71, 6, 0, 1, 0, 0, 25.00%, 0, 0, 1, 325.22, 23346, 2
76, 7, 0, 1, 0, 0, 25.00%, 0, 0, 1, 325.49, 25006, 2
81, 7, 0, 1, 0, 0, 25.00%, 0, 0, 1, 326.17, 26661, 2
87, 8, 0, 1, 0, 0, 25.00%, 0, 0, 1, 324.02, 28328, 2
92, 8, 0, 1, 0, 0, 25.00%, 0, 0, 1, 325.62, 29994, 2
97, 9, 0, 1, 0, 0, 25.00%, 0, 0, 1, 325.00, 31661, 2
102, 9, 0, 1, 0, 0, 25.00%, 0, 0, 1, 324.62, 33315, 2
107, 10, 0, 1, 0, 0, 25.00%, 0, 0, 1, 323.53, 34970, 2
112, 10, 0, 1, 0, 0, 25.00%, 0, 0, 1, 325.30, 36631, 2
117, 11, 0, 1, 0, 0, 25.00%, 0, 0, 1, 325.56, 38303, 2
122, 11, 0, 1, 0, 0, 25.00%, 0, 0, 1, 325.94, 39970, 2
127, 12, 0, 1, 0, 0, 25.00%, 0, 0, 1, 325.42, 41624, 2
133, 12, 0, 1, 0, 0, 25.00%, 0, 0, 1, 325.75, 43297, 2
138, 13, 0, 1, 0, 0, 25.00%, 0, 0, 1, 324.49, 44963, 2
143, 13, 0, 1, 0, 0, 25.00%, 0, 0, 1, 325.19, 46618, 2
148, 13, 0, 1, 0, 0, 25.00%, 0, 0, 1, 324.28, 48279, 2
153, 14, 0, 1, 0, 0, 25.00%, 0, 0, 1, 325.65, 49945, 2
158, 14, 0, 1, 0, 0, 25.00%, 0, 0, 1, 324.93, 51612, 2
163, 15, 0, 1, 0, 0, 25.00%, 0, 0, 1, 324.14, 53272, 2
168, 15, 0, 1, 0, 0, 25.00%, 0, 0, 1, 323.42, 54921, 2
174, 16, 0, 1, 0, 0, 25.00%, 0, 0, 1, 324.27, 56588, 2
179, 16, 0, 1, 0, 0, 25.00%, 0, 0, 1, 325.01, 58248, 2
184, 17, 0, 1, 0, 0, 25.00%, 0, 0, 1, 325.30, 59903, 2
189, 17, 0, 1, 0, 0, 25.00%, 0, 0, 1, 323.61, 61557, 2
194, 18, 0, 1, 0, 0, 25.00%, 0, 0, 1, 323.47, 63200, 2
199, 18, 0, 1, 0, 0, 25.00%, 0, 0, 1, 324.27, 64867, 2
204, 19, 0, 1, 0, 0, 25.00%, 0, 0, 1, 323.80, 66527, 2
209, 19, 0, 1, 0, 0, 25.00%, 0, 0, 1, 323.26, 68182, 2
214, 20, 0, 1, 0, 0, 25.00%, 0, 0, 1, 325.73, 69848, 2
220, 20, 0, 1, 0, 0, 25.00%, 0, 0, 1, 324.67, 71503, 2
225, 21, 0, 1, 0, 0, 25.00%, 0, 0, 1, 325.16, 73175, 2
230, 21, 0, 1, 0, 0, 25.00%, 0, 0, 1, 325.42, 74842, 2
235, 21, 0, 1, 0, 0, 25.00%, 0, 0, 1, 324.19, 76509, 2
240, 22, 0, 1, 0, 0, 25.00%, 0, 0, 1, 324.20, 78163, 2
245, 22, 0, 1, 0, 0, 25.00%, 0, 0, 1, 324.54, 79812, 2
250, 23, 0, 1, 0, 0, 25.00%, 0, 0, 1, 323.41, 81472, 2
255, 23, 0, 1, 0, 0, 25.00%, 0, 0, 1, 324.85, 83139, 2
260, 24, 0, 1, 0, 0, 25.00%, 0, 0, 1, 324.69, 84800, 2
266, 24, 0, 1, 0, 0, 25.00%, 0, 0, 1, 326.41, 86490, 2
271, 25, 0, 1, 0, 0, 25.00%, 0, 0, 1, 323.61, 88139, 2
276, 25, 0, 1, 0, 0, 25.00%, 0, 0, 1, 326.05, 89817, 2
281, 26, 0, 1, 0, 0, 25.00%, 0, 0, 1, 325.27, 91478, 2
286, 26, 0, 1, 0, 0, 25.00%, 0, 0, 1, 324.77, 93132, 2
291, 27, 0, 1, 0, 0, 25.00%, 0, 0, 1, 326.67, 94805, 2
296, 27, 0, 1, 0, 0, 25.00%, 0, 0, 1, 324.81, 96472, 2
301, 28, 0, 1, 0, 0, 25.00%, 0, 0, 1, 325.51, 98138, 2
307, 28, 0, 1, 0, 0, 25.00%, 0, 0, 1, 327.06, 99817, 2
312, 29, 0, 1, 0, 0, 25.00%, 0, 0, 1, 325.15, 101471, 2
317, 29, 0, 1, 0, 0, 25.00%, 0, 0, 1, 324.88, 103126, 2
322, 29, 0, 1, 0, 0, 25.00%, 0, 0, 1, 325.67, 104781, 2
327, 30, 0, 1, 0, 0, 25.00%, 0, 0, 1, 323.78, 106447, 2
332, 30, 0, 1, 0, 0, 25.00%, 0, 0, 1, 325.06, 108108, 2
337, 31, 0, 1, 0, 0, 25.00%, 0, 0, 1, 325.37, 109762, 2
342, 31, 0, 1, 0, 0, 25.00%, 0, 0, 1, 325.81, 111429, 2
347, 32, 0, 1, 0, 0, 25.00%, 0, 0, 1, 323.45, 113077, 2
353, 32, 0, 1, 0, 0, 25.00%, 0, 0, 1, 325.00, 114744, 2
358, 33, 0, 1, 0, 0, 25.00%, 0, 0, 1, 324.90, 116399, 2
363, 33, 0, 1, 0, 0, 25.00%, 0, 0, 1, 325.16, 118059, 2
368, 34, 0, 1, 0, 0, 25.00%, 0, 0, 1, 327.01, 119726, 2
373, 34, 0, 1, 0, 0, 25.00%, 0, 0, 1, 325.12, 121392, 2
378, 35, 0, 1, 0, 0, 25.00%, 0, 0, 1, 324.93, 123047, 2
383, 35, 0, 1, 0, 0, 25.00%, 0, 0, 1, 325.32, 124714, 2
388, 36, 0, 1, 0, 0, 25.00%, 0, 0, 1, 324.77, 126380, 2
393, 36, 0, 1, 0, 0, 25.00%, 0, 0, 1, 325.54, 128047, 2
399, 37, 0, 1, 0, 0, 25.00%, 0, 0, 1, 322.54, 129689, 2
404, 37, 0, 1, 0, 0, 25.00%, 0, 0, 1, 324.73, 131350, 2
409, 37, 0, 1, 0, 0, 25.00%, 0, 0, 1, 325.03, 132993, 2
414, 38, 0, 1, 0, 0, 25.00%, 1, 0, 1, 310.62, 134553, 2
