# relative_time, cycles_done, cur_item, corpus_count, pending_total, pending_favs, map_size, saved_crashes, saved_hangs, max_depth, execs_per_sec, total_execs, edges_found
61, 5, 0, 1, 0, 0, 25.00%, 0, 0, 1, 324.76, 20037, 2
66, 6, 0, 1, 0, 0, 25.00%, 0, 0, 1, 324.75, 21721, 2
71, 6, 0, 1, 0, 0, 25.00%, 0, 0, 1, 326.32, 23376, 2
76, 7, 0, 1, 0, 0, 25.00%, 0, 0, 1, 326.62, 25042, 2
82, 7, 0, 1, 0, 0, 25.00%, 0, 0, 1, 325.76, 26709, 2
87, 8, 0, 1, 0, 0, 25.00%, 0, 0, 1, 326.11, 28382, 2
92, 8, 0, 1, 0, 0, 25.00%, 0, 0, 1, 325.72, 30048, 2
97, 9, 0, 1, 0, 0, 25.00%, 0, 0, 1, 326.11, 31703, 2
102, 9, 0, 1, 0, 0, 25.00%, 0, 0, 1, 326.37, 33357, 2
107, 10, 0, 1, 0, 0, 25.00%, 0, 0, 1, 326.44, 35024, 2
112, 10, 0, 1, 0, 0, 25.00%, 0, 0, 1, 326.09, 36685, 2
117, 11, 0, 1, 0, 0, 25.00%, 0, 0, 1, 325.99, 38351, 2
122, 11, 0, 1, 0, 0, 25.00%, 0, 0, 1, 326.22, 40018, 2
128, 12, 0, 1, 0, 0, 25.00%, 0, 0, 1, 327.10, 41684, 2
133, 12, 0, 1, 0, 0, 25.00%, 0, 0, 1, 325.54, 43345, 2
138, 13, 0, 1, 0, 0, 25.00%, 0, 0, 1, 325.87, 45011, 2
143, 13, 0, 1, 0, 0, 25.00%, 0, 0, 1, 326.49, 46690, 2
148, 13, 0, 1, 0, 0, 25.00%, 0, 0, 1, 325.98, 48351, 2
152, 14, 0, 1, 0, 0, 25.00%, 1, 0, 1, 62.89, 49691, 2
