# relative_time, cycles_done, cur_item, corpus_count, pending_total, pending_favs, map_size, saved_crashes, saved_hangs, max_depth, execs_per_sec, total_execs, edges_found
61, 7, 2, 3, 0, 0, 30.43%, 0, 0, 2, 327.52, 20128, 7
66, 8, 2, 3, 0, 0, 30.43%, 0, 0, 2, 327.90, 21810, 7
71, 9, 0, 3, 0, 0, 30.43%, 0, 0, 2, 325.39, 23484, 7
77, 9, 2, 3, 0, 0, 30.43%, 0, 0, 2, 324.61, 25132, 7
82, 10, 2, 3, 0, 0, 30.43%, 0, 0, 2, 323.63, 26794, 7
87, 11, 2, 3, 0, 0, 30.43%, 0, 0, 2, 326.87, 28482, 7
92, 11, 2, 3, 0, 0, 30.43%, 0, 0, 2, 327.81, 30158, 7
97, 12, 2, 3, 0, 0, 30.43%, 0, 0, 2, 327.31, 31820, 7
102, 13, 2, 3, 0, 0, 30.43%, 0, 0, 2, 328.02, 33502, 7
107, 14, 0, 3, 0, 0, 30.43%, 0, 0, 2, 327.50, 35184, 7
112, 14, 2, 3, 0, 0, 30.43%, 0, 0, 2, 327.41, 36859, 7
118, 15, 2, 3, 0, 0, 30.43%, 0, 0, 2, 326.29, 38535, 7
123, 16, 2, 3, 0, 0, 30.43%, 0, 0, 2, 325.95, 40217, 7
128, 16, 2, 3, 0, 0, 30.43%, 0, 0, 2, 323.90, 41856, 7
133, 17, 0, 3, 0, 0, 30.43%, 0, 0, 2, 326.58, 43520, 7
138, 17, 2, 3, 0, 0, 30.43%, 0, 0, 2, 325.40, 45183, 7
143, 18, 2, 3, 0, 0, 30.43%, 0, 0, 2, 326.90, 46857, 7
148, 19, 2, 3, 0, 0, 30.43%, 0, 0, 2, 327.30, 48533, 7
153, 20, 2, 3, 0, 0, 30.43%, 0, 0, 2, 326.96, 50221, 7
159, 20, 2, 3, 0, 0, 30.43%, 0, 0, 2, 328.17, 51915, 7
164, 21, 0, 3, 0, 0, 30.43%, 0, 0, 2, 325.20, 53577, 7
169, 21, 0, 3, 0, 0, 30.43%, 0, 0, 2, 323.19, 55226, 7
174, 22, 0, 3, 0, 0, 30.43%, 0, 0, 2, 324.35, 56897, 7
179, 23, 2, 3, 0, 0, 30.43%, 0, 0, 2, 326.57, 58562, 7
184, 23, 2, 3, 0, 0, 30.43%, 0, 0, 2, 327.02, 60232, 7
189, 24, 2, 3, 0, 0, 30.43%, 0, 0, 2, 326.86, 61912, 7
194, 25, 2, 3, 0, 0, 30.43%, 0, 0, 2, 326.72, 63588, 7
200, 26, 2, 3, 0, 0, 30.43%, 0, 0, 2, 326.69, 65264, 7
205, 26, 2, 3, 0, 0, 30.43%, 0, 0, 2, 324.90, 66928, 7
210, 27, 2, 3, 0, 0, 30.43%, 0, 0, 2, 326.35, 68622, 7
215, 28, 2, 3, 0, 0, 30.43%, 0, 0, 2, 326.93, 70290, 7
220, 29, 2, 3, 0, 0, 30.43%, 0, 0, 2, 327.76, 71978, 7
225, 29, 2, 3, 0, 0, 30.43%, 0, 0, 2, 325.51, 73635, 7
230, 30, 0, 3, 0, 0, 30.43%, 0, 0, 2, 324.35, 75301, 7
235, 30, 0, 3, 0, 0, 30.43%, 0, 0, 2, 325.74, 76980, 7
241, 31, 2, 3, 0, 0, 30.43%, 0, 0, 2, 325.72, 78643, 7
246, 32, 2, 3, 0, 0, 30.43%, 0, 0, 2, 325.31, 80319, 7
251, 32, 2, 3, 0, 0, 30.43%, 0, 0, 2, 326.77, 81995, 7
256, 33, 0, 3, 0, 0, 30.43%, 0, 0, 2, 325.62, 83669, 7
261, 34, 2, 3, 0, 0, 30.43%, 0, 0, 2, 325.12, 85326, 7
266, 35, 0, 3, 0, 0, 30.43%, 0, 0, 2, 326.67, 87002, 7
271, 35, 2, 3, 0, 0, 30.43%, 0, 0, 2, 325.50, 88665, 7
276, 36, 2, 3, 0, 0, 30.43%, 0, 0, 2, 327.33, 90341, 7
282, 36, 0, 3, 0, 0, 30.43%, 0, 0, 2, 324.68, 92001, 7
287, 37, 2, 3, 0, 0, 30.43%, 0, 0, 2, 327.54, 93674, 7
291, 38, 2, 3, 0, 0, 30.43%, 1, 0, 2, 314.21, 95101, 7
