# relative_time, cycles_done, cur_item, corpus_count, pending_total, pending_favs, map_size, saved_crashes, saved_hangs, max_depth, execs_per_sec, total_execs, edges_found
61, 9, 0, 3, 0, 0, 30.43%, 0, 0, 2, 323.69, 20047, 7
66, 10, 2, 3, 0, 0, 30.43%, 0, 0, 2, 324.28, 21712, 7
71, 11, 2, 3, 0, 0, 30.43%, 0, 0, 2, 325.40, 23376, 7
76, 11, 2, 3, 0, 0, 30.43%, 0, 0, 2, 322.56, 25028, 7
82, 12, 2, 3, 0, 0, 30.43%, 0, 0, 2, 325.33, 26703, 7
87, 13, 2, 3, 0, 0, 30.43%, 0, 0, 2, 324.58, 28383, 7
92, 14, 2, 3, 0, 0, 30.43%, 0, 0, 2, 324.03, 30041, 7
97, 15, 2, 3, 0, 0, 30.43%, 0, 0, 2, 325.36, 31709, 7
102, 16, 2, 3, 0, 0, 30.43%, 0, 0, 2, 324.99, 33373, 7
107, 16, 0, 3, 0, 0, 30.43%, 0, 0, 2, 324.32, 35035, 7
112, 17, 0, 3, 0, 0, 30.43%, 0, 0, 2, 324.96, 36698, 7
117, 17, 2, 3, 0, 0, 30.43%, 0, 0, 2, 324.63, 38357, 7
123, 18, 0, 3, 0, 0, 30.43%, 0, 0, 2, 325.07, 40021, 7
128, 19, 2, 3, 0, 0, 30.43%, 0, 0, 2, 325.10, 41684, 7
133, 19, 2, 3, 0, 0, 30.43%, 0, 0, 2, 323.46, 43346, 7
138, 20, 2, 3, 0, 0, 30.43%, 0, 0, 2, 323.41, 44998, 7
143, 21, 2, 3, 0, 0, 30.43%, 0, 0, 2, 324.39, 46656, 7
148, 21, 2, 3, 0, 0, 30.43%, 0, 0, 2, 322.51, 48313, 7
153, 22, 2, 3, 0, 0, 30.43%, 0, 0, 2, 324.25, 49976, 7
158, 22, 0, 3, 0, 0, 30.43%, 0, 0, 2, 326.02, 51663, 7
164, 22, 2, 3, 0, 0, 30.43%, 0, 0, 2, 325.50, 53314, 7
169, 24, 2, 3, 0, 0, 30.43%, 0, 0, 2, 324.67, 54978, 7
174, 24, 2, 3, 0, 0, 30.43%, 0, 0, 2, 324.68, 56634, 7
179, 25, 2, 3, 0, 0, 30.43%, 0, 0, 2, 325.35, 58304, 7
184, 26, 2, 3, 0, 0, 30.43%, 0, 0, 2, 324.95, 59968, 7
189, 27, 0, 3, 0, 0, 30.43%, 0, 0, 2, 325.53, 61630, 7
194, 27, 2, 3, 0, 0, 30.43%, 0, 0, 2, 324.71, 63287, 7
199, 28, 0, 3, 0, 0, 30.43%, 0, 0, 2, 323.91, 64949, 7
205, 28, 0, 3, 0, 0, 30.43%, 0, 0, 2, 323.10, 66603, 7
210, 29, 2, 3, 0, 0, 30.43%, 0, 0, 2, 322.97, 68254, 7
215, 29, 2, 3, 0, 0, 30.43%, 0, 0, 2, 323.94, 69925, 7
220, 30, 2, 3, 0, 0, 30.43%, 0, 0, 2, 326.86, 71611, 7
225, 31, 2, 3, 0, 0, 30.43%, 0, 0, 2, 326.49, 73275, 7
230, 32, 2, 3, 0, 0, 30.43%, 0, 0, 2, 325.33, 74931, 7
235, 32, 2, 3, 0, 0, 30.43%, 0, 0, 2, 325.50, 76600, 7
241, 33, 0, 3, 0, 0, 30.43%, 0, 0, 2, 323.60, 78258, 7
246, 34, 2, 3, 0, 0, 30.43%, 0, 0, 2, 325.71, 79921, 7
251, 35, 1, 3, 0, 0, 30.43%, 0, 0, 2, 325.22, 81585, 7
256, 36, 2, 3, 0, 0, 30.43%, 0, 0, 2, 326.68, 83265, 7
261, 37, 2, 3, 0, 0, 30.43%, 0, 0, 2, 324.88, 84929, 7
266, 37, 2, 3, 0, 0, 30.43%, 0, 0, 2, 325.47, 86597, 7
271, 38, 2, 3, 0, 0, 30.43%, 0, 0, 2, 324.71, 88267, 7
276, 39, 0, 3, 0, 0, 30.43%, 0, 0, 2, 324.86, 89933, 7
281, 39, 2, 3, 0, 0, 30.43%, 0, 0, 2, 325.27, 91593, 7
287, 40, 1, 3, 0, 0, 30.43%, 0, 0, 2, 326.69, 93263, 7
292, 41, 0, 3, 0, 0, 30.43%, 0, 0, 2, 324.94, 94915, 7
297, 41, 2, 3, 0, 0, 30.43%, 0, 0, 2, 325.35, 96583, 7
302, 42, 0, 3, 0, 0, 30.43%, 0, 0, 2, 324.56, 98237, 7
307, 42, 2, 3, 0, 0, 30.43%, 0, 0, 2, 324.57, 99908, 7
312, 43, 0, 3, 0, 0, 30.43%, 0, 0, 2, 325.27, 101576, 7
317, 43, 2, 3, 0, 0, 30.43%, 0, 0, 2, 325.39, 103247, 7
322, 44, 0, 3, 0, 0, 30.43%, 0, 0, 2, 324.29, 104903, 7
328, 45, 2, 3, 0, 0, 30.43%, 0, 0, 2, 325.24, 106580, 7
333, 46, 2, 3, 0, 0, 30.43%, 0, 0, 2, 325.55, 108261, 7
338, 47, 2, 3, 0, 0, 30.43%, 0, 0, 2, 326.03, 109929, 7
343, 47, 2, 3, 0, 0, 30.43%, 0, 0, 2, 325.22, 111598, 7
347, 48, 2, 3, 0, 0, 30.43%, 1, 0, 2, 311.52, 112746, 7
