# relative_time, cycles_done, cur_item, corpus_count, pending_total, pending_favs, map_size, saved_crashes, saved_hangs, max_depth, execs_per_sec, total_execs, edges_found
61, 10, 0, 3, 0, 0, 32.26%, 0, 0, 2, 321.88, 20093, 10
66, 11, 2, 3, 0, 0, 32.26%, 0, 0, 2, 329.47, 21811, 10
71, 12, 0, 3, 0, 0, 32.26%, 0, 0, 2, 325.10, 23443, 10
76, 13, 2, 3, 0, 0, 32.26%, 0, 0, 2, 327.46, 25137, 10
81, 14, 0, 3, 0, 0, 32.26%, 0, 0, 2, 328.12, 26820, 10
86, 15, 0, 3, 0, 0, 32.26%, 0, 0, 2, 324.78, 28481, 10
92, 15, 0, 3, 0, 0, 32.26%, 0, 0, 2, 321.20, 30130, 10
97, 16, 2, 3, 0, 0, 32.26%, 0, 0, 2, 325.69, 31815, 10
102, 16, 2, 3, 0, 0, 32.26%, 0, 0, 2, 324.25, 33485, 10
107, 17, 2, 3, 0, 0, 32.26%, 0, 0, 2, 325.21, 35158, 10
112, 18, 2, 3, 0, 0, 32.26%, 0, 0, 2, 326.10, 36856, 10
117, 20, 2, 3, 0, 0, 32.26%, 0, 0, 2, 329.49, 38581, 10
123, 21, 2, 3, 0, 0, 32.26%, 0, 0, 2, 329.12, 40291, 10
128, 21, 0, 3, 0, 0, 32.26%, 0, 0, 2, 324.06, 41959, 10
133, 22, 2, 3, 0, 0, 32.26%, 0, 0, 2, 322.38, 43610, 10
138, 23, 2, 3, 0, 0, 32.26%, 0, 0, 2, 327.56, 45320, 10
143, 25, 2, 3, 0, 0, 32.26%, 0, 0, 2, 330.10, 46979, 10
148, 26, 0, 3, 0, 0, 32.26%, 0, 0, 2, 326.18, 48659, 10
153, 26, 2, 3, 0, 0, 32.26%, 0, 0, 2, 328.05, 50353, 10
159, 27, 2, 3, 0, 0, 32.26%, 0, 0, 2, 324.82, 52017, 10
164, 28, 0, 3, 0, 0, 32.26%, 0, 0, 2, 324.51, 53649, 10
169, 28, 0, 3, 0, 0, 32.26%, 0, 0, 2, 321.93, 55307, 10
174, 29, 2, 3, 0, 0, 32.26%, 0, 0, 2, 327.48, 57010, 10
179, 30, 0, 3, 0, 0, 32.26%, 0, 0, 2, 324.70, 58696, 10
184, 31, 2, 3, 0, 0, 32.26%, 0, 0, 2, 328.24, 60381, 10
189, 32, 2, 3, 0, 0, 32.26%, 0, 0, 2, 328.28, 62076, 10
195, 33, 2, 3, 0, 0, 32.26%, 0, 0, 2, 323.34, 63755, 10
200, 34, 0, 3, 0, 0, 32.26%, 0, 0, 2, 324.41, 65435, 10
205, 35, 2, 3, 0, 0, 32.26%, 0, 0, 2, 327.82, 67069, 10
210, 36, 2, 3, 0, 0, 32.26%, 0, 0, 2, 328.01, 68771, 10
215, 37, 0, 3, 0, 0, 32.26%, 0, 0, 2, 324.06, 70436, 10
220, 38, 2, 3, 0, 0, 32.26%, 0, 0, 2, 327.90, 72142, 10
225, 39, 2, 3, 0, 0, 32.26%, 0, 0, 2, 329.61, 73849, 10
231, 40, 2, 3, 0, 0, 32.26%, 0, 0, 2, 328.48, 75559, 10
236, 41, 2, 3, 0, 0, 32.26%, 0, 0, 2, 329.64, 77209, 10
241, 43, 0, 3, 0, 0, 32.26%, 0, 0, 2, 329.60, 78907, 10
246, 43, 0, 3, 0, 0, 32.26%, 0, 0, 2, 327.04, 80592, 10
251, 44, 0, 3, 0, 0, 32.26%, 0, 0, 2, 324.72, 82268, 10
256, 44, 2, 3, 0, 0, 32.26%, 0, 0, 2, 327.83, 83959, 10
258, 45, 2, 3, 0, 0, 32.26%, 1, 0, 2, 314.43, 84464, 10
