# relative_time, cycles_done, cur_item, corpus_count, pending_total, pending_favs, map_size, saved_crashes, saved_hangs, max_depth, execs_per_sec, total_execs, edges_found
61, 8, 2, 3, 0, 0, 30.43%, 0, 0, 2, 322.64, 19915, 7
66, 9, 2, 3, 0, 0, 30.43%, 0, 0, 2, 324.03, 21579, 7
71, 10, 2, 3, 0, 0, 30.43%, 0, 0, 2, 325.13, 23243, 7
76, 10, 1, 3, 0, 0, 30.43%, 0, 0, 2, 324.29, 24907, 7
81, 11, 0, 3, 0, 0, 30.43%, 0, 0, 2, 321.61, 26555, 7
86, 12, 2, 3, 0, 0, 30.43%, 0, 0, 2, 323.80, 28214, 7
92, 12, 0, 3, 0, 0, 30.43%, 0, 0, 2, 324.85, 29874, 7
97, 13, 0, 3, 0, 0, 30.43%, 0, 0, 2, 324.88, 31539, 7
102, 13, 2, 3, 0, 0, 30.43%, 0, 0, 2, 324.23, 33204, 7
107, 14, 0, 3, 0, 0, 30.43%, 0, 0, 2, 323.77, 34868, 7
112, 14, 2, 3, 0, 0, 30.43%, 0, 0, 2, 324.75, 36525, 7
117, 15, 2, 3, 0, 0, 30.43%, 0, 0, 2, 326.03, 38189, 7
122, 16, 0, 3, 0, 0, 30.43%, 0, 0, 2, 324.13, 39843, 7
127, 17, 0, 3, 0, 0, 30.43%, 0, 0, 2, 324.21, 41498, 7
133, 17, 2, 3, 0, 0, 30.43%, 0, 0, 2, 323.87, 43159, 7
138, 18, 0, 3, 0, 0, 30.43%, 0, 0, 2, 324.22, 44813, 7
143, 19, 2, 3, 0, 0, 30.43%, 0, 0, 2, 324.72, 46474, 7
148, 19, 2, 3, 0, 0, 30.43%, 0, 0, 2, 324.49, 48142, 7
153, 20, 2, 3, 0, 0, 30.43%, 0, 0, 2, 324.00, 49800, 7
158, 21, 2, 3, 0, 0, 30.43%, 0, 0, 2, 324.37, 51458, 7
163, 22, 2, 3, 0, 0, 30.43%, 0, 0, 2, 324.76, 53126, 7
168, 23, 2, 3, 0, 0, 30.43%, 0, 0, 2, 325.33, 54796, 7
174, 24, 0, 3, 0, 0, 30.43%, 0, 0, 2, 323.99, 56450, 7
179, 24, 2, 3, 0, 0, 30.43%, 0, 0, 2, 322.04, 58103, 7
184, 25, 2, 3, 0, 0, 30.43%, 0, 0, 2, 324.14, 59761, 7
189, 26, 2, 3, 0, 0, 30.43%, 0, 0, 2, 324.44, 61425, 7
194, 26, 0, 3, 0, 0, 30.43%, 0, 0, 2, 324.10, 63081, 7
199, 27, 2, 3, 0, 0, 30.43%, 0, 0, 2, 325.83, 64752, 7
204, 28, 2, 3, 0, 0, 30.43%, 0, 0, 2, 325.14, 66408, 7
209, 28, 0, 3, 0, 0, 30.43%, 0, 0, 2, 323.84, 68062, 7
215, 29, 2, 3, 0, 0, 30.43%, 0, 0, 2, 323.90, 69722, 7
220, 30, 2, 3, 0, 0, 30.43%, 0, 0, 2, 324.53, 71380, 7
225, 30, 2, 3, 0, 0, 30.43%, 0, 0, 2, 323.88, 73049, 7
230, 31, 2, 3, 0, 0, 30.43%, 0, 0, 2, 324.38, 74711, 7
235, 32, 2, 3, 0, 0, 30.43%, 0, 0, 2, 323.91, 76375, 7
240, 33, 0, 3, 0, 0, 30.43%, 0, 0, 2, 323.74, 78043, 7
244, 33, 0, 3, 0, 0, 30.43%, 1, 0, 2, 312.47, 79402, 7
