# relative_time, cycles_done, cur_item, corpus_count, pending_total, pending_favs, map_size, saved_crashes, saved_hangs, max_depth, execs_per_sec, total_execs, edges_found
61, 5, 0, 1, 0, 0, 25.00%, 0, 0, 1, 325.67, 20013, 2
66, 6, 0, 1, 0, 0, 25.00%, 0, 0, 1, 325.44, 21673, 2
71, 6, 0, 1, 0, 0, 25.00%, 0, 0, 1, 325.20, 23328, 2
76, 7, 0, 1, 0, 0, 25.00%, 0, 0, 1, 325.94, 25006, 2
81, 7, 0, 1, 0, 0, 25.00%, 0, 0, 1, 325.99, 26667, 2
86, 8, 0, 1, 0, 0, 25.00%, 0, 0, 1, 326.08, 28334, 2
91, 8, 0, 1, 0, 0, 25.00%, 0, 0, 1, 325.72, 29994, 2
97, 9, 0, 1, 0, 0, 25.00%, 0, 0, 1, 325.36, 31655, 2
102, 9, 0, 1, 0, 0, 25.00%, 0, 0, 1, 324.84, 33327, 2
107, 10, 0, 1, 0, 0, 25.00%, 0, 0, 1, 326.06, 34982, 2
112, 10, 0, 1, 0, 0, 25.00%, 0, 0, 1, 325.70, 36649, 2
117, 11, 0, 1, 0, 0, 25.00%, 0, 0, 1, 325.60, 38327, 2
122, 11, 0, 1, 0, 0, 25.00%, 0, 0, 1, 322.70, 39970, 2
127, 12, 0, 1, 0, 0, 25.00%, 0, 0, 1, 323.75, 41630, 2
132, 12, 0, 1, 0, 0, 25.00%, 0, 0, 1, 325.85, 43303, 2
138, 13, 0, 1, 0, 0, 25.00%, 0, 0, 1, 322.55, 44963, 2
143, 13, 0, 1, 0, 0, 25.00%, 0, 0, 1, 326.35, 46636, 2
148, 13, 0, 1, 0, 0, 25.00%, 0, 0, 1, 327.65, 48315, 2
153, 14, 0, 1, 0, 0, 25.00%, 0, 0, 1, 327.70, 49987, 2
158, 14, 0, 1, 0, 0, 25.00%, 0, 0, 1, 324.77, 51666, 2
163, 15, 0, 1, 0, 0, 25.00%, 0, 0, 1, 325.72, 53332, 2
168, 15, 0, 1, 0, 0, 25.00%, 0, 0, 1, 325.74, 54993, 2
173, 16, 0, 1, 0, 0, 25.00%, 0, 0, 1, 326.09, 56677, 2
179, 16, 0, 1, 0, 0, 25.00%, 0, 0, 1, 325.58, 58338, 2
184, 17, 0, 1, 0, 0, 25.00%, 0, 0, 1, 326.50, 60017, 2
189, 17, 0, 1, 0, 0, 25.00%, 0, 0, 1, 326.52, 61689, 2
194, 18, 0, 1, 0, 0, 25.00%, 0, 0, 1, 326.59, 63350, 2
199, 18, 0, 1, 0, 0, 25.00%, 0, 0, 1, 324.51, 64998, 2
204, 19, 0, 1, 0, 0, 25.00%, 0, 0, 1, 326.71, 66671, 2
209, 19, 0, 1, 0, 0, 25.00%, 0, 0, 1, 326.87, 68356, 2
214, 20, 0, 1, 0, 0, 25.00%, 0, 0, 1, 324.89, 70016, 2
220, 20, 0, 1, 0, 0, 25.00%, 0, 0, 1, 325.22, 71695, 2
225, 21, 0, 1, 0, 0, 25.00%, 0, 0, 1, 325.97, 73367, 2
230, 21, 0, 1, 0, 0, 25.00%, 0, 0, 1, 325.05, 75034, 2
235, 22, 0, 1, 0, 0, 25.00%, 0, 0, 1, 326.24, 76700, 2
240, 22, 0, 1, 0, 0, 25.00%, 0, 0, 1, 325.80, 78367, 2
245, 22, 0, 1, 0, 0, 25.00%, 0, 0, 1, 325.31, 80028, 2
250, 23, 0, 1, 0, 0, 25.00%, 0, 0, 1, 325.58, 81688, 2
255, 23, 0, 1, 0, 0, 25.00%, 0, 0, 1, 324.86, 83337, 2
260, 24, 0, 1, 0, 0, 25.00%, 0, 0, 1, 324.76, 84997, 2
266, 24, 0, 1, 0, 0, 25.00%, 0, 0, 1, 324.38, 86646, 2
271, 25, 0, 1, 0, 0, 25.00%, 0, 0, 1, 325.00, 88313, 2
276, 25, 0, 1, 0, 0, 25.00%, 0, 0, 1, 324.30, 89961, 2
281, 26, 0, 1, 0, 0, 25.00%, 0, 0, 1, 325.69, 91616, 2
286, 26, 0, 1, 0, 0, 25.00%, 0, 0, 1, 326.74, 93276, 2
291, 27, 0, 1, 0, 0, 25.00%, 0, 0, 1, 325.77, 94949, 2
296, 27, 0, 1, 0, 0, 25.00%, 0, 0, 1, 325.69, 96610, 2
301, 28, 0, 1, 0, 0, 25.00%, 0, 0, 1, 325.90, 98276, 2
306, 28, 0, 1, 0, 0, 25.00%, 0, 0, 1, 325.84, 99949, 2
311, 29, 0, 1, 0, 0, 25.00%, 0, 0, 1, 326.09, 101615, 2
317, 29, 0, 1, 0, 0, 25.00%, 0, 0, 1, 325.43, 103270, 2
322, 30, 0, 1, 0, 0, 25.00%, 0, 0, 1, 324.80, 104936, 2
327, 30, 0, 1, 0, 0, 25.00%, 0, 0, 1, 326.51, 106597, 2
332, 30, 0, 1, 0, 0, 25.00%, 0, 0, 1, 326.46, 108264, 2
337, 31, 0, 1, 0, 0, 25.00%, 0, 0, 1, 321.30, 109912, 2
342, 31, 0, 1, 0, 0, 25.00%, 0, 0, 1, 323.58, 111561, 2
347, 32, 0, 1, 0, 0, 25.00%, 0, 0, 1, 324.64, 113227, 2
352, 32, 0, 1, 0, 0, 25.00%, 0, 0, 1, 324.73, 114888, 2
358, 33, 0, 1, 0, 0, 25.00%, 0, 0, 1, 324.49, 116561, 2
363, 33, 0, 1, 0, 0, 25.00%, 0, 0, 1, 324.96, 118221, 2
368, 34, 0, 1, 0, 0, 25.00%, 0, 0, 1, 325.68, 119876, 2
373, 34, 0, 1, 0, 0, 25.00%, 0, 0, 1, 325.87, 121560, 2
378, 35, 0, 1, 0, 0, 25.00%, 0, 0, 1, 323.18, 123221, 2
383, 35, 0, 1, 0, 0, 25.00%, 0, 0, 1, 324.93, 124893, 2
388, 36, 0, 1, 0, 0, 25.00%, 0, 0, 1, 325.34, 126566, 2
393, 36, 0, 1, 0, 0, 25.00%, 0, 0, 1, 325.52, 128221, 2
399, 37, 0, 1, 0, 0, 25.00%, 0, 0, 1, 325.89, 129893, 2
400, 37, 0, 1, 0, 0, 25.00%, 1, 0, 1, 52.98, 130435, 2
