# relative_time, cycles_done, cur_item, corpus_count, pending_total, pending_favs, map_size, saved_crashes, saved_hangs, max_depth, execs_per_sec, total_execs, edges_found
61, 8, 1, 3, 0, 0, 32.26%, 0, 0, 2, 321.90, 19848, 10
66, 9, 0, 3, 0, 0, 32.26%, 0, 0, 2, 319.33, 21501, 10
73, 10, 1, 3, 0, 0, 32.26%, 0, 0, 2, 40.51, 23162, 10
78, 11, 2, 3, 0, 0, 32.26%, 0, 0, 2, 320.01, 24836, 10
83, 12, 0, 3, 0, 0, 32.26%, 0, 0, 2, 324.49, 26460, 10
88, 12, 1, 3, 0, 0, 32.26%, 0, 0, 2, 322.33, 28112, 10
93, 13, 1, 3, 0, 0, 32.26%, 0, 0, 2, 320.00, 29710, 10
98, 13, 0, 3, 0, 0, 32.26%, 0, 0, 2, 317.24, 31342, 10
104, 14, 2, 3, 0, 0, 32.26%, 0, 0, 2, 319.97, 33001, 10
109, 15, 0, 3, 0, 0, 32.26%, 0, 0, 2, 319.96, 34655, 10
114, 15, 1, 3, 0, 0, 32.26%, 0, 0, 2, 319.65, 36309, 10
119, 16, 1, 3, 0, 0, 32.26%, 0, 0, 2, 317.74, 37904, 10
124, 17, 1, 3, 0, 0, 32.26%, 0, 0, 2, 323.81, 39572, 10
129, 18, 1, 3, 0, 0, 32.26%, 0, 0, 2, 323.57, 41253, 10
135, 18, 0, 3, 0, 0, 32.26%, 0, 0, 2, 318.64, 42913, 10
140, 19, 2, 3, 0, 0, 32.26%, 0, 0, 2, 319.33, 44569, 10
145, 20, 1, 3, 0, 0, 32.26%, 0, 0, 2, 320.48, 46233, 10
150, 21, 2, 3, 0, 0, 32.26%, 0, 0, 2, 321.84, 47904, 10
155, 22, 1, 3, 0, 0, 32.26%, 0, 0, 2, 322.79, 49559, 10
160, 23, 2, 3, 0, 0, 32.26%, 0, 0, 2, 320.77, 51222, 10
166, 23, 1, 3, 0, 0, 32.26%, 0, 0, 2, 322.11, 52892, 10
167, 24, 1, 3, 0, 0, 32.26%, 1, 0, 2, 314.56, 53215, 10
