# relative_time, cycles_done, cur_item, corpus_count, pending_total, pending_favs, map_size, saved_crashes, saved_hangs, max_depth, execs_per_sec, total_execs, edges_found
61, 9, 2, 3, 0, 0, 32.26%, 0, 0, 2, 320.20, 19857, 10
67, 10, 0, 3, 0, 0, 32.26%, 0, 0, 2, 320.84, 21519, 10
72, 11, 2, 3, 0, 0, 32.26%, 0, 0, 2, 319.63, 23171, 10
77, 12, 0, 3, 0, 0, 32.26%, 0, 0, 2, 322.98, 24833, 10
82, 12, 2, 3, 0, 0, 32.26%, 0, 0, 2, 320.95, 26485, 10
87, 13, 2, 3, 0, 0, 32.26%, 0, 0, 2, 319.93, 28134, 10
92, 14, 2, 3, 0, 0, 32.26%, 0, 0, 2, 322.78, 29799, 10
98, 15, 0, 3, 0, 0, 32.26%, 0, 0, 2, 321.25, 31458, 10
103, 16, 0, 3, 0, 0, 32.26%, 0, 0, 2, 320.38, 33107, 10
108, 16, 0, 3, 0, 0, 32.26%, 0, 0, 2, 317.55, 34756, 10
113, 17, 2, 3, 0, 0, 32.26%, 0, 0, 2, 320.90, 36417, 10
118, 18, 2, 3, 0, 0, 32.26%, 0, 0, 2, 320.80, 38076, 10
123, 19, 2, 3, 0, 0, 32.26%, 0, 0, 2, 320.21, 39731, 10
129, 20, 2, 3, 0, 0, 32.26%, 0, 0, 2, 321.33, 41399, 10
134, 21, 2, 3, 0, 0, 32.26%, 0, 0, 2, 321.58, 43070, 10
139, 22, 0, 3, 0, 0, 32.26%, 0, 0, 2, 322.36, 44738, 10
144, 23, 2, 3, 0, 0, 32.26%, 0, 0, 2, 321.78, 46390, 10
149, 24, 0, 3, 0, 0, 32.26%, 0, 0, 2, 320.67, 48049, 10
154, 25, 2, 3, 0, 0, 32.26%, 0, 0, 2, 322.23, 49710, 10
160, 26, 2, 3, 0, 0, 32.26%, 0, 0, 2, 323.17, 51372, 10
165, 27, 2, 3, 0, 0, 32.26%, 0, 0, 2, 319.00, 53034, 10
170, 28, 0, 3, 0, 0, 32.26%, 0, 0, 2, 319.84, 54690, 10
175, 29, 2, 3, 0, 0, 32.26%, 0, 0, 2, 320.36, 56348, 10
180, 30, 2, 3, 0, 0, 32.26%, 0, 0, 2, 322.00, 58013, 10
185, 31, 2, 3, 0, 0, 32.26%, 0, 0, 2, 319.68, 59662, 10
191, 32, 0, 3, 0, 0, 32.26%, 0, 0, 2, 321.58, 61327, 10
196, 33, 2, 3, 0, 0, 32.26%, 0, 0, 2, 321.02, 62982, 10
201, 33, 0, 3, 0, 0, 32.26%, 0, 0, 2, 320.04, 64632, 10
206, 34, 2, 3, 0, 0, 32.26%, 0, 0, 2, 320.60, 66283, 10
211, 35, 2, 3, 0, 0, 32.26%, 0, 0, 2, 322.34, 67954, 10
216, 36, 0, 3, 0, 0, 32.26%, 0, 0, 2, 321.44, 69616, 10
222, 37, 2, 3, 0, 0, 32.26%, 0, 0, 2, 319.68, 71262, 10
227, 38, 2, 3, 0, 0, 32.26%, 0, 0, 2, 321.87, 72924, 10
232, 39, 0, 3, 0, 0, 32.26%, 0, 0, 2, 321.58, 74586, 10
232, 39, 0, 3, 0, 0, 32.26%, 1, 0, 2, 312.73, 74707, 10
