# relative_time, cycles_done, cur_item, corpus_count, pending_total, pending_favs, map_size, saved_crashes, saved_hangs, max_depth, execs_per_sec, total_execs, edges_found
61, 7, 2, 3, 0, 0, 30.43%, 0, 0, 2, 324.82, 19962, 7
66, 7, 2, 3, 0, 0, 30.43%, 0, 0, 2, 323.98, 21618, 7
71, 8, 2, 3, 0, 0, 30.43%, 0, 0, 2, 324.62, 23276, 7
76, 9, 0, 3, 0, 0, 30.43%, 0, 0, 2, 323.53, 24930, 7
81, 9, 0, 3, 0, 0, 30.43%, 0, 0, 2, 324.85, 26593, 7
86, 10, 2, 3, 0, 0, 30.43%, 0, 0, 2, 322.24, 28242, 7
92, 11, 2, 3, 0, 0, 30.43%, 0, 0, 2, 323.84, 29904, 7
97, 12, 2, 3, 0, 0, 30.43%, 0, 0, 2, 325.00, 31568, 7
102, 12, 0, 3, 0, 0, 30.43%, 0, 0, 2, 323.51, 33224, 7
107, 13, 2, 3, 0, 0, 30.43%, 0, 0, 2, 324.91, 34901, 7
112, 14, 2, 3, 0, 0, 30.43%, 0, 0, 2, 325.35, 36577, 7
117, 14, 2, 3, 0, 0, 30.43%, 0, 0, 2, 324.07, 38241, 7
122, 15, 2, 3, 0, 0, 30.43%, 0, 0, 2, 321.90, 39891, 7
128, 16, 2, 3, 0, 0, 30.43%, 0, 0, 2, 324.37, 41550, 7
133, 16, 0, 3, 0, 0, 30.43%, 0, 0, 2, 325.36, 43224, 7
138, 16, 0, 3, 0, 0, 30.43%, 0, 0, 2, 325.78, 44873, 7
143, 17, 2, 3, 0, 0, 30.43%, 0, 0, 2, 324.50, 46540, 7
148, 18, 2, 3, 0, 0, 30.43%, 0, 0, 2, 324.08, 48196, 7
153, 18, 0, 3, 0, 0, 30.43%, 0, 0, 2, 324.28, 49844, 7
158, 19, 2, 3, 0, 0, 30.43%, 0, 0, 2, 324.25, 51523, 7
163, 20, 0, 3, 0, 0, 30.43%, 0, 0, 2, 324.70, 53185, 7
168, 20, 0, 3, 0, 0, 30.43%, 0, 0, 2, 323.33, 54836, 7
174, 21, 0, 3, 0, 0, 30.43%, 0, 0, 2, 324.81, 56493, 7
179, 21, 2, 3, 0, 0, 30.43%, 0, 0, 2, 324.69, 58152, 7
184, 22, 2, 3, 0, 0, 30.43%, 0, 0, 2, 325.20, 59816, 7
189, 23, 2, 3, 0, 0, 30.43%, 0, 0, 2, 325.98, 61490, 7
194, 24, 2, 3, 0, 0, 30.43%, 0, 0, 2, 325.68, 63154, 7
199, 24, 2, 3, 0, 0, 30.43%, 0, 0, 2, 324.76, 64818, 7
204, 25, 2, 3, 0, 0, 30.43%, 0, 0, 2, 325.36, 66494, 7
209, 26, 2, 3, 0, 0, 30.43%, 0, 0, 2, 325.92, 68152, 7
215, 27, 2, 3, 0, 0, 30.43%, 0, 0, 2, 326.90, 69820, 7
220, 27, 2, 3, 0, 0, 30.43%, 0, 0, 2, 326.47, 71484, 7
225, 28, 2, 3, 0, 0, 30.43%, 0, 0, 2, 324.93, 73142, 7
230, 29, 2, 3, 0, 0, 30.43%, 0, 0, 2, 325.86, 74812, 7
235, 30, 2, 3, 0, 0, 30.43%, 0, 0, 2, 323.33, 76474, 7
240, 31, 2, 3, 0, 0, 30.43%, 0, 0, 2, 324.21, 78138, 7
245, 32, 0, 3, 0, 0, 30.43%, 0, 0, 2, 324.94, 79808, 7
250, 32, 2, 3, 0, 0, 30.43%, 0, 0, 2, 322.99, 81465, 7
256, 33, 2, 3, 0, 0, 30.43%, 0, 0, 2, 326.22, 83133, 7
261, 34, 2, 3, 0, 0, 30.43%, 0, 0, 2, 325.09, 84797, 7
266, 35, 2, 3, 0, 0, 30.43%, 0, 0, 2, 322.75, 86453, 7
271, 35, 2, 3, 0, 0, 30.43%, 0, 0, 2, 325.31, 88111, 7
276, 36, 2, 3, 0, 0, 30.43%, 0, 0, 2, 325.38, 89775, 7
281, 37, 2, 3, 0, 0, 30.43%, 0, 0, 2, 325.52, 91445, 7
286, 38, 2, 3, 0, 0, 30.43%, 0, 0, 2, 324.73, 93107, 7
291, 38, 2, 3, 0, 0, 30.43%, 0, 0, 2, 325.05, 94765, 7
296, 39, 2, 3, 0, 0, 30.43%, 0, 0, 2, 324.20, 96429, 7
302, 40, 2, 3, 0, 0, 30.43%, 0, 0, 2, 325.29, 98105, 7
307, 40, 2, 3, 0, 0, 30.43%, 0, 0, 2, 324.10, 99762, 7
312, 41, 1, 3, 0, 0, 30.43%, 0, 0, 2, 324.84, 101426, 7
317, 42, 2, 3, 0, 0, 30.43%, 0, 0, 2, 325.13, 103100, 7
322, 43, 2, 3, 0, 0, 30.43%, 0, 0, 2, 325.50, 104782, 7
327, 44, 2, 3, 0, 0, 30.43%, 0, 0, 2, 323.27, 106440, 7
332, 44, 2, 3, 0, 0, 30.43%, 0, 0, 2, 324.83, 108110, 7
338, 45, 2, 3, 0, 0, 30.43%, 0, 0, 2, 324.30, 109773, 7
343, 46, 2, 3, 0, 0, 30.43%, 0, 0, 2, 324.38, 111435, 7
348, 46, 2, 3, 0, 0, 30.43%, 0, 0, 2, 324.18, 113098, 7
353, 47, 2, 3, 0, 0, 30.43%, 0, 0, 2, 325.10, 114756, 7
358, 48, 2, 3, 0, 0, 30.43%, 0, 0, 2, 324.39, 116424, 7
363, 49, 2, 3, 0, 0, 30.43%, 0, 0, 2, 325.70, 118082, 7
368, 50, 2, 3, 0, 0, 30.43%, 0, 0, 2, 324.88, 119750, 7
373, 51, 2, 3, 0, 0, 30.43%, 0, 0, 2, 325.52, 121420, 7
379, 51, 2, 3, 0, 0, 30.43%, 0, 0, 2, 325.85, 123084, 7
384, 52, 1, 3, 0, 0, 30.43%, 0, 0, 2, 323.65, 124748, 7
389, 53, 2, 3, 0, 0, 30.43%, 0, 0, 2, 324.35, 126416, 7
394, 54, 2, 3, 0, 0, 30.43%, 0, 0, 2, 326.11, 128080, 7
399, 55, 2, 3, 0, 0, 30.43%, 0, 0, 2, 326.27, 129738, 7
404, 55, 2, 3, 0, 0, 30.43%, 0, 0, 2, 325.83, 131408, 7
409, 56, 2, 3, 0, 0, 30.43%, 0, 0, 2, 325.68, 133076, 7
414, 57, 2, 3, 0, 0, 30.43%, 0, 0, 2, 324.36, 134746, 7
419, 58, 2, 3, 0, 0, 30.43%, 0, 0, 2, 325.27, 136404, 7
425, 59, 2, 3, 0, 0, 30.43%, 0, 0, 2, 325.35, 138062, 7
430, 59, 2, 3, 0, 0, 30.43%, 0, 0, 2, 325.52, 139724, 7
435, 60, 0, 3, 0, 0, 30.43%, 0, 0, 2, 325.55, 141378, 7
440, 61, 2, 3, 0, 0, 30.43%, 0, 0, 2, 325.27, 143039, 7
445, 61, 2, 3, 0, 0, 30.43%, 0, 0, 2, 323.39, 144696, 7
450, 61, 2, 3, 0, 0, 30.43%, 0, 0, 2, 325.31, 146353, 7
455, 62, 2, 3, 0, 0, 30.43%, 0, 0, 2, 325.31, 148011, 7
460, 63, 2, 3, 0, 0, 30.43%, 0, 0, 2, 324.03, 149670, 7
466, 64, 2, 3, 0, 0, 30.43%, 0, 0, 2, 323.92, 151332, 7
471, 64, 2, 3, 0, 0, 30.43%, 0, 0, 2, 325.85, 153002, 7
476, 65, 0, 3, 0, 0, 30.43%, 0, 0, 2, 324.99, 154659, 7
481, 65, 2, 3, 0, 0, 30.43%, 0, 0, 2, 324.69, 156322, 7
486, 66, 2, 3, 0, 0, 30.43%, 0, 0, 2, 324.64, 157992, 7
491, 67, 2, 3, 0, 0, 30.43%, 0, 0, 2, 324.00, 159662, 7
496, 68, 2, 3, 0, 0, 30.43%, 0, 0, 2, 325.85, 161338, 7
498, 68, 0, 3, 0, 0, 30.43%, 1, 0, 2, 317.50, 161798, 7
