# relative_time, cycles_done, cur_item, corpus_count, pending_total, pending_favs, map_size, saved_crashes, saved_hangs, max_depth, execs_per_sec, total_execs, edges_found
61, 8, 2, 3, 0, 0, 30.43%, 0, 0, 2, 327.19, 20254, 7
66, 9, 2, 3, 0, 0, 30.43%, 0, 0, 2, 327.15, 21934, 7
72, 10, 2, 3, 0, 0, 30.43%, 0, 0, 2, 327.74, 23622, 7
77, 11, 1, 3, 0, 0, 30.43%, 0, 0, 2, 327.76, 25316, 7
82, 12, 2, 3, 0, 0, 30.43%, 0, 0, 2, 328.02, 27026, 7
87, 13, 2, 3, 0, 0, 30.43%, 0, 0, 2, 327.55, 28696, 7
92, 13, 0, 3, 0, 0, 30.43%, 0, 0, 2, 326.87, 30368, 7
97, 14, 2, 3, 0, 0, 30.43%, 0, 0, 2, 324.25, 32022, 7
102, 15, 2, 3, 0, 0, 30.43%, 0, 0, 2, 327.20, 33708, 7
107, 15, 2, 3, 0, 0, 30.43%, 0, 0, 2, 325.67, 35359, 7
113, 16, 2, 3, 0, 0, 30.43%, 0, 0, 2, 328.10, 37063, 7
118, 17, 0, 3, 0, 0, 30.43%, 0, 0, 2, 327.00, 38751, 7
123, 18, 2, 3, 0, 0, 30.43%, 0, 0, 2, 328.13, 40426, 7
128, 18, 2, 3, 0, 0, 30.43%, 0, 0, 2, 326.86, 42096, 7
133, 19, 2, 3, 0, 0, 30.43%, 0, 0, 2, 326.61, 43778, 7
138, 20, 2, 3, 0, 0, 30.43%, 0, 0, 2, 328.10, 45478, 7
143, 21, 2, 3, 0, 0, 30.43%, 0, 0, 2, 328.56, 47164, 7
149, 22, 2, 3, 0, 0, 30.43%, 0, 0, 2, 327.38, 48846, 7
154, 22, 2, 3, 0, 0, 30.43%, 0, 0, 2, 326.77, 50527, 7
159, 23, 2, 3, 0, 0, 30.43%, 0, 0, 2, 327.21, 52203, 7
164, 24, 0, 3, 0, 0, 30.43%, 0, 0, 2, 325.60, 53885, 7
169, 24, 2, 3, 0, 0, 30.43%, 0, 0, 2, 325.44, 55536, 7
174, 25, 0, 3, 0, 0, 30.43%, 0, 0, 2, 326.36, 57218, 7
179, 26, 2, 3, 0, 0, 30.43%, 0, 0, 2, 327.39, 58893, 7
184, 26, 2, 3, 0, 0, 30.43%, 0, 0, 2, 326.26, 60561, 7
190, 27, 2, 3, 0, 0, 30.43%, 0, 0, 2, 327.07, 62255, 7
195, 28, 2, 3, 0, 0, 30.43%, 0, 0, 2, 328.98, 63955, 7
200, 29, 0, 3, 0, 0, 30.43%, 0, 0, 2, 326.64, 65609, 7
205, 29, 1, 3, 0, 0, 30.43%, 0, 0, 2, 327.99, 67282, 7
210, 30, 2, 3, 0, 0, 30.43%, 0, 0, 2, 326.87, 68949, 7
215, 31, 2, 3, 0, 0, 30.43%, 0, 0, 2, 328.41, 70649, 7
220, 31, 2, 3, 0, 0, 30.43%, 0, 0, 2, 326.15, 72324, 7
226, 32, 2, 3, 0, 0, 30.43%, 0, 0, 2, 326.54, 73999, 7
231, 32, 0, 3, 0, 0, 30.43%, 0, 0, 2, 325.68, 75681, 7
236, 33, 0, 3, 0, 0, 30.43%, 0, 0, 2, 326.38, 77356, 7
241, 33, 2, 3, 0, 0, 30.43%, 0, 0, 2, 326.54, 79037, 7
246, 34, 2, 3, 0, 0, 30.43%, 0, 0, 2, 326.71, 80719, 7
251, 35, 2, 3, 0, 0, 30.43%, 0, 0, 2, 327.19, 82394, 7
256, 36, 2, 3, 0, 0, 30.43%, 0, 0, 2, 328.51, 84040, 7
261, 36, 2, 3, 0, 0, 30.43%, 0, 0, 2, 327.79, 85734, 7
267, 37, 2, 3, 0, 0, 30.43%, 0, 0, 2, 326.77, 87408, 7
272, 38, 2, 3, 0, 0, 30.43%, 0, 0, 2, 327.95, 89114, 7
277, 39, 2, 3, 0, 0, 30.43%, 0, 0, 2, 326.97, 90790, 7
282, 40, 2, 3, 0, 0, 30.43%, 0, 0, 2, 326.84, 92482, 7
287, 40, 0, 3, 0, 0, 30.43%, 0, 0, 2, 325.90, 94152, 7
292, 41, 0, 3, 0, 0, 30.43%, 0, 0, 2, 326.49, 95779, 7
297, 42, 0, 3, 0, 0, 30.43%, 0, 0, 2, 324.23, 97428, 7
302, 42, 0, 3, 0, 0, 30.43%, 0, 0, 2, 325.21, 99091, 7
308, 43, 2, 3, 0, 0, 30.43%, 0, 0, 2, 326.78, 100774, 7
313, 44, 2, 3, 0, 0, 30.43%, 0, 0, 2, 327.82, 102468, 7
318, 44, 2, 3, 0, 0, 30.43%, 0, 0, 2, 327.68, 104160, 7
323, 45, 2, 3, 0, 0, 30.43%, 0, 0, 2, 328.21, 105848, 7
328, 46, 2, 3, 0, 0, 30.43%, 0, 0, 2, 327.46, 107536, 7
333, 47, 0, 3, 0, 0, 30.43%, 0, 0, 2, 326.15, 109208, 7
335, 47, 0, 3, 0, 0, 30.43%, 1, 0, 2, 312.12, 109556, 7
