# relative_time, cycles_done, cur_item, corpus_count, pending_total, pending_favs, map_size, saved_crashes, saved_hangs, max_depth, execs_per_sec, total_execs, edges_found
61, 8, 0, 3, 0, 0, 36.00%, 0, 0, 2, 324.49, 20080, 9
66, 9, 2, 3, 0, 0, 36.00%, 0, 0, 2, 326.98, 21717, 9
71, 10, 2, 3, 0, 0, 36.00%, 0, 0, 2, 324.25, 23396, 9
76, 10, 0, 3, 0, 0, 36.00%, 0, 0, 2, 323.28, 25076, 9
82, 11, 2, 3, 0, 0, 36.00%, 0, 0, 2, 325.32, 26751, 9
87, 12, 2, 3, 0, 0, 36.00%, 0, 0, 2, 325.57, 28430, 9
92, 13, 2, 3, 0, 0, 36.00%, 0, 0, 2, 329.55, 30089, 9
97, 13, 0, 3, 0, 0, 36.00%, 0, 0, 2, 324.43, 31781, 9
102, 14, 0, 3, 0, 0, 36.00%, 0, 0, 2, 319.60, 33385, 9
107, 14, 0, 3, 0, 0, 36.00%, 0, 0, 2, 324.06, 35058, 9
112, 15, 0, 3, 0, 0, 36.00%, 0, 0, 2, 322.61, 36719, 9
117, 15, 2, 3, 0, 0, 36.00%, 0, 0, 2, 322.41, 38373, 9
123, 16, 2, 3, 0, 0, 36.00%, 0, 0, 2, 325.17, 40055, 9
128, 17, 2, 3, 0, 0, 36.00%, 0, 0, 2, 324.54, 41734, 9
133, 17, 0, 3, 0, 0, 36.00%, 0, 0, 2, 323.93, 43417, 9
138, 19, 2, 3, 0, 0, 36.00%, 0, 0, 2, 327.79, 45123, 9
143, 19, 0, 3, 0, 0, 36.00%, 0, 0, 2, 322.52, 46778, 9
148, 20, 0, 3, 0, 0, 36.00%, 0, 0, 2, 325.61, 48463, 9
154, 20, 2, 3, 0, 0, 36.00%, 0, 0, 2, 325.66, 50139, 9
159, 21, 2, 3, 0, 0, 36.00%, 0, 0, 2, 330.01, 51861, 9
164, 22, 0, 3, 0, 0, 36.00%, 0, 0, 2, 325.57, 53493, 9
167, 22, 0, 3, 0, 0, 36.00%, 1, 0, 2, 0.00, 54548, 9
