# relative_time, cycles_done, cur_item, corpus_count, pending_total, pending_favs, map_size, saved_crashes, saved_hangs, max_depth, execs_per_sec, total_execs, edges_found
61, 9, 2, 3, 0, 0, 36.00%, 0, 0, 2, 320.90, 19950, 9
66, 10, 2, 3, 0, 0, 36.00%, 0, 0, 2, 323.94, 21613, 9
72, 11, 1, 3, 0, 0, 36.00%, 0, 0, 2, 322.14, 23280, 9
77, 11, 0, 3, 0, 0, 36.00%, 0, 0, 2, 321.61, 24939, 9
82, 12, 1, 3, 0, 0, 36.00%, 0, 0, 2, 323.67, 26606, 9
87, 13, 0, 3, 0, 0, 36.00%, 0, 0, 2, 321.53, 28262, 9
92, 14, 2, 3, 0, 0, 36.00%, 0, 0, 2, 321.81, 29918, 9
97, 14, 2, 3, 0, 0, 36.00%, 0, 0, 2, 321.04, 31573, 9
103, 15, 1, 3, 0, 0, 36.00%, 0, 0, 2, 323.48, 33242, 9
108, 16, 1, 3, 0, 0, 36.00%, 0, 0, 2, 321.64, 34906, 9
113, 17, 1, 3, 0, 0, 36.00%, 0, 0, 2, 322.97, 36569, 9
118, 18, 0, 3, 0, 0, 36.00%, 0, 0, 2, 322.35, 38228, 9
123, 18, 0, 3, 0, 0, 36.00%, 0, 0, 2, 321.99, 39876, 9
128, 18, 0, 3, 0, 0, 36.00%, 0, 0, 2, 321.68, 41525, 9
133, 19, 2, 3, 0, 0, 36.00%, 0, 0, 2, 324.62, 43186, 9
139, 20, 2, 3, 0, 0, 36.00%, 0, 0, 2, 322.94, 44843, 9
144, 21, 0, 3, 0, 0, 36.00%, 0, 0, 2, 322.24, 46507, 9
149, 21, 1, 3, 0, 0, 36.00%, 0, 0, 2, 323.04, 48168, 9
154, 22, 0, 3, 0, 0, 36.00%, 0, 0, 2, 322.69, 49819, 9
159, 22, 2, 3, 0, 0, 36.00%, 0, 0, 2, 321.15, 51475, 9
164, 23, 2, 3, 0, 0, 36.00%, 0, 0, 2, 322.18, 53139, 9
169, 24, 0, 3, 0, 0, 36.00%, 0, 0, 2, 322.65, 54803, 9
175, 24, 1, 3, 0, 0, 36.00%, 0, 0, 2, 321.49, 56456, 9
180, 25, 1, 3, 0, 0, 36.00%, 0, 0, 2, 320.56, 58114, 9
185, 26, 1, 3, 0, 0, 36.00%, 0, 0, 2, 324.50, 59782, 9
190, 27, 2, 3, 0, 0, 36.00%, 0, 0, 2, 322.71, 61445, 9
195, 28, 0, 3, 0, 0, 36.00%, 0, 0, 2, 321.41, 63096, 9
200, 29, 1, 3, 0, 0, 36.00%, 0, 0, 2, 324.73, 64772, 9
205, 30, 1, 3, 0, 0, 36.00%, 0, 0, 2, 324.15, 66437, 9
211, 31, 1, 3, 0, 0, 36.00%, 0, 0, 2, 324.45, 68103, 9
216, 31, 0, 3, 0, 0, 36.00%, 0, 0, 2, 320.60, 69749, 9
221, 32, 2, 3, 0, 0, 36.00%, 0, 0, 2, 323.30, 71422, 9
225, 32, 0, 3, 0, 0, 36.00%, 1, 0, 2, 309.28, 72568, 9
