# relative_time, cycles_done, cur_item, corpus_count, pending_total, pending_favs, map_size, saved_crashes, saved_hangs, max_depth, execs_per_sec, total_execs, edges_found
61, 8, 0, 3, 0, 0, 36.00%, 0, 0, 2, 323.29, 19882, 9
66, 8, 0, 3, 0, 0, 36.00%, 0, 0, 2, 320.60, 21534, 9
71, 9, 0, 3, 0, 0, 36.00%, 0, 0, 2, 321.93, 23186, 9
76, 9, 2, 3, 0, 0, 36.00%, 0, 0, 2, 320.60, 24834, 9
82, 10, 0, 3, 0, 0, 36.00%, 0, 0, 2, 323.82, 26502, 9
87, 11, 2, 3, 0, 0, 36.00%, 0, 0, 2, 321.96, 28148, 9
92, 12, 2, 3, 0, 0, 36.00%, 0, 0, 2, 324.23, 29810, 9
97, 13, 2, 3, 0, 0, 36.00%, 0, 0, 2, 323.95, 31475, 9
102, 14, 2, 3, 0, 0, 36.00%, 0, 0, 2, 321.26, 33130, 9
107, 14, 1, 3, 0, 0, 36.00%, 0, 0, 2, 322.76, 34791, 9
112, 15, 0, 3, 0, 0, 36.00%, 0, 0, 2, 322.45, 36447, 9
118, 15, 0, 3, 0, 0, 36.00%, 0, 0, 2, 321.54, 38095, 9
123, 16, 0, 3, 0, 0, 36.00%, 0, 0, 2, 321.55, 39753, 9
128, 16, 0, 3, 0, 0, 36.00%, 0, 0, 2, 321.52, 41405, 9
133, 17, 2, 3, 0, 0, 36.00%, 0, 0, 2, 317.34, 43033, 9
138, 18, 2, 3, 0, 0, 36.00%, 0, 0, 2, 322.62, 44698, 9
143, 20, 2, 3, 0, 0, 36.00%, 0, 0, 2, 324.90, 46390, 9
149, 20, 0, 3, 0, 0, 36.00%, 0, 0, 2, 321.27, 48043, 9
154, 21, 2, 3, 0, 0, 36.00%, 0, 0, 2, 323.65, 49704, 9
159, 23, 2, 3, 0, 0, 36.00%, 0, 0, 2, 324.99, 51378, 9
164, 23, 0, 3, 0, 0, 36.00%, 0, 0, 2, 322.31, 53030, 9
169, 23, 0, 3, 0, 0, 36.00%, 0, 0, 2, 321.00, 54679, 9
174, 24, 2, 3, 0, 0, 36.00%, 0, 0, 2, 323.66, 56346, 9
179, 25, 0, 3, 0, 0, 36.00%, 0, 0, 2, 321.06, 57996, 9
185, 25, 0, 3, 0, 0, 36.00%, 0, 0, 2, 320.82, 59657, 9
190, 26, 0, 3, 0, 0, 36.00%, 0, 0, 2, 322.35, 61321, 9
195, 28, 2, 3, 0, 0, 36.00%, 0, 0, 2, 322.76, 62970, 9
200, 28, 0, 3, 0, 0, 36.00%, 0, 0, 2, 322.25, 64629, 9
205, 29, 0, 3, 0, 0, 36.00%, 0, 0, 2, 322.48, 66284, 9
210, 30, 0, 3, 0, 0, 36.00%, 0, 0, 2, 320.17, 67930, 9
215, 30, 0, 3, 0, 0, 36.00%, 0, 0, 2, 322.35, 69588, 9
220, 31, 2, 3, 0, 0, 36.00%, 0, 0, 2, 322.47, 71246, 9
226, 31, 0, 3, 0, 0, 36.00%, 0, 0, 2, 320.85, 72898, 9
231, 32, 2, 3, 0, 0, 36.00%, 0, 0, 2, 324.22, 74565, 9
236, 33, 0, 3, 0, 0, 36.00%, 0, 0, 2, 322.43, 76224, 9
241, 33, 0, 3, 0, 0, 36.00%, 0, 0, 2, 321.14, 77885, 9
246, 34, 2, 3, 0, 0, 36.00%, 0, 0, 2, 323.05, 79546, 9
251, 35, 0, 3, 0, 0, 36.00%, 0, 0, 2, 324.12, 81214, 9
256, 35, 0, 3, 0, 0, 36.00%, 0, 0, 2, 322.40, 82863, 9
262, 37, 2, 3, 0, 0, 36.00%, 0, 0, 2, 323.60, 84533, 9
267, 38, 0, 3, 0, 0, 36.00%, 0, 0, 2, 322.46, 86192, 9
272, 38, 2, 3, 0, 0, 36.00%, 0, 0, 2, 323.98, 87853, 9
277, 39, 0, 3, 0, 0, 36.00%, 0, 0, 2, 321.29, 89515, 9
282, 40, 2, 3, 0, 0, 36.00%, 0, 0, 2, 323.26, 91182, 9
287, 41, 0, 3, 0, 0, 36.00%, 0, 0, 2, 323.79, 92838, 9
293, 41, 0, 3, 0, 0, 36.00%, 0, 0, 2, 321.71, 94487, 9
298, 42, 2, 3, 0, 0, 36.00%, 0, 0, 2, 321.84, 96138, 9
303, 42, 2, 3, 0, 0, 36.00%, 0, 0, 2, 321.34, 97784, 9
308, 43, 2, 3, 0, 0, 36.00%, 0, 0, 2, 322.14, 99436, 9
313, 43, 0, 3, 0, 0, 36.00%, 0, 0, 2, 322.19, 101095, 9
318, 44, 2, 3, 0, 0, 36.00%, 0, 0, 2, 322.77, 102752, 9
323, 44, 0, 3, 0, 0, 36.00%, 0, 0, 2, 322.11, 104408, 9
328, 45, 0, 3, 0, 0, 36.00%, 0, 0, 2, 322.27, 106066, 9
334, 46, 0, 3, 0, 0, 36.00%, 0, 0, 2, 321.80, 107718, 9
339, 46, 0, 3, 0, 0, 36.00%, 0, 0, 2, 322.65, 109382, 9
344, 47, 0, 3, 0, 0, 36.00%, 0, 0, 2, 322.94, 111037, 9
349, 48, 2, 3, 0, 0, 36.00%, 0, 0, 2, 323.48, 112692, 9
354, 48, 0, 3, 0, 0, 36.00%, 0, 0, 2, 321.51, 114344, 9
359, 49, 1, 3, 0, 0, 36.00%, 0, 0, 2, 323.45, 116002, 9
364, 50, 0, 3, 0, 0, 36.00%, 0, 0, 2, 322.79, 117673, 9
370, 50, 1, 3, 0, 0, 36.00%, 0, 0, 2, 321.06, 119327, 9
375, 51, 0, 3, 0, 0, 36.00%, 0, 0, 2, 321.53, 120979, 9
380, 51, 2, 3, 0, 0, 36.00%, 0, 0, 2, 323.03, 122628, 9
385, 52, 2, 3, 0, 0, 36.00%, 0, 0, 2, 324.34, 124299, 9
390, 54, 2, 3, 0, 0, 36.00%, 0, 0, 2, 322.43, 125967, 9
395, 54, 0, 3, 0, 0, 36.00%, 0, 0, 2, 323.10, 127632, 9
400, 55, 0, 3, 0, 0, 36.00%, 0, 0, 2, 322.85, 129290, 9
406, 55, 0, 3, 0, 0, 36.00%, 0, 0, 2, 322.16, 130939, 9
411, 56, 0, 3, 0, 0, 36.00%, 0, 0, 2, 322.16, 132603, 9
416, 56, 2, 3, 0, 0, 36.00%, 0, 0, 2, 322.05, 134248, 9
421, 57, 0, 3, 0, 0, 36.00%, 0, 0, 2, 322.09, 135910, 9
426, 58, 2, 3, 0, 0, 36.00%, 0, 0, 2, 323.76, 137574, 9
431, 59, 2, 3, 0, 0, 36.00%, 0, 0, 2, 322.74, 139236, 9
436, 60, 0, 3, 0, 0, 36.00%, 0, 0, 2, 323.16, 140898, 9
442, 60, 0, 3, 0, 0, 36.00%, 0, 0, 2, 322.84, 142547, 9
447, 61, 0, 3, 0, 0, 36.00%, 0, 0, 2, 320.82, 144157, 9
452, 61, 0, 3, 0, 0, 36.00%, 0, 0, 2, 321.03, 145806, 9
457, 62, 0, 3, 0, 0, 36.00%, 0, 0, 2, 322.41, 147467, 9
462, 63, 2, 3, 0, 0, 36.00%, 0, 0, 2, 323.50, 149134, 9
467, 64, 0, 3, 0, 0, 36.00%, 0, 0, 2, 324.11, 150802, 9
472, 64, 2, 3, 0, 0, 36.00%, 0, 0, 2, 323.01, 152450, 9
477, 65, 0, 3, 0, 0, 36.00%, 0, 0, 2, 322.51, 154124, 9
483, 65, 0, 3, 0, 0, 36.00%, 0, 0, 2, 323.29, 155782, 9
488, 66, 2, 3, 0, 0, 36.00%, 0, 0, 2, 322.27, 157430, 9
493, 67, 2, 3, 0, 0, 36.00%, 0, 0, 2, 323.27, 159101, 9
498, 68, 0, 3, 0, 0, 36.00%, 0, 0, 2, 323.97, 160763, 9
503, 69, 2, 3, 0, 0, 36.00%, 0, 0, 2, 323.82, 162427, 9
508, 69, 2, 3, 0, 0, 36.00%, 0, 0, 2, 321.80, 164082, 9
513, 71, 2, 3, 0, 0, 36.00%, 0, 0, 2, 320.60, 165741, 9
519, 71, 0, 3, 0, 0, 36.00%, 0, 0, 2, 316.90, 167360, 9
524, 72, 2, 3, 0, 0, 36.00%, 0, 0, 2, 321.58, 169012, 9
529, 72, 0, 3, 0, 0, 36.00%, 0, 0, 2, 321.30, 170664, 9
534, 73, 2, 3, 0, 0, 36.00%, 0, 0, 2, 323.19, 172325, 9
539, 74, 2, 3, 0, 0, 36.00%, 0, 0, 2, 323.62, 174005, 9
544, 75, 2, 3, 0, 0, 36.00%, 0, 0, 2, 323.65, 175673, 9
549, 76, 0, 3, 0, 0, 36.00%, 0, 0, 2, 324.61, 177344, 9
555, 77, 0, 3, 0, 0, 36.00%, 0, 0, 2, 320.32, 178993, 9
558, 77, 2, 3, 0, 0, 36.00%, 1, 0, 2, 308.00, 180007, 9
