# relative_time, cycles_done, cur_item, corpus_count, pending_total, pending_favs, map_size, saved_crashes, saved_hangs, max_depth, execs_per_sec, total_execs, edges_found
61, 9, 2, 3, 0, 0, 36.00%, 0, 0, 2, 328.86, 20217, 9
66, 10, 2, 3, 0, 0, 36.00%, 0, 0, 2, 328.90, 21870, 9
71, 11, 2, 3, 0, 0, 36.00%, 0, 0, 2, 330.79, 23538, 9
76, 12, 0, 3, 0, 0, 36.00%, 0, 0, 2, 327.70, 25188, 9
82, 12, 0, 3, 0, 0, 36.00%, 0, 0, 2, 316.32, 26789, 9
87, 13, 2, 3, 0, 0, 36.00%, 0, 0, 2, 321.91, 28443, 9
92, 13, 0, 3, 0, 0, 36.00%, 0, 0, 2, 324.22, 30138, 9
97, 14, 0, 3, 0, 0, 36.00%, 0, 0, 2, 323.08, 31817, 9
102, 15, 0, 3, 0, 0, 36.00%, 0, 0, 2, 326.66, 33514, 9
107, 16, 2, 3, 0, 0, 36.00%, 0, 0, 2, 328.27, 35205, 9
113, 16, 2, 3, 0, 0, 36.00%, 0, 0, 2, 325.76, 36881, 9
118, 17, 2, 3, 0, 0, 36.00%, 0, 0, 2, 322.28, 38536, 9
123, 18, 0, 3, 0, 0, 36.00%, 0, 0, 2, 323.82, 40225, 9
128, 19, 2, 3, 0, 0, 36.00%, 0, 0, 2, 329.03, 41934, 9
133, 20, 0, 3, 0, 0, 36.00%, 0, 0, 2, 324.24, 43629, 9
139, 20, 2, 3, 0, 0, 36.00%, 0, 0, 2, 326.92, 45311, 9
144, 22, 0, 3, 0, 0, 36.00%, 0, 0, 2, 326.08, 46958, 9
149, 22, 2, 3, 0, 0, 36.00%, 0, 0, 2, 322.83, 48625, 9
154, 24, 2, 3, 0, 0, 36.00%, 0, 0, 2, 328.23, 50284, 9
159, 24, 0, 3, 0, 0, 36.00%, 0, 0, 2, 324.39, 51955, 9
164, 25, 0, 3, 0, 0, 36.00%, 0, 0, 2, 327.41, 53604, 9
169, 26, 0, 3, 0, 0, 36.00%, 0, 0, 2, 323.36, 55259, 9
174, 26, 0, 3, 0, 0, 36.00%, 0, 0, 2, 322.74, 56908, 9
179, 26, 0, 3, 0, 0, 36.00%, 0, 0, 2, 323.28, 58571, 9
184, 27, 0, 3, 0, 0, 36.00%, 0, 0, 2, 321.35, 60220, 9
190, 27, 0, 3, 0, 0, 36.00%, 0, 0, 2, 324.17, 61884, 9
195, 28, 0, 3, 0, 0, 36.00%, 0, 0, 2, 323.42, 63551, 9
200, 28, 2, 3, 0, 0, 36.00%, 0, 0, 2, 321.71, 65205, 9
205, 28, 2, 3, 0, 0, 36.00%, 0, 0, 2, 324.90, 66875, 9
210, 29, 2, 3, 0, 0, 36.00%, 0, 0, 2, 323.05, 68488, 9
215, 30, 2, 3, 0, 0, 36.00%, 0, 0, 2, 327.64, 70189, 9
220, 31, 2, 3, 0, 0, 36.00%, 0, 0, 2, 329.65, 71845, 9
225, 33, 2, 3, 0, 0, 36.00%, 0, 0, 2, 329.92, 73549, 9
231, 34, 0, 3, 0, 0, 36.00%, 0, 0, 2, 324.65, 75235, 9
236, 34, 0, 3, 0, 0, 36.00%, 0, 0, 2, 323.43, 76893, 9
241, 35, 0, 3, 0, 0, 36.00%, 0, 0, 2, 321.57, 78542, 9
246, 35, 2, 3, 0, 0, 36.00%, 0, 0, 2, 320.67, 80211, 9
251, 36, 2, 3, 0, 0, 36.00%, 0, 0, 2, 326.33, 81858, 9
256, 37, 0, 3, 0, 0, 36.00%, 0, 0, 2, 326.39, 83511, 9
261, 38, 2, 3, 0, 0, 36.00%, 0, 0, 2, 327.52, 85199, 9
266, 39, 2, 3, 0, 0, 36.00%, 0, 0, 2, 330.35, 86858, 9
271, 40, 2, 3, 0, 0, 36.00%, 0, 0, 2, 329.78, 88526, 9
277, 42, 2, 3, 0, 0, 36.00%, 0, 0, 2, 328.10, 90233, 9
282, 42, 0, 3, 0, 0, 36.00%, 0, 0, 2, 324.28, 91891, 9
287, 42, 0, 3, 0, 0, 36.00%, 0, 0, 2, 322.41, 93546, 9
292, 43, 0, 3, 0, 0, 36.00%, 0, 0, 2, 321.65, 95194, 9
297, 43, 2, 3, 0, 0, 36.00%, 0, 0, 2, 325.19, 96864, 9
302, 44, 2, 3, 0, 0, 36.00%, 0, 0, 2, 324.54, 98543, 9
307, 44, 2, 3, 0, 0, 36.00%, 0, 0, 2, 325.19, 100228, 9
313, 45, 2, 3, 0, 0, 36.00%, 0, 0, 2, 323.93, 101901, 9
318, 46, 0, 3, 0, 0, 36.00%, 0, 0, 2, 325.03, 103578, 9
323, 47, 0, 3, 0, 0, 36.00%, 0, 0, 2, 326.82, 105275, 9
328, 47, 0, 3, 0, 0, 36.00%, 0, 0, 2, 326.36, 106948, 9
333, 48, 2, 3, 0, 0, 36.00%, 0, 0, 2, 326.27, 108618, 9
338, 49, 2, 3, 0, 0, 36.00%, 0, 0, 2, 328.56, 110322, 9
343, 50, 2, 3, 0, 0, 36.00%, 0, 0, 2, 330.13, 111987, 9
349, 52, 2, 3, 0, 0, 36.00%, 0, 0, 2, 329.76, 113691, 9
354, 52, 2, 3, 0, 0, 36.00%, 0, 0, 2, 322.84, 115364, 9
359, 53, 2, 3, 0, 0, 36.00%, 0, 0, 2, 325.93, 117058, 9
364, 53, 0, 3, 0, 0, 36.00%, 0, 0, 2, 325.34, 118750, 9
369, 54, 0, 3, 0, 0, 36.00%, 0, 0, 2, 323.39, 120402, 9
374, 54, 0, 3, 0, 0, 36.00%, 0, 0, 2, 324.34, 122059, 9
380, 55, 2, 3, 0, 0, 36.00%, 0, 0, 2, 324.36, 123729, 9
385, 55, 2, 3, 0, 0, 36.00%, 0, 0, 2, 323.84, 125396, 9
390, 57, 2, 3, 0, 0, 36.00%, 0, 0, 2, 329.52, 127118, 9
395, 58, 2, 3, 0, 0, 36.00%, 0, 0, 2, 330.37, 128780, 9
400, 58, 0, 3, 0, 0, 36.00%, 0, 0, 2, 326.19, 130463, 9
405, 59, 0, 3, 0, 0, 36.00%, 0, 0, 2, 322.90, 132133, 9
411, 59, 0, 3, 0, 0, 36.00%, 0, 0, 2, 323.08, 133818, 9
416, 60, 2, 3, 0, 0, 36.00%, 0, 0, 2, 329.10, 135473, 9
421, 62, 2, 3, 0, 0, 36.00%, 0, 0, 2, 329.92, 137189, 9
426, 63, 0, 3, 0, 0, 36.00%, 0, 0, 2, 328.28, 138890, 9
431, 63, 0, 3, 0, 0, 36.00%, 0, 0, 2, 323.20, 140539, 9
436, 64, 2, 3, 0, 0, 36.00%, 0, 0, 2, 328.15, 142242, 9
441, 65, 2, 3, 0, 0, 36.00%, 0, 0, 2, 330.17, 143952, 9
446, 67, 2, 3, 0, 0, 36.00%, 0, 0, 2, 329.05, 145605, 9
452, 67, 0, 3, 0, 0, 36.00%, 0, 0, 2, 323.08, 147276, 9
457, 68, 2, 3, 0, 0, 36.00%, 0, 0, 2, 328.13, 148970, 9
462, 69, 0, 3, 0, 0, 36.00%, 0, 0, 2, 324.24, 150638, 9
467, 70, 2, 3, 0, 0, 36.00%, 0, 0, 2, 325.06, 152316, 9
472, 70, 0, 3, 0, 0, 36.00%, 0, 0, 2, 321.68, 153968, 9
477, 70, 0, 3, 0, 0, 36.00%, 0, 0, 2, 321.30, 155617, 9
483, 71, 0, 3, 0, 0, 36.00%, 0, 0, 2, 325.70, 157317, 9
488, 72, 2, 3, 0, 0, 36.00%, 0, 0, 2, 328.31, 159011, 9
493, 73, 2, 3, 0, 0, 36.00%, 0, 0, 2, 326.28, 160678, 9
498, 74, 2, 3, 0, 0, 36.00%, 0, 0, 2, 330.04, 162397, 9
503, 75, 0, 3, 0, 0, 36.00%, 0, 0, 2, 327.56, 164044, 9
508, 76, 2, 3, 0, 0, 36.00%, 0, 0, 2, 328.58, 165735, 9
513, 76, 0, 3, 0, 0, 36.00%, 0, 0, 2, 322.42, 167412, 9
519, 77, 0, 3, 0, 0, 36.00%, 0, 0, 2, 322.08, 169082, 9
524, 78, 0, 3, 0, 0, 36.00%, 0, 0, 2, 324.31, 170782, 9
529, 79, 2, 3, 0, 0, 36.00%, 0, 0, 2, 328.27, 172488, 9
534, 80, 1, 3, 0, 0, 36.00%, 0, 0, 2, 330.65, 174210, 9
539, 82, 2, 3, 0, 0, 36.00%, 0, 0, 2, 331.16, 175929, 9
544, 83, 1, 3, 0, 0, 36.00%, 0, 0, 2, 329.66, 177591, 9
550, 84, 2, 3, 0, 0, 36.00%, 0, 0, 2, 330.91, 179310, 9
555, 85, 0, 3, 0, 0, 36.00%, 0, 0, 2, 326.09, 180981, 9
560, 86, 0, 3, 0, 0, 36.00%, 0, 0, 2, 325.46, 182681, 9
565, 86, 2, 3, 0, 0, 36.00%, 0, 0, 2, 328.40, 184381, 9
570, 88, 2, 3, 0, 0, 36.00%, 0, 0, 2, 328.57, 186088, 9
575, 89, 2, 3, 0, 0, 36.00%, 0, 0, 2, 329.25, 187750, 9
580, 90, 2, 3, 0, 0, 36.00%, 0, 0, 2, 329.01, 189397, 9
584, 91, 2, 3, 0, 0, 36.00%, 1, 0, 2, 321.55, 190560, 9
