# relative_time, cycles_done, cur_item, corpus_count, pending_total, pending_favs, map_size, saved_crashes, saved_hangs, max_depth, execs_per_sec, total_execs, edges_found
61, 5, 0, 1, 0, 0, 25.00%, 0, 0, 1, 324.62, 20001, 2
66, 6, 0, 1, 0, 0, 25.00%, 0, 0, 1, 325.83, 21673, 2
71, 6, 0, 1, 0, 0, 25.00%, 0, 0, 1, 326.58, 23346, 2
76, 7, 0, 1, 0, 0, 25.00%, 0, 0, 1, 324.16, 25012, 2
82, 7, 0, 1, 0, 0, 25.00%, 0, 0, 1, 325.88, 26691, 2
87, 8, 0, 1, 0, 0, 25.00%, 0, 0, 1, 326.02, 28352, 2
92, 8, 0, 1, 0, 0, 25.00%, 0, 0, 1, 325.04, 30006, 2
97, 9, 0, 1, 0, 0, 25.00%, 0, 0, 1, 325.06, 31655, 2
102, 9, 0, 1, 0, 0, 25.00%, 0, 0, 1, 324.74, 33321, 2
107, 10, 0, 1, 0, 0, 25.00%, 0, 0, 1, 325.11, 34994, 2
112, 10, 0, 1, 0, 0, 25.00%, 0, 0, 1, 325.76, 36661, 2
117, 11, 0, 1, 0, 0, 25.00%, 0, 0, 1, 325.09, 38309, 2
122, 11, 0, 1, 0, 0, 25.00%, 0, 0, 1, 325.35, 39964, 2
127, 12, 0, 1, 0, 0, 25.00%, 0, 0, 1, 325.42, 41630, 2
133, 12, 0, 1, 0, 0, 25.00%, 0, 0, 1, 326.27, 43309, 2
138, 13, 0, 1, 0, 0, 25.00%, 0, 0, 1, 325.73, 44975, 2
143, 13, 0, 1, 0, 0, 25.00%, 0, 0, 1, 325.30, 46624, 2
148, 13, 0, 1, 0, 0, 25.00%, 0, 0, 1, 324.38, 48291, 2
153, 14, 0, 1, 0, 0, 25.00%, 0, 0, 1, 325.59, 49957, 2
158, 14, 0, 1, 0, 0, 25.00%, 0, 0, 1, 325.35, 51612, 2
163, 15, 0, 1, 0, 0, 25.00%, 0, 0, 1, 324.59, 53284, 2
168, 15, 0, 1, 0, 0, 25.00%, 0, 0, 1, 325.63, 54963, 2
174, 16, 0, 1, 0, 0, 25.00%, 0, 0, 1, 325.44, 56630, 2
179, 16, 0, 1, 0, 0, 25.00%, 0, 0, 1, 324.63, 58296, 2
184, 17, 0, 1, 0, 0, 25.00%, 0, 0, 1, 325.11, 59969, 2
189, 17, 0, 1, 0, 0, 25.00%, 0, 0, 1, 325.00, 61623, 2
194, 18, 0, 1, 0, 0, 25.00%, 0, 0, 1, 325.25, 63290, 2
199, 18, 0, 1, 0, 0, 25.00%, 0, 0, 1, 325.64, 64950, 2
204, 19, 0, 1, 0, 0, 25.00%, 0, 0, 1, 325.84, 66611, 2
209, 19, 0, 1, 0, 0, 25.00%, 0, 0, 1, 324.63, 68260, 2
214, 20, 0, 1, 0, 0, 25.00%, 0, 0, 1, 324.61, 69914, 2
220, 20, 0, 1, 0, 0, 25.00%, 0, 0, 1, 324.76, 71587, 2
225, 21, 0, 1, 0, 0, 25.00%, 0, 0, 1, 324.59, 73235, 2
230, 21, 0, 1, 0, 0, 25.00%, 0, 0, 1, 325.39, 74890, 2
235, 21, 0, 1, 0, 0, 25.00%, 0, 0, 1, 325.36, 76551, 2
240, 22, 0, 1, 0, 0, 25.00%, 0, 0, 1, 323.24, 78217, 2
245, 22, 0, 1, 0, 0, 25.00%, 0, 0, 1, 325.75, 79896, 2
250, 23, 0, 1, 0, 0, 25.00%, 0, 0, 1, 325.55, 81562, 2
255, 23, 0, 1, 0, 0, 25.00%, 0, 0, 1, 324.53, 83223, 2
261, 24, 0, 1, 0, 0, 25.00%, 0, 0, 1, 326.11, 84889, 2
266, 24, 0, 1, 0, 0, 25.00%, 0, 0, 1, 325.23, 86550, 2
271, 25, 0, 1, 0, 0, 25.00%, 0, 0, 1, 325.58, 88223, 2
276, 25, 0, 1, 0, 0, 25.00%, 0, 0, 1, 326.15, 89889, 2
281, 26, 0, 1, 0, 0, 25.00%, 0, 0, 1, 325.76, 91562, 2
286, 26, 0, 1, 0, 0, 25.00%, 0, 0, 1, 324.95, 93222, 2
291, 27, 0, 1, 0, 0, 25.00%, 0, 0, 1, 325.34, 94877, 2
296, 27, 0, 1, 0, 0, 25.00%, 0, 0, 1, 325.29, 96526, 2
301, 28, 0, 1, 0, 0, 25.00%, 0, 0, 1, 324.14, 98186, 2
307, 28, 0, 1, 0, 0, 25.00%, 0, 0, 1, 326.69, 99853, 2
312, 29, 0, 1, 0, 0, 25.00%, 0, 0, 1, 325.17, 101507, 2
317, 29, 0, 1, 0, 0, 25.00%, 0, 0, 1, 324.30, 103174, 2
322, 29, 0, 1, 0, 0, 25.00%, 0, 0, 1, 325.02, 104835, 2
327, 30, 0, 1, 0, 0, 25.00%, 0, 0, 1, 324.60, 106489, 2
332, 30, 0, 1, 0, 0, 25.00%, 0, 0, 1, 324.87, 108150, 2
337, 31, 0, 1, 0, 0, 25.00%, 0, 0, 1, 324.75, 109804, 2
342, 31, 0, 1, 0, 0, 25.00%, 0, 0, 1, 326.11, 111471, 2
347, 32, 0, 1, 0, 0, 25.00%, 0, 0, 1, 325.37, 113131, 2
352, 32, 0, 1, 0, 0, 25.00%, 0, 0, 1, 324.65, 114792, 2
358, 33, 0, 1, 0, 0, 25.00%, 0, 0, 1, 325.36, 116459, 2
363, 33, 0, 1, 0, 0, 25.00%, 0, 0, 1, 325.20, 118125, 2
368, 34, 0, 1, 0, 0, 25.00%, 0, 0, 1, 325.76, 119792, 2
373, 34, 0, 1, 0, 0, 25.00%, 0, 0, 1, 325.82, 121464, 2
378, 35, 0, 1, 0, 0, 25.00%, 0, 0, 1, 324.46, 123125, 2
383, 35, 0, 1, 0, 0, 25.00%, 0, 0, 1, 324.58, 124780, 2
388, 36, 0, 1, 0, 0, 25.00%, 0, 0, 1, 325.04, 126440, 2
393, 36, 0, 1, 0, 0, 25.00%, 0, 0, 1, 325.18, 128101, 2
398, 37, 0, 1, 0, 0, 25.00%, 0, 0, 1, 325.84, 129767, 2
404, 37, 0, 1, 0, 0, 25.00%, 0, 0, 1, 325.17, 131416, 2
409, 38, 0, 1, 0, 0, 25.00%, 0, 0, 1, 324.55, 133070, 2
414, 38, 0, 1, 0, 0, 25.00%, 0, 0, 1, 322.27, 134719, 2
419, 38, 0, 1, 0, 0, 25.00%, 0, 0, 1, 324.38, 136380, 2
424, 39, 0, 1, 0, 0, 25.00%, 0, 0, 1, 324.62, 138034, 2
429, 39, 0, 1, 0, 0, 25.00%, 0, 0, 1, 324.51, 139695, 2
433, 40, 0, 1, 0, 0, 25.00%, 1, 0, 1, 14.81, 140890, 2
