# relative_time, cycles_done, cur_item, corpus_count, pending_total, pending_favs, map_size, saved_crashes, saved_hangs, max_depth, execs_per_sec, total_execs, edges_found
61, 7, 2, 3, 0, 0, 30.43%, 0, 0, 2, 323.99, 19876, 7
66, 7, 0, 3, 0, 0, 30.43%, 0, 0, 2, 320.21, 21520, 7
71, 8, 2, 3, 0, 0, 30.43%, 0, 0, 2, 324.13, 23183, 7
76, 9, 2, 3, 0, 0, 30.43%, 0, 0, 2, 323.61, 24841, 7
82, 10, 2, 3, 0, 0, 30.43%, 0, 0, 2, 323.04, 26505, 7
87, 10, 2, 3, 0, 0, 30.43%, 0, 0, 2, 323.33, 28155, 7
92, 11, 2, 3, 0, 0, 30.43%, 0, 0, 2, 323.54, 29813, 7
97, 12, 2, 3, 0, 0, 30.43%, 0, 0, 2, 323.09, 31477, 7
102, 13, 2, 3, 0, 0, 30.43%, 0, 0, 2, 323.27, 33135, 7
107, 14, 2, 3, 0, 0, 30.43%, 0, 0, 2, 323.17, 34791, 7
112, 15, 2, 3, 0, 0, 30.43%, 0, 0, 2, 323.13, 36449, 7
117, 15, 2, 3, 0, 0, 30.43%, 0, 0, 2, 322.20, 38111, 7
123, 16, 2, 3, 0, 0, 30.43%, 0, 0, 2, 322.05, 39769, 7
128, 17, 2, 3, 0, 0, 30.43%, 0, 0, 2, 322.36, 41427, 7
133, 18, 2, 3, 0, 0, 30.43%, 0, 0, 2, 323.74, 43083, 7
138, 18, 2, 3, 0, 0, 30.43%, 0, 0, 2, 322.77, 44741, 7
143, 19, 2, 3, 0, 0, 30.43%, 0, 0, 2, 320.97, 46393, 7
148, 20, 2, 3, 0, 0, 30.43%, 0, 0, 2, 322.78, 48051, 7
153, 21, 2, 3, 0, 0, 30.43%, 0, 0, 2, 321.80, 49707, 7
159, 22, 2, 3, 0, 0, 30.43%, 0, 0, 2, 322.82, 51365, 7
164, 23, 2, 3, 0, 0, 30.43%, 0, 0, 2, 322.65, 53023, 7
169, 23, 0, 3, 0, 0, 30.43%, 0, 0, 2, 318.01, 54661, 7
174, 24, 2, 3, 0, 0, 30.43%, 0, 0, 2, 322.54, 56312, 7
179, 25, 0, 3, 0, 0, 30.43%, 0, 0, 2, 322.48, 57976, 7
184, 25, 2, 3, 0, 0, 30.43%, 0, 0, 2, 321.48, 59627, 7
189, 26, 2, 3, 0, 0, 30.43%, 0, 0, 2, 323.38, 61278, 7
195, 27, 2, 3, 0, 0, 30.43%, 0, 0, 2, 323.36, 62934, 7
200, 28, 2, 3, 0, 0, 30.43%, 0, 0, 2, 323.12, 64590, 7
205, 28, 0, 3, 0, 0, 30.43%, 0, 0, 2, 322.32, 66248, 7
210, 29, 2, 3, 0, 0, 30.43%, 0, 0, 2, 322.39, 67905, 7
215, 29, 2, 3, 0, 0, 30.43%, 0, 0, 2, 322.34, 69556, 7
220, 30, 0, 3, 0, 0, 30.43%, 0, 0, 2, 324.15, 71214, 7
225, 31, 2, 3, 0, 0, 30.43%, 0, 0, 2, 322.42, 72865, 7
230, 31, 0, 3, 0, 0, 30.43%, 0, 0, 2, 323.07, 74531, 7
236, 32, 2, 3, 0, 0, 30.43%, 0, 0, 2, 322.63, 76179, 7
241, 32, 2, 3, 0, 0, 30.43%, 0, 0, 2, 323.04, 77837, 7
246, 33, 2, 3, 0, 0, 30.43%, 0, 0, 2, 322.98, 79495, 7
251, 34, 2, 3, 0, 0, 30.43%, 0, 0, 2, 321.68, 81139, 7
256, 35, 2, 3, 0, 0, 30.43%, 0, 0, 2, 322.06, 82797, 7
261, 35, 2, 3, 0, 0, 30.43%, 0, 0, 2, 321.01, 84442, 7
266, 36, 0, 3, 0, 0, 30.43%, 0, 0, 2, 323.22, 86110, 7
271, 36, 0, 3, 0, 0, 30.43%, 0, 0, 2, 322.81, 87769, 7
277, 37, 2, 3, 0, 0, 30.43%, 0, 0, 2, 322.40, 89420, 7
282, 37, 0, 3, 0, 0, 30.43%, 0, 0, 2, 322.37, 91076, 7
287, 38, 2, 3, 0, 0, 30.43%, 0, 0, 2, 322.01, 92729, 7
292, 39, 2, 3, 0, 0, 30.43%, 0, 0, 2, 322.84, 94393, 7
297, 39, 0, 3, 0, 0, 30.43%, 0, 0, 2, 322.18, 96049, 7
302, 40, 2, 3, 0, 0, 30.43%, 0, 0, 2, 321.65, 97708, 7
307, 40, 2, 3, 0, 0, 30.43%, 0, 0, 2, 321.56, 99364, 7
313, 41, 2, 3, 0, 0, 30.43%, 0, 0, 2, 323.04, 101022, 7
318, 42, 0, 3, 0, 0, 30.43%, 0, 0, 2, 322.07, 102674, 7
323, 42, 2, 3, 0, 0, 30.43%, 0, 0, 2, 322.11, 104325, 7
328, 43, 0, 3, 0, 0, 30.43%, 0, 0, 2, 322.58, 105981, 7
333, 44, 2, 3, 0, 0, 30.43%, 0, 0, 2, 321.36, 107634, 7
338, 44, 2, 3, 0, 0, 30.43%, 0, 0, 2, 321.25, 109292, 7
343, 45, 2, 3, 0, 0, 30.43%, 0, 0, 2, 322.19, 110948, 7
349, 46, 2, 3, 0, 0, 30.43%, 0, 0, 2, 323.49, 112606, 7
354, 47, 2, 3, 0, 0, 30.43%, 0, 0, 2, 322.92, 114270, 7
359, 47, 2, 3, 0, 0, 30.43%, 0, 0, 2, 322.20, 115928, 7
364, 48, 2, 3, 0, 0, 30.43%, 0, 0, 2, 322.39, 117584, 7
369, 49, 2, 3, 0, 0, 30.43%, 0, 0, 2, 322.01, 119236, 7
374, 49, 2, 3, 0, 0, 30.43%, 0, 0, 2, 323.38, 120893, 7
379, 50, 1, 3, 0, 0, 30.43%, 0, 0, 2, 322.23, 122539, 7
385, 51, 2, 3, 0, 0, 30.43%, 0, 0, 2, 321.71, 124195, 7
390, 52, 2, 3, 0, 0, 30.43%, 0, 0, 2, 321.34, 125853, 7
395, 53, 2, 3, 0, 0, 30.43%, 0, 0, 2, 322.86, 127511, 7
400, 54, 2, 3, 0, 0, 30.43%, 0, 0, 2, 323.28, 129173, 7
405, 55, 2, 3, 0, 0, 30.43%, 0, 0, 2, 323.02, 130831, 7
410, 55, 0, 3, 0, 0, 30.43%, 0, 0, 2, 323.40, 132487, 7
415, 56, 0, 3, 0, 0, 30.43%, 0, 0, 2, 322.84, 134146, 7
420, 56, 2, 3, 0, 0, 30.43%, 0, 0, 2, 322.40, 135797, 7
426, 57, 2, 3, 0, 0, 30.43%, 0, 0, 2, 323.23, 137453, 7
431, 58, 2, 3, 0, 0, 30.43%, 0, 0, 2, 324.13, 139111, 7
434, 58, 1, 3, 0, 0, 30.43%, 1, 0, 2, 56.60, 140254, 7
