# relative_time, cycles_done, cur_item, corpus_count, pending_total, pending_favs, map_size, saved_crashes, saved_hangs, max_depth, execs_per_sec, total_execs, edges_found
61, 7, 0, 3, 0, 0, 30.43%, 0, 0, 2, 324.63, 19965, 7
66, 7, 2, 3, 0, 0, 30.43%, 0, 0, 2, 324.92, 21630, 7
71, 8, 2, 3, 0, 0, 30.43%, 0, 0, 2, 325.18, 23300, 7
76, 9, 2, 3, 0, 0, 30.43%, 0, 0, 2, 326.20, 24980, 7
81, 9, 2, 3, 0, 0, 30.43%, 0, 0, 2, 324.82, 26644, 7
86, 10, 0, 3, 0, 0, 30.43%, 0, 0, 2, 325.57, 28304, 7
92, 11, 2, 3, 0, 0, 30.43%, 0, 0, 2, 324.67, 29965, 7
97, 11, 2, 3, 0, 0, 30.43%, 0, 0, 2, 325.07, 31623, 7
102, 12, 2, 3, 0, 0, 30.43%, 0, 0, 2, 325.82, 33293, 7
107, 13, 2, 3, 0, 0, 30.43%, 0, 0, 2, 325.89, 34949, 7
112, 14, 0, 3, 0, 0, 30.43%, 0, 0, 2, 324.17, 36603, 7
117, 14, 2, 3, 0, 0, 30.43%, 0, 0, 2, 325.54, 38264, 7
122, 15, 2, 3, 0, 0, 30.43%, 0, 0, 2, 324.22, 39940, 7
127, 16, 2, 3, 0, 0, 30.43%, 0, 0, 2, 325.22, 41602, 7
133, 17, 2, 3, 0, 0, 30.43%, 0, 0, 2, 325.72, 43260, 7
138, 17, 2, 3, 0, 0, 30.43%, 0, 0, 2, 325.15, 44930, 7
143, 18, 2, 3, 0, 0, 30.43%, 0, 0, 2, 324.66, 46593, 7
148, 19, 2, 3, 0, 0, 30.43%, 0, 0, 2, 325.68, 48257, 7
153, 19, 2, 3, 0, 0, 30.43%, 0, 0, 2, 325.81, 49919, 7
158, 20, 2, 3, 0, 0, 30.43%, 0, 0, 2, 326.32, 51595, 7
163, 21, 0, 3, 0, 0, 30.43%, 0, 0, 2, 325.18, 53261, 7
168, 22, 2, 3, 0, 0, 30.43%, 0, 0, 2, 325.63, 54934, 7
174, 22, 2, 3, 0, 0, 30.43%, 0, 0, 2, 324.07, 56592, 7
179, 23, 2, 3, 0, 0, 30.43%, 0, 0, 2, 322.17, 58254, 7
184, 24, 2, 3, 0, 0, 30.43%, 0, 0, 2, 325.49, 59912, 7
189, 25, 2, 3, 0, 0, 30.43%, 0, 0, 2, 326.61, 61582, 7
194, 26, 2, 3, 0, 0, 30.43%, 0, 0, 2, 326.90, 63244, 7
199, 26, 2, 3, 0, 0, 30.43%, 0, 0, 2, 326.13, 64902, 7
204, 27, 2, 3, 0, 0, 30.43%, 0, 0, 2, 324.86, 66560, 7
209, 28, 2, 3, 0, 0, 30.43%, 0, 0, 2, 325.82, 68234, 7
214, 29, 0, 3, 0, 0, 30.43%, 0, 0, 2, 322.40, 69878, 7
220, 29, 2, 3, 0, 0, 30.43%, 0, 0, 2, 324.70, 71543, 7
225, 30, 2, 3, 0, 0, 30.43%, 0, 0, 2, 325.63, 73207, 7
230, 31, 2, 3, 0, 0, 30.43%, 0, 0, 2, 322.93, 74877, 7
235, 31, 0, 3, 0, 0, 30.43%, 0, 0, 2, 325.62, 76537, 7
240, 32, 2, 3, 0, 0, 30.43%, 0, 0, 2, 325.16, 78196, 7
245, 33, 2, 3, 0, 0, 30.43%, 0, 0, 2, 325.32, 79866, 7
250, 34, 2, 3, 0, 0, 30.43%, 0, 0, 2, 326.79, 81542, 7
255, 34, 2, 3, 0, 0, 30.43%, 0, 0, 2, 325.20, 83200, 7
260, 35, 2, 3, 0, 0, 30.43%, 0, 0, 2, 326.60, 84870, 7
266, 36, 2, 3, 0, 0, 30.43%, 0, 0, 2, 324.93, 86532, 7
271, 37, 2, 3, 0, 0, 30.43%, 0, 0, 2, 324.24, 88190, 7
276, 37, 0, 3, 0, 0, 30.43%, 0, 0, 2, 324.52, 89852, 7
281, 38, 2, 3, 0, 0, 30.43%, 0, 0, 2, 325.45, 91511, 7
286, 39, 2, 3, 0, 0, 30.43%, 0, 0, 2, 325.49, 93181, 7
291, 40, 2, 3, 0, 0, 30.43%, 0, 0, 2, 323.98, 94849, 7
296, 40, 2, 3, 0, 0, 30.43%, 0, 0, 2, 322.37, 96501, 7
301, 41, 2, 3, 0, 0, 30.43%, 0, 0, 2, 323.60, 98171, 7
307, 42, 2, 3, 0, 0, 30.43%, 0, 0, 2, 323.08, 99821, 7
312, 43, 2, 3, 0, 0, 30.43%, 0, 0, 2, 325.90, 101497, 7
317, 43, 2, 3, 0, 0, 30.43%, 0, 0, 2, 325.59, 103167, 7
322, 44, 2, 3, 0, 0, 30.43%, 0, 0, 2, 319.20, 104813, 7
327, 45, 2, 3, 0, 0, 30.43%, 0, 0, 2, 321.20, 106457, 7
332, 46, 2, 3, 0, 0, 30.43%, 0, 0, 2, 322.26, 108103, 7
337, 47, 2, 3, 0, 0, 30.43%, 0, 0, 2, 325.10, 109773, 7
342, 47, 2, 3, 0, 0, 30.43%, 0, 0, 2, 325.36, 111429, 7
347, 48, 2, 3, 0, 0, 30.43%, 0, 0, 2, 324.43, 113088, 7
353, 49, 2, 3, 0, 0, 30.43%, 0, 0, 2, 324.28, 114750, 7
358, 49, 2, 3, 0, 0, 30.43%, 0, 0, 2, 324.82, 116407, 7
363, 50, 2, 3, 0, 0, 30.43%, 0, 0, 2, 325.45, 118064, 7
368, 50, 2, 3, 0, 0, 30.43%, 0, 0, 2, 324.97, 119722, 7
373, 51, 2, 3, 0, 0, 30.43%, 0, 0, 2, 324.32, 121402, 7
378, 53, 2, 3, 0, 0, 30.43%, 0, 0, 2, 324.35, 123060, 7
383, 53, 2, 3, 0, 0, 30.43%, 0, 0, 2, 325.58, 124728, 7
388, 54, 2, 3, 0, 0, 30.43%, 0, 0, 2, 325.81, 126398, 7
394, 55, 2, 3, 0, 0, 30.43%, 0, 0, 2, 326.52, 128068, 7
399, 56, 0, 3, 0, 0, 30.43%, 0, 0, 2, 323.85, 129728, 7
404, 56, 2, 3, 0, 0, 30.43%, 0, 0, 2, 325.48, 131399, 7
409, 57, 2, 3, 0, 0, 30.43%, 0, 0, 2, 325.90, 133057, 7
414, 58, 2, 3, 0, 0, 30.43%, 0, 0, 2, 324.98, 134721, 7
419, 59, 2, 3, 0, 0, 30.43%, 0, 0, 2, 326.38, 136407, 7
424, 60, 2, 3, 0, 0, 30.43%, 0, 0, 2, 326.71, 138089, 7
429, 61, 2, 3, 0, 0, 30.43%, 0, 0, 2, 326.70, 139747, 7
435, 61, 2, 3, 0, 0, 30.43%, 0, 0, 2, 326.72, 141417, 7
440, 62, 2, 3, 0, 0, 30.43%, 0, 0, 2, 325.34, 143079, 7
445, 63, 2, 3, 0, 0, 30.43%, 0, 0, 2, 325.89, 144743, 7
450, 63, 2, 3, 0, 0, 30.43%, 0, 0, 2, 325.96, 146400, 7
451, 63, 2, 3, 0, 0, 30.43%, 1, 0, 2, 311.73, 146817, 7
