# relative_time, cycles_done, cur_item, corpus_count, pending_total, pending_favs, map_size, saved_crashes, saved_hangs, max_depth, execs_per_sec, total_execs, edges_found
61, 11, 1, 2, 0, 0, 32.26%, 0, 0, 2, 328.11, 20073, 10
66, 12, 1, 2, 0, 0, 32.26%, 0, 0, 2, 324.40, 21749, 10
71, 13, 1, 2, 0, 0, 32.26%, 0, 0, 2, 324.85, 23422, 10
77, 14, 1, 2, 0, 0, 32.26%, 0, 0, 2, 329.76, 25144, 10
82, 15, 0, 2, 0, 0, 32.26%, 0, 0, 2, 324.26, 26815, 10
87, 16, 0, 2, 0, 0, 32.26%, 0, 0, 2, 322.32, 28488, 10
92, 17, 1, 2, 0, 0, 32.26%, 0, 0, 2, 327.13, 30179, 10
97, 17, 0, 2, 0, 0, 32.26%, 0, 0, 2, 322.44, 31831, 10
102, 18, 1, 2, 0, 0, 32.26%, 0, 0, 2, 325.20, 33510, 10
108, 19, 1, 2, 0, 0, 32.26%, 0, 0, 2, 323.45, 35171, 10
113, 20, 0, 2, 0, 0, 32.26%, 0, 0, 2, 325.00, 36866, 10
118, 20, 0, 2, 0, 0, 32.26%, 0, 0, 2, 321.33, 38515, 10
123, 21, 1, 2, 0, 0, 32.26%, 0, 0, 2, 320.54, 40169, 10
128, 22, 1, 2, 0, 0, 32.26%, 0, 0, 2, 328.91, 41831, 10
133, 24, 0, 2, 0, 0, 32.26%, 0, 0, 2, 328.57, 43541, 10
138, 24, 1, 2, 0, 0, 32.26%, 0, 0, 2, 326.48, 45211, 10
143, 26, 1, 2, 0, 0, 32.26%, 0, 0, 2, 329.46, 46873, 10
148, 27, 1, 2, 0, 0, 32.26%, 0, 0, 2, 330.68, 48535, 10
154, 28, 0, 2, 0, 0, 32.26%, 0, 0, 2, 321.74, 50206, 10
159, 29, 0, 2, 0, 0, 32.26%, 0, 0, 2, 322.50, 51873, 10
164, 29, 1, 2, 0, 0, 32.26%, 0, 0, 2, 321.48, 53533, 10
169, 30, 0, 2, 0, 0, 32.26%, 0, 0, 2, 323.67, 55177, 10
174, 31, 0, 2, 0, 0, 32.26%, 0, 0, 2, 320.79, 56826, 10
179, 31, 1, 2, 0, 0, 32.26%, 0, 0, 2, 321.25, 58483, 10
184, 32, 0, 2, 0, 0, 32.26%, 0, 0, 2, 322.02, 60166, 10
189, 33, 1, 2, 0, 0, 32.26%, 0, 0, 2, 328.48, 61815, 10
195, 35, 1, 2, 0, 0, 32.26%, 0, 0, 2, 328.91, 63519, 10
200, 36, 1, 2, 0, 0, 32.26%, 0, 0, 2, 328.51, 65223, 10
205, 37, 1, 2, 0, 0, 32.26%, 0, 0, 2, 323.43, 66878, 10
210, 38, 0, 2, 0, 0, 32.26%, 0, 0, 2, 322.62, 68546, 10
215, 38, 1, 2, 0, 0, 32.26%, 0, 0, 2, 323.36, 70221, 10
220, 40, 1, 2, 0, 0, 32.26%, 0, 0, 2, 328.19, 71919, 10
226, 40, 1, 2, 0, 0, 32.26%, 1, 0, 2, 315.22, 73513, 10
