# relative_time, cycles_done, cur_item, corpus_count, pending_total, pending_favs, map_size, saved_crashes, saved_hangs, max_depth, execs_per_sec, total_execs, edges_found
61, 9, 2, 3, 0, 0, 30.43%, 0, 0, 2, 332.57, 20423, 7
66, 9, 0, 3, 0, 0, 30.43%, 0, 0, 2, 333.66, 22111, 7
71, 10, 2, 3, 0, 0, 30.43%, 0, 0, 2, 330.85, 23816, 7
76, 11, 2, 3, 0, 0, 30.43%, 0, 0, 2, 333.40, 25504, 7
81, 11, 2, 3, 0, 0, 30.43%, 0, 0, 2, 332.71, 27178, 7
86, 12, 0, 3, 0, 0, 30.43%, 0, 0, 2, 328.84, 28842, 7
91, 12, 2, 3, 0, 0, 30.43%, 0, 0, 2, 329.17, 30535, 7
96, 13, 2, 3, 0, 0, 30.43%, 0, 0, 2, 332.64, 32211, 7
101, 14, 2, 3, 0, 0, 30.43%, 0, 0, 2, 328.06, 33898, 7
106, 14, 2, 3, 0, 0, 30.43%, 0, 0, 2, 332.31, 35568, 7
112, 15, 0, 3, 0, 0, 30.43%, 0, 0, 2, 329.07, 37284, 7
117, 16, 2, 3, 0, 0, 30.43%, 0, 0, 2, 330.66, 38949, 7
122, 17, 2, 3, 0, 0, 30.43%, 0, 0, 2, 333.02, 40643, 7
127, 17, 0, 3, 0, 0, 30.43%, 0, 0, 2, 329.77, 42305, 7
132, 18, 0, 3, 0, 0, 30.43%, 0, 0, 2, 330.01, 44006, 7
137, 18, 2, 3, 0, 0, 30.43%, 0, 0, 2, 329.87, 45705, 7
142, 19, 1, 3, 0, 0, 30.43%, 0, 0, 2, 333.22, 47387, 7
147, 20, 2, 3, 0, 0, 30.43%, 0, 0, 2, 332.48, 49073, 7
152, 21, 2, 3, 0, 0, 30.43%, 0, 0, 2, 332.51, 50737, 7
157, 21, 0, 3, 0, 0, 30.43%, 0, 0, 2, 327.98, 52433, 7
163, 22, 0, 3, 0, 0, 30.43%, 0, 0, 2, 328.53, 54146, 7
168, 23, 2, 3, 0, 0, 30.43%, 0, 0, 2, 330.89, 55853, 7
173, 24, 2, 3, 0, 0, 30.43%, 0, 0, 2, 333.17, 57553, 7
178, 24, 2, 3, 0, 0, 30.43%, 0, 0, 2, 335.33, 59259, 7
183, 25, 0, 3, 0, 0, 30.43%, 0, 0, 2, 329.23, 60961, 7
188, 26, 0, 3, 0, 0, 30.43%, 0, 0, 2, 331.59, 62634, 7
193, 26, 2, 3, 0, 0, 30.43%, 0, 0, 2, 327.48, 64309, 7
198, 27, 2, 3, 0, 0, 30.43%, 0, 0, 2, 333.46, 65991, 7
203, 27, 2, 3, 0, 0, 30.43%, 0, 0, 2, 335.21, 67695, 7
208, 28, 2, 3, 0, 0, 30.43%, 0, 0, 2, 333.61, 69365, 7
214, 29, 0, 3, 0, 0, 30.43%, 0, 0, 2, 328.35, 71075, 7
219, 29, 2, 3, 0, 0, 30.43%, 0, 0, 2, 332.23, 72734, 7
224, 30, 0, 3, 0, 0, 30.43%, 0, 0, 2, 328.51, 74384, 7
229, 31, 2, 3, 0, 0, 30.43%, 0, 0, 2, 328.79, 76067, 7
234, 32, 2, 3, 0, 0, 30.43%, 0, 0, 2, 334.25, 77767, 7
239, 32, 2, 3, 0, 0, 30.43%, 0, 0, 2, 332.02, 79429, 7
244, 33, 2, 3, 0, 0, 30.43%, 0, 0, 2, 327.97, 81118, 7
249, 33, 2, 3, 0, 0, 30.43%, 0, 0, 2, 333.86, 82811, 7
254, 34, 2, 3, 0, 0, 30.43%, 0, 0, 2, 333.97, 84492, 7
259, 35, 2, 3, 0, 0, 30.43%, 0, 0, 2, 332.97, 86174, 7
264, 36, 0, 3, 0, 0, 30.43%, 0, 0, 2, 334.11, 87862, 7
269, 36, 0, 3, 0, 0, 30.43%, 0, 0, 2, 329.37, 89561, 7
274, 37, 0, 3, 0, 0, 30.43%, 0, 0, 2, 326.11, 91228, 7
280, 37, 0, 3, 0, 0, 30.43%, 0, 0, 2, 325.15, 92883, 7
285, 38, 2, 3, 0, 0, 30.43%, 0, 0, 2, 332.25, 94586, 7
290, 39, 2, 3, 0, 0, 30.43%, 0, 0, 2, 333.44, 96280, 7
295, 40, 2, 3, 0, 0, 30.43%, 0, 0, 2, 334.13, 97956, 7
300, 40, 2, 3, 0, 0, 30.43%, 0, 0, 2, 332.97, 99636, 7
305, 41, 2, 3, 0, 0, 30.43%, 0, 0, 2, 333.97, 101336, 7
310, 42, 2, 3, 0, 0, 30.43%, 0, 0, 2, 330.94, 103006, 7
315, 43, 2, 3, 0, 0, 30.43%, 0, 0, 2, 334.90, 104694, 7
320, 43, 2, 3, 0, 0, 30.43%, 0, 0, 2, 332.47, 106424, 7
325, 44, 2, 3, 0, 0, 30.43%, 0, 0, 2, 334.67, 108098, 7
330, 45, 2, 3, 0, 0, 30.43%, 0, 0, 2, 334.84, 109774, 7
335, 46, 2, 3, 0, 0, 30.43%, 0, 0, 2, 335.65, 111480, 7
340, 47, 0, 3, 0, 0, 30.43%, 0, 0, 2, 333.67, 113162, 7
345, 47, 2, 3, 0, 0, 30.43%, 0, 0, 2, 329.88, 114849, 7
351, 48, 2, 3, 0, 0, 30.43%, 0, 0, 2, 332.43, 116531, 7
353, 48, 2, 3, 0, 0, 30.43%, 1, 0, 2, 324.45, 117431, 7
