# relative_time, cycles_done, cur_item, corpus_count, pending_total, pending_favs, map_size, saved_crashes, saved_hangs, max_depth, execs_per_sec, total_execs, edges_found
61, 5, 0, 1, 0, 0, 25.00%, 0, 0, 1, 326.07, 20043, 2
66, 6, 0, 1, 0, 0, 25.00%, 0, 0, 1, 325.51, 21709, 2
71, 6, 0, 1, 0, 0, 25.00%, 0, 0, 1, 325.42, 23364, 2
76, 7, 0, 1, 0, 0, 25.00%, 0, 0, 1, 323.67, 25012, 2
81, 7, 0, 1, 0, 0, 25.00%, 0, 0, 1, 325.02, 26679, 2
87, 8, 0, 1, 0, 0, 25.00%, 0, 0, 1, 325.61, 28352, 2
92, 8, 0, 1, 0, 0, 25.00%, 0, 0, 1, 325.57, 30024, 2
97, 9, 0, 1, 0, 0, 25.00%, 0, 0, 1, 327.45, 31697, 2
102, 9, 0, 1, 0, 0, 25.00%, 0, 0, 1, 326.30, 33363, 2
107, 10, 0, 1, 0, 0, 25.00%, 0, 0, 1, 325.27, 35012, 2
112, 10, 0, 1, 0, 0, 25.00%, 0, 0, 1, 326.11, 36673, 2
117, 11, 0, 1, 0, 0, 25.00%, 0, 0, 1, 326.33, 38345, 2
122, 11, 0, 1, 0, 0, 25.00%, 0, 0, 1, 325.30, 40024, 2
127, 12, 0, 1, 0, 0, 25.00%, 0, 0, 1, 326.47, 41702, 2
133, 12, 0, 1, 0, 0, 25.00%, 0, 0, 1, 327.06, 43375, 2
138, 13, 0, 1, 0, 0, 25.00%, 0, 0, 1, 325.83, 45035, 2
143, 13, 0, 1, 0, 0, 25.00%, 0, 0, 1, 325.53, 46702, 2
148, 13, 0, 1, 0, 0, 25.00%, 0, 0, 1, 325.78, 48375, 2
153, 14, 0, 1, 0, 0, 25.00%, 0, 0, 1, 326.12, 50047, 2
158, 14, 0, 1, 0, 0, 25.00%, 0, 0, 1, 326.84, 51720, 2
163, 15, 0, 1, 0, 0, 25.00%, 0, 0, 1, 326.68, 53392, 2
168, 15, 0, 1, 0, 0, 25.00%, 0, 0, 1, 325.88, 55059, 2
174, 16, 0, 1, 0, 0, 25.00%, 0, 0, 1, 326.28, 56725, 2
179, 16, 0, 1, 0, 0, 25.00%, 0, 0, 1, 326.05, 58404, 2
184, 17, 0, 1, 0, 0, 25.00%, 0, 0, 1, 325.60, 60071, 2
189, 17, 0, 1, 0, 0, 25.00%, 0, 0, 1, 326.08, 61755, 2
194, 18, 0, 1, 0, 0, 25.00%, 0, 0, 1, 325.49, 63440, 2
199, 18, 0, 1, 0, 0, 25.00%, 0, 0, 1, 326.04, 65112, 2
204, 19, 0, 1, 0, 0, 25.00%, 0, 0, 1, 326.35, 66773, 2
209, 19, 0, 1, 0, 0, 25.00%, 0, 0, 1, 326.24, 68439, 2
215, 20, 0, 1, 0, 0, 25.00%, 0, 0, 1, 325.60, 70106, 2
220, 20, 0, 1, 0, 0, 25.00%, 0, 0, 1, 326.22, 71785, 2
225, 21, 0, 1, 0, 0, 25.00%, 0, 0, 1, 326.81, 73463, 2
230, 21, 0, 1, 0, 0, 25.00%, 0, 0, 1, 327.15, 75130, 2
235, 22, 0, 1, 0, 0, 25.00%, 0, 0, 1, 324.86, 76790, 2
240, 22, 0, 1, 0, 0, 25.00%, 0, 0, 1, 325.39, 78463, 2
245, 22, 0, 1, 0, 0, 25.00%, 0, 0, 1, 325.10, 80130, 2
251, 23, 0, 1, 0, 0, 25.00%, 0, 0, 1, 322.13, 81790, 2
256, 23, 0, 1, 0, 0, 25.00%, 0, 0, 1, 324.56, 83487, 2
261, 24, 0, 1, 0, 0, 25.00%, 0, 0, 1, 324.79, 85135, 2
266, 24, 0, 1, 0, 0, 25.00%, 0, 0, 1, 323.43, 86790, 2
271, 25, 0, 1, 0, 0, 25.00%, 0, 0, 1, 325.27, 88444, 2
276, 25, 0, 1, 0, 0, 25.00%, 0, 0, 1, 326.07, 90105, 2
281, 26, 0, 1, 0, 0, 25.00%, 0, 0, 1, 325.88, 91778, 2
286, 26, 0, 1, 0, 0, 25.00%, 0, 0, 1, 325.68, 93438, 2
291, 27, 0, 1, 0, 0, 25.00%, 0, 0, 1, 325.05, 95099, 2
297, 27, 0, 1, 0, 0, 25.00%, 0, 0, 1, 325.49, 96759, 2
302, 28, 0, 1, 0, 0, 25.00%, 0, 0, 1, 325.24, 98420, 2
307, 28, 0, 1, 0, 0, 25.00%, 0, 0, 1, 325.31, 100081, 2
312, 29, 0, 1, 0, 0, 25.00%, 0, 0, 1, 325.99, 101747, 2
317, 29, 0, 1, 0, 0, 25.00%, 0, 0, 1, 324.38, 103420, 2
322, 30, 0, 1, 0, 0, 25.00%, 0, 0, 1, 324.84, 105092, 2
327, 30, 0, 1, 0, 0, 25.00%, 0, 0, 1, 324.61, 106765, 2
332, 31, 0, 1, 0, 0, 25.00%, 0, 0, 1, 324.74, 108431, 2
338, 31, 0, 1, 0, 0, 25.00%, 0, 0, 1, 324.55, 110092, 2
343, 31, 0, 1, 0, 0, 25.00%, 0, 0, 1, 326.63, 111789, 2
348, 32, 0, 1, 0, 0, 25.00%, 0, 0, 1, 325.37, 113455, 2
353, 32, 0, 1, 0, 0, 25.00%, 0, 0, 1, 325.68, 115110, 2
358, 33, 0, 1, 0, 0, 25.00%, 0, 0, 1, 325.93, 116782, 2
363, 33, 0, 1, 0, 0, 25.00%, 0, 0, 1, 325.58, 118461, 2
368, 34, 0, 1, 0, 0, 25.00%, 0, 0, 1, 324.49, 120133, 2
374, 34, 0, 1, 0, 0, 25.00%, 0, 0, 1, 326.02, 121800, 2
379, 35, 0, 1, 0, 0, 25.00%, 0, 0, 1, 324.50, 123473, 2
384, 35, 0, 1, 0, 0, 25.00%, 0, 0, 1, 325.41, 125139, 2
389, 36, 0, 1, 0, 0, 25.00%, 0, 0, 1, 325.78, 126812, 2
394, 36, 0, 1, 0, 0, 25.00%, 0, 0, 1, 325.90, 128496, 2
399, 37, 0, 1, 0, 0, 25.00%, 0, 0, 1, 325.94, 130157, 2
404, 37, 0, 1, 0, 0, 25.00%, 1, 0, 1, 0.00, 131524, 2
