# relative_time, cycles_done, cur_item, corpus_count, pending_total, pending_favs, map_size, saved_crashes, saved_hangs, max_depth, execs_per_sec, total_execs, edges_found
61, 5, 0, 1, 0, 0, 25.00%, 0, 0, 1, 325.88, 20031, 2
66, 6, 0, 1, 0, 0, 25.00%, 0, 0, 1, 326.65, 21715, 2
71, 6, 0, 1, 0, 0, 25.00%, 0, 0, 1, 326.11, 23382, 2
76, 7, 0, 1, 0, 0, 25.00%, 0, 0, 1, 325.37, 25054, 2
81, 7, 0, 1, 0, 0, 25.00%, 0, 0, 1, 325.59, 26715, 2
87, 8, 0, 1, 0, 0, 25.00%, 0, 0, 1, 325.40, 28382, 2
92, 8, 0, 1, 0, 0, 25.00%, 0, 0, 1, 325.94, 30060, 2
97, 9, 0, 1, 0, 0, 25.00%, 0, 0, 1, 324.66, 31745, 2
102, 9, 0, 1, 0, 0, 25.00%, 0, 0, 1, 324.97, 33393, 2
107, 10, 0, 1, 0, 0, 25.00%, 0, 0, 1, 326.94, 35072, 2
112, 10, 0, 1, 0, 0, 25.00%, 0, 0, 1, 326.45, 36732, 2
117, 11, 0, 1, 0, 0, 25.00%, 0, 0, 1, 325.90, 38399, 2
122, 11, 0, 1, 0, 0, 25.00%, 0, 0, 1, 325.04, 40066, 2
128, 12, 0, 1, 0, 0, 25.00%, 0, 0, 1, 326.81, 41738, 2
133, 12, 0, 1, 0, 0, 25.00%, 0, 0, 1, 327.31, 43405, 2
138, 13, 0, 1, 0, 0, 25.00%, 0, 0, 1, 323.35, 45059, 2
143, 13, 0, 1, 0, 0, 25.00%, 0, 0, 1, 325.77, 46720, 2
148, 13, 0, 1, 0, 0, 25.00%, 0, 0, 1, 326.27, 48387, 2
153, 14, 0, 1, 0, 0, 25.00%, 0, 0, 1, 326.17, 50059, 2
158, 14, 0, 1, 0, 0, 25.00%, 0, 0, 1, 326.28, 51720, 2
163, 15, 0, 1, 0, 0, 25.00%, 0, 0, 1, 326.94, 53398, 2
169, 15, 0, 1, 0, 0, 25.00%, 0, 0, 1, 326.27, 55077, 2
174, 16, 0, 1, 0, 0, 25.00%, 0, 0, 1, 325.84, 56737, 2
179, 16, 0, 1, 0, 0, 25.00%, 0, 0, 1, 326.08, 58398, 2
184, 17, 0, 1, 0, 0, 25.00%, 0, 0, 1, 324.77, 60047, 2
189, 17, 0, 1, 0, 0, 25.00%, 0, 0, 1, 326.73, 61719, 2
194, 18, 0, 1, 0, 0, 25.00%, 0, 0, 1, 325.91, 63374, 2
199, 18, 0, 1, 0, 0, 25.00%, 0, 0, 1, 325.46, 65070, 2
204, 19, 0, 1, 0, 0, 25.00%, 0, 0, 1, 325.63, 66731, 2
209, 19, 0, 1, 0, 0, 25.00%, 0, 0, 1, 325.57, 68392, 2
215, 20, 0, 1, 0, 0, 25.00%, 0, 0, 1, 323.84, 70058, 2
220, 20, 0, 1, 0, 0, 25.00%, 0, 0, 1, 326.04, 71755, 2
225, 21, 0, 1, 0, 0, 25.00%, 0, 0, 1, 324.36, 73439, 2
230, 21, 0, 1, 0, 0, 25.00%, 0, 0, 1, 325.50, 75118, 2
235, 22, 0, 1, 0, 0, 25.00%, 0, 0, 1, 326.05, 76778, 2
240, 22, 0, 1, 0, 0, 25.00%, 0, 0, 1, 324.52, 78433, 2
245, 22, 0, 1, 0, 0, 25.00%, 0, 0, 1, 326.62, 80106, 2
250, 23, 0, 1, 0, 0, 25.00%, 0, 0, 1, 325.90, 81772, 2
256, 23, 0, 1, 0, 0, 25.00%, 0, 0, 1, 326.34, 83451, 2
261, 24, 0, 1, 0, 0, 25.00%, 0, 0, 1, 325.66, 85129, 2
266, 24, 0, 1, 0, 0, 25.00%, 0, 0, 1, 326.78, 86814, 2
271, 25, 0, 1, 0, 0, 25.00%, 0, 0, 1, 325.04, 88462, 2
276, 25, 0, 1, 0, 0, 25.00%, 0, 0, 1, 326.28, 90129, 2
281, 26, 0, 1, 0, 0, 25.00%, 0, 0, 1, 326.33, 91784, 2
286, 26, 0, 1, 0, 0, 25.00%, 0, 0, 1, 326.72, 93462, 2
291, 27, 0, 1, 0, 0, 25.00%, 0, 0, 1, 327.66, 95141, 2
297, 27, 0, 1, 0, 0, 25.00%, 0, 0, 1, 326.58, 96813, 2
302, 28, 0, 1, 0, 0, 25.00%, 0, 0, 1, 323.02, 98468, 2
307, 28, 0, 1, 0, 0, 25.00%, 0, 0, 1, 324.65, 100123, 2
312, 29, 0, 1, 0, 0, 25.00%, 0, 0, 1, 326.31, 101789, 2
317, 29, 0, 1, 0, 0, 25.00%, 0, 0, 1, 322.65, 103444, 2
322, 30, 0, 1, 0, 0, 25.00%, 0, 0, 1, 324.54, 105104, 2
327, 30, 0, 1, 0, 0, 25.00%, 0, 0, 1, 326.52, 106777, 2
332, 31, 0, 1, 0, 0, 25.00%, 0, 0, 1, 325.37, 108431, 2
337, 31, 0, 1, 0, 0, 25.00%, 0, 0, 1, 326.96, 110098, 2
343, 31, 0, 1, 0, 0, 25.00%, 0, 0, 1, 326.66, 111759, 2
348, 32, 0, 1, 0, 0, 25.00%, 0, 0, 1, 323.98, 113413, 2
353, 32, 0, 1, 0, 0, 25.00%, 0, 0, 1, 326.92, 115086, 2
358, 33, 0, 1, 0, 0, 25.00%, 0, 0, 1, 326.94, 116740, 2
363, 33, 0, 1, 0, 0, 25.00%, 0, 0, 1, 326.14, 118401, 2
368, 34, 0, 1, 0, 0, 25.00%, 0, 0, 1, 326.14, 120056, 2
373, 34, 0, 1, 0, 0, 25.00%, 0, 0, 1, 325.81, 121710, 2
378, 35, 0, 1, 0, 0, 25.00%, 0, 0, 1, 324.83, 123377, 2
383, 35, 0, 1, 0, 0, 25.00%, 0, 0, 1, 326.62, 125043, 2
388, 36, 0, 1, 0, 0, 25.00%, 0, 0, 1, 326.02, 126710, 2
394, 36, 0, 1, 0, 0, 25.00%, 0, 0, 1, 327.43, 128388, 2
399, 37, 0, 1, 0, 0, 25.00%, 0, 0, 1, 327.60, 130049, 2
404, 37, 0, 1, 0, 0, 25.00%, 0, 0, 1, 326.43, 131716, 2
409, 38, 0, 1, 0, 0, 25.00%, 0, 0, 1, 325.53, 133382, 2
414, 38, 0, 1, 0, 0, 25.00%, 0, 0, 1, 326.46, 135049, 2
419, 39, 0, 1, 0, 0, 25.00%, 0, 0, 1, 326.18, 136727, 2
424, 39, 0, 1, 0, 0, 25.00%, 0, 0, 1, 325.38, 138400, 2
429, 39, 0, 1, 0, 0, 25.00%, 0, 0, 1, 326.30, 140061, 2
435, 40, 0, 1, 0, 0, 25.00%, 0, 0, 1, 325.41, 141739, 2
440, 40, 0, 1, 0, 0, 25.00%, 0, 0, 1, 325.04, 143406, 2
445, 41, 0, 1, 0, 0, 25.00%, 0, 0, 1, 325.73, 145066, 2
450, 41, 0, 1, 0, 0, 25.00%, 0, 0, 1, 325.40, 146715, 2
455, 42, 0, 1, 0, 0, 25.00%, 0, 0, 1, 326.22, 148387, 2
460, 42, 0, 1, 0, 0, 25.00%, 0, 0, 1, 326.00, 150054, 2
465, 43, 0, 1, 0, 0, 25.00%, 0, 0, 1, 325.73, 151727, 2
470, 43, 0, 1, 0, 0, 25.00%, 0, 0, 1, 327.27, 153411, 2
475, 44, 0, 1, 0, 0, 25.00%, 0, 0, 1, 326.54, 155084, 2
481, 44, 0, 1, 0, 0, 25.00%, 0, 0, 1, 325.12, 156750, 2
486, 45, 0, 1, 0, 0, 25.00%, 0, 0, 1, 325.38, 158405, 2
491, 45, 0, 1, 0, 0, 25.00%, 0, 0, 1, 325.23, 160065, 2
496, 46, 0, 1, 0, 0, 25.00%, 0, 0, 1, 325.33, 161732, 2
501, 46, 0, 1, 0, 0, 25.00%, 0, 0, 1, 325.93, 163399, 2
506, 47, 0, 1, 0, 0, 25.00%, 0, 0, 1, 326.47, 165077, 2
511, 47, 0, 1, 0, 0, 25.00%, 0, 0, 1, 326.53, 166744, 2
516, 48, 0, 1, 0, 0, 25.00%, 0, 0, 1, 326.81, 168422, 2
521, 48, 0, 1, 0, 0, 25.00%, 0, 0, 1, 325.58, 170083, 2
527, 48, 0, 1, 0, 0, 25.00%, 0, 0, 1, 325.40, 171744, 2
532, 49, 0, 1, 0, 0, 25.00%, 0, 0, 1, 323.97, 173404, 2
537, 49, 0, 1, 0, 0, 25.00%, 0, 0, 1, 326.54, 175089, 2
542, 50, 0, 1, 0, 0, 25.00%, 0, 0, 1, 325.70, 176761, 2
547, 50, 0, 1, 0, 0, 25.00%, 0, 0, 1, 326.12, 178440, 2
552, 51, 0, 1, 0, 0, 25.00%, 0, 0, 1, 317.77, 180035, 2
557, 51, 0, 1, 0, 0, 25.00%, 0, 0, 1, 322.67, 181701, 2
563, 52, 0, 1, 0, 0, 25.00%, 0, 0, 1, 326.65, 183386, 2
565, 52, 0, 1, 0, 0, 25.00%, 1, 0, 1, 313.22, 184014, 2
