# relative_time, cycles_done, cur_item, corpus_count, pending_total, pending_favs, map_size, saved_crashes, saved_hangs, max_depth, execs_per_sec, total_execs, edges_found
61, 8, 1, 3, 0, 0, 30.43%, 0, 0, 2, 332.55, 20413, 7
66, 9, 2, 3, 0, 0, 30.43%, 0, 0, 2, 329.75, 22100, 7
71, 9, 2, 3, 0, 0, 30.43%, 0, 0, 2, 332.35, 23824, 7
76, 10, 2, 3, 0, 0, 30.43%, 0, 0, 2, 332.47, 25516, 7
81, 11, 2, 3, 0, 0, 30.43%, 0, 0, 2, 331.71, 27180, 7
86, 11, 0, 3, 0, 0, 30.43%, 0, 0, 2, 326.52, 28864, 7
92, 12, 2, 3, 0, 0, 30.43%, 0, 0, 2, 330.65, 30591, 7
97, 13, 0, 3, 0, 0, 30.43%, 0, 0, 2, 329.05, 32241, 7
102, 14, 2, 3, 0, 0, 30.43%, 0, 0, 2, 328.92, 33876, 7
107, 14, 2, 3, 0, 0, 30.43%, 0, 0, 2, 332.70, 35586, 7
112, 15, 2, 3, 0, 0, 30.43%, 0, 0, 2, 332.40, 37250, 7
117, 16, 2, 3, 0, 0, 30.43%, 0, 0, 2, 333.32, 38932, 7
122, 17, 2, 3, 0, 0, 30.43%, 0, 0, 2, 331.56, 40596, 7
127, 17, 2, 3, 0, 0, 30.43%, 0, 0, 2, 332.95, 42272, 7
132, 18, 2, 3, 0, 0, 30.43%, 0, 0, 2, 331.00, 43972, 7
137, 19, 0, 3, 0, 0, 30.43%, 0, 0, 2, 329.68, 45628, 7
142, 19, 2, 3, 0, 0, 30.43%, 0, 0, 2, 328.99, 47267, 7
147, 20, 2, 3, 0, 0, 30.43%, 0, 0, 2, 332.25, 48949, 7
152, 21, 2, 3, 0, 0, 30.43%, 0, 0, 2, 333.01, 50619, 7
157, 22, 2, 3, 0, 0, 30.43%, 0, 0, 2, 332.47, 52295, 7
162, 22, 0, 3, 0, 0, 30.43%, 0, 0, 2, 327.61, 53997, 7
167, 23, 2, 3, 0, 0, 30.43%, 0, 0, 2, 329.81, 55706, 7
173, 23, 2, 3, 0, 0, 30.43%, 0, 0, 2, 324.84, 57375, 7
178, 24, 2, 3, 0, 0, 30.43%, 0, 0, 2, 331.03, 59037, 7
183, 25, 2, 3, 0, 0, 30.43%, 0, 0, 2, 332.57, 60719, 7
188, 26, 2, 3, 0, 0, 30.43%, 0, 0, 2, 332.15, 62407, 7
193, 27, 0, 3, 0, 0, 30.43%, 0, 0, 2, 326.50, 64088, 7
198, 27, 1, 3, 0, 0, 30.43%, 0, 0, 2, 327.49, 65763, 7
203, 28, 2, 3, 0, 0, 30.43%, 0, 0, 2, 331.84, 67443, 7
208, 28, 0, 3, 0, 0, 30.43%, 0, 0, 2, 324.07, 69109, 7
213, 29, 2, 3, 0, 0, 30.43%, 0, 0, 2, 329.60, 70770, 7
218, 30, 2, 3, 0, 0, 30.43%, 0, 0, 2, 331.25, 72434, 7
223, 31, 1, 3, 0, 0, 30.43%, 0, 0, 2, 330.44, 74086, 7
228, 32, 2, 3, 0, 0, 30.43%, 0, 0, 2, 332.48, 75766, 7
233, 32, 2, 3, 0, 0, 30.43%, 0, 0, 2, 334.12, 77466, 7
239, 33, 2, 3, 0, 0, 30.43%, 0, 0, 2, 332.43, 79184, 7
244, 34, 2, 3, 0, 0, 30.43%, 0, 0, 2, 332.49, 80854, 7
249, 35, 0, 3, 0, 0, 30.43%, 0, 0, 2, 331.07, 82572, 7
254, 35, 2, 3, 0, 0, 30.43%, 0, 0, 2, 329.31, 84259, 7
259, 36, 2, 3, 0, 0, 30.43%, 0, 0, 2, 332.80, 85935, 7
264, 37, 2, 3, 0, 0, 30.43%, 0, 0, 2, 332.70, 87609, 7
269, 38, 0, 3, 0, 0, 30.43%, 0, 0, 2, 332.90, 89285, 7
274, 38, 2, 3, 0, 0, 30.43%, 0, 0, 2, 328.92, 90966, 7
279, 39, 2, 3, 0, 0, 30.43%, 0, 0, 2, 331.32, 92684, 7
284, 40, 2, 3, 0, 0, 30.43%, 0, 0, 2, 330.30, 94334, 7
289, 41, 2, 3, 0, 0, 30.43%, 0, 0, 2, 330.95, 96004, 7
294, 41, 2, 3, 0, 0, 30.43%, 0, 0, 2, 333.30, 97692, 7
300, 42, 2, 3, 0, 0, 30.43%, 0, 0, 2, 332.55, 99362, 7
305, 43, 2, 3, 0, 0, 30.43%, 0, 0, 2, 331.58, 101038, 7
310, 44, 2, 3, 0, 0, 30.43%, 0, 0, 2, 330.99, 102706, 7
315, 44, 0, 3, 0, 0, 30.43%, 0, 0, 2, 328.02, 104389, 7
320, 45, 2, 3, 0, 0, 30.43%, 0, 0, 2, 327.86, 106064, 7
325, 45, 0, 3, 0, 0, 30.43%, 0, 0, 2, 325.73, 107754, 7
330, 46, 2, 3, 0, 0, 30.43%, 0, 0, 2, 331.47, 109433, 7
335, 46, 2, 3, 0, 0, 30.43%, 0, 0, 2, 332.99, 111113, 7
340, 47, 2, 3, 0, 0, 30.43%, 0, 0, 2, 333.03, 112789, 7
345, 48, 0, 3, 0, 0, 30.43%, 0, 0, 2, 315.97, 114419, 7
351, 48, 2, 3, 0, 0, 30.43%, 0, 0, 2, 328.87, 116140, 7
356, 49, 2, 3, 0, 0, 30.43%, 0, 0, 2, 331.36, 117810, 7
361, 50, 0, 3, 0, 0, 30.43%, 0, 0, 2, 328.22, 119514, 7
366, 50, 2, 3, 0, 0, 30.43%, 0, 0, 2, 330.66, 121173, 7
371, 51, 2, 3, 0, 0, 30.43%, 0, 0, 2, 325.90, 122842, 7
376, 51, 0, 3, 0, 0, 30.43%, 0, 0, 2, 326.59, 124532, 7
381, 52, 2, 3, 0, 0, 30.43%, 0, 0, 2, 331.60, 126211, 7
386, 53, 2, 3, 0, 0, 30.43%, 0, 0, 2, 332.75, 127887, 7
391, 54, 2, 3, 0, 0, 30.43%, 0, 0, 2, 333.10, 129567, 7
396, 55, 2, 3, 0, 0, 30.43%, 0, 0, 2, 333.07, 131237, 7
401, 55, 2, 3, 0, 0, 30.43%, 0, 0, 2, 333.41, 132913, 7
406, 56, 2, 3, 0, 0, 30.43%, 0, 0, 2, 332.65, 134593, 7
411, 57, 2, 3, 0, 0, 30.43%, 0, 0, 2, 333.58, 136269, 7
416, 58, 2, 3, 0, 0, 30.43%, 0, 0, 2, 331.89, 137927, 7
421, 59, 2, 3, 0, 0, 30.43%, 0, 0, 2, 332.32, 139597, 7
426, 59, 2, 3, 0, 0, 30.43%, 0, 0, 2, 331.45, 141267, 7
431, 60, 2, 3, 0, 0, 30.43%, 0, 0, 2, 332.80, 142935, 7
437, 61, 2, 3, 0, 0, 30.43%, 0, 0, 2, 332.23, 144617, 7
442, 62, 2, 3, 0, 0, 30.43%, 0, 0, 2, 333.26, 146347, 7
447, 62, 2, 3, 0, 0, 30.43%, 0, 0, 2, 331.54, 148071, 7
452, 63, 0, 3, 0, 0, 30.43%, 0, 0, 2, 329.09, 149781, 7
457, 64, 2, 3, 0, 0, 30.43%, 0, 0, 2, 329.35, 151428, 7
462, 64, 2, 3, 0, 0, 30.43%, 0, 0, 2, 331.80, 153116, 7
467, 65, 2, 3, 0, 0, 30.43%, 0, 0, 2, 331.40, 154840, 7
472, 66, 2, 3, 0, 0, 30.43%, 0, 0, 2, 323.77, 156466, 7
476, 66, 2, 3, 0, 0, 30.43%, 1, 0, 2, 0.00, 157726, 7
