# relative_time, cycles_done, cur_item, corpus_count, pending_total, pending_favs, map_size, saved_crashes, saved_hangs, max_depth, execs_per_sec, total_execs, edges_found
61, 7, 2, 3, 0, 0, 30.43%, 0, 0, 2, 324.71, 19956, 7
66, 8, 2, 3, 0, 0, 30.43%, 0, 0, 2, 324.28, 21607, 7
71, 8, 0, 3, 0, 0, 30.43%, 0, 0, 2, 323.52, 23261, 7
76, 9, 2, 3, 0, 0, 30.43%, 0, 0, 2, 324.93, 24926, 7
81, 10, 0, 3, 0, 0, 30.43%, 0, 0, 2, 324.15, 26574, 7
86, 10, 0, 3, 0, 0, 30.43%, 0, 0, 2, 323.37, 28219, 7
92, 11, 0, 3, 0, 0, 30.43%, 0, 0, 2, 324.31, 29874, 7
97, 12, 2, 3, 0, 0, 30.43%, 0, 0, 2, 324.41, 31537, 7
102, 12, 0, 3, 0, 0, 30.43%, 0, 0, 2, 324.40, 33203, 7
107, 13, 2, 3, 0, 0, 30.43%, 0, 0, 2, 324.47, 34856, 7
112, 13, 2, 3, 0, 0, 30.43%, 0, 0, 2, 325.07, 36521, 7
117, 14, 2, 3, 0, 0, 30.43%, 0, 0, 2, 324.33, 38189, 7
122, 15, 2, 3, 0, 0, 30.43%, 0, 0, 2, 325.56, 39859, 7
127, 16, 2, 3, 0, 0, 30.43%, 0, 0, 2, 324.95, 41533, 7
133, 17, 2, 3, 0, 0, 30.43%, 0, 0, 2, 325.05, 43209, 7
138, 18, 2, 3, 0, 0, 30.43%, 0, 0, 2, 324.91, 44867, 7
143, 18, 2, 3, 0, 0, 30.43%, 0, 0, 2, 324.73, 46535, 7
148, 19, 2, 3, 0, 0, 30.43%, 0, 0, 2, 323.85, 48199, 7
153, 20, 0, 3, 0, 0, 30.43%, 0, 0, 2, 325.14, 49873, 7
158, 21, 2, 3, 0, 0, 30.43%, 0, 0, 2, 323.52, 51538, 7
163, 22, 2, 3, 0, 0, 30.43%, 0, 0, 2, 324.79, 53206, 7
169, 22, 2, 3, 0, 0, 30.43%, 0, 0, 2, 324.32, 54864, 7
174, 23, 2, 3, 0, 0, 30.43%, 0, 0, 2, 323.68, 56520, 7
179, 24, 2, 3, 0, 0, 30.43%, 0, 0, 2, 323.90, 58178, 7
184, 25, 2, 3, 0, 0, 30.43%, 0, 0, 2, 324.41, 59836, 7
189, 26, 2, 3, 0, 0, 30.43%, 0, 0, 2, 324.02, 61498, 7
194, 26, 2, 3, 0, 0, 30.43%, 0, 0, 2, 325.25, 63161, 7
199, 27, 2, 3, 0, 0, 30.43%, 0, 0, 2, 324.10, 64819, 7
204, 28, 1, 3, 0, 0, 30.43%, 0, 0, 2, 324.86, 66495, 7
210, 29, 2, 3, 0, 0, 30.43%, 0, 0, 2, 323.97, 68151, 7
215, 29, 0, 3, 0, 0, 30.43%, 0, 0, 2, 324.38, 69811, 7
220, 30, 2, 3, 0, 0, 30.43%, 0, 0, 2, 324.41, 71466, 7
225, 31, 2, 3, 0, 0, 30.43%, 0, 0, 2, 324.62, 73122, 7
230, 32, 2, 3, 0, 0, 30.43%, 0, 0, 2, 324.55, 74786, 7
235, 33, 2, 3, 0, 0, 30.43%, 0, 0, 2, 324.87, 76450, 7
240, 34, 2, 3, 0, 0, 30.43%, 0, 0, 2, 324.95, 78114, 7
245, 34, 2, 3, 0, 0, 30.43%, 0, 0, 2, 323.80, 79770, 7
251, 35, 0, 3, 0, 0, 30.43%, 0, 0, 2, 324.82, 81432, 7
256, 35, 1, 3, 0, 0, 30.43%, 0, 0, 2, 323.69, 83086, 7
261, 36, 2, 3, 0, 0, 30.43%, 0, 0, 2, 317.08, 84698, 7
266, 37, 2, 3, 0, 0, 30.43%, 0, 0, 2, 323.51, 86368, 7
271, 38, 0, 3, 0, 0, 30.43%, 0, 0, 2, 324.86, 88028, 7
276, 39, 1, 3, 0, 0, 30.43%, 0, 0, 2, 323.18, 89695, 7
281, 39, 2, 3, 0, 0, 30.43%, 0, 0, 2, 324.43, 91356, 7
286, 40, 2, 3, 0, 0, 30.43%, 0, 0, 2, 324.52, 93020, 7
292, 41, 2, 3, 0, 0, 30.43%, 0, 0, 2, 322.52, 94684, 7
297, 42, 2, 3, 0, 0, 30.43%, 0, 0, 2, 324.93, 96340, 7
302, 43, 0, 3, 0, 0, 30.43%, 0, 0, 2, 322.94, 97992, 7
307, 43, 2, 3, 0, 0, 30.43%, 0, 0, 2, 323.98, 99643, 7
312, 44, 0, 3, 0, 0, 30.43%, 0, 0, 2, 325.07, 101297, 7
317, 44, 2, 3, 0, 0, 30.43%, 0, 0, 2, 324.16, 102956, 7
322, 45, 2, 3, 0, 0, 30.43%, 0, 0, 2, 324.98, 104620, 7
327, 46, 0, 3, 0, 0, 30.43%, 0, 0, 2, 325.07, 106282, 7
332, 47, 0, 3, 0, 0, 30.43%, 0, 0, 2, 323.87, 107935, 7
338, 47, 2, 3, 0, 0, 30.43%, 0, 0, 2, 323.50, 109586, 7
343, 48, 2, 3, 0, 0, 30.43%, 0, 0, 2, 325.96, 111244, 7
348, 49, 2, 3, 0, 0, 30.43%, 0, 0, 2, 324.39, 112900, 7
353, 49, 0, 3, 0, 0, 30.43%, 0, 0, 2, 324.16, 114562, 7
358, 50, 0, 3, 0, 0, 30.43%, 0, 0, 2, 324.91, 116219, 7
363, 50, 2, 3, 0, 0, 30.43%, 0, 0, 2, 324.47, 117878, 7
368, 51, 2, 3, 0, 0, 30.43%, 0, 0, 2, 324.07, 119542, 7
373, 52, 2, 3, 0, 0, 30.43%, 0, 0, 2, 324.98, 121206, 7
377, 53, 2, 3, 0, 0, 30.43%, 1, 0, 2, 313.67, 122507, 7
