# relative_time, cycles_done, cur_item, corpus_count, pending_total, pending_favs, map_size, saved_crashes, saved_hangs, max_depth, execs_per_sec, total_execs, edges_found
61, 5, 0, 1, 0, 0, 25.00%, 0, 0, 1, 325.71, 20085, 2
66, 6, 0, 1, 0, 0, 25.00%, 0, 0, 1, 324.81, 21733, 2
71, 6, 0, 1, 0, 0, 25.00%, 0, 0, 1, 325.78, 23406, 2
76, 7, 0, 1, 0, 0, 25.00%, 0, 0, 1, 325.79, 25060, 2
82, 7, 0, 1, 0, 0, 25.00%, 0, 0, 1, 326.25, 26727, 2
87, 8, 0, 1, 0, 0, 25.00%, 0, 0, 1, 326.88, 28394, 2
92, 8, 0, 1, 0, 0, 25.00%, 0, 0, 1, 326.18, 30066, 2
97, 9, 0, 1, 0, 0, 25.00%, 0, 0, 1, 325.75, 31733, 2
102, 9, 0, 1, 0, 0, 25.00%, 0, 0, 1, 323.74, 33399, 2
107, 10, 0, 1, 0, 0, 25.00%, 0, 0, 1, 325.98, 35066, 2
112, 10, 0, 1, 0, 0, 25.00%, 0, 0, 1, 323.73, 36726, 2
117, 11, 0, 1, 0, 0, 25.00%, 0, 0, 1, 325.11, 38387, 2
122, 11, 0, 1, 0, 0, 25.00%, 0, 0, 1, 326.17, 40054, 2
128, 12, 0, 1, 0, 0, 25.00%, 0, 0, 1, 325.02, 41720, 2
133, 12, 0, 1, 0, 0, 25.00%, 0, 0, 1, 326.43, 43399, 2
138, 13, 0, 1, 0, 0, 25.00%, 0, 0, 1, 326.01, 45071, 2
143, 13, 0, 1, 0, 0, 25.00%, 0, 0, 1, 326.12, 46732, 2
148, 13, 0, 1, 0, 0, 25.00%, 0, 0, 1, 325.78, 48417, 2
153, 14, 0, 1, 0, 0, 25.00%, 0, 0, 1, 321.58, 50083, 2
158, 14, 0, 1, 0, 0, 25.00%, 0, 0, 1, 323.01, 51732, 2
164, 15, 0, 1, 0, 0, 25.00%, 0, 0, 1, 325.34, 53392, 2
169, 15, 0, 1, 0, 0, 25.00%, 0, 0, 1, 325.76, 55065, 2
174, 16, 0, 1, 0, 0, 25.00%, 0, 0, 1, 325.87, 56731, 2
179, 16, 0, 1, 0, 0, 25.00%, 0, 0, 1, 324.54, 58392, 2
184, 17, 0, 1, 0, 0, 25.00%, 0, 0, 1, 324.94, 60053, 2
189, 17, 0, 1, 0, 0, 25.00%, 0, 0, 1, 326.04, 61713, 2
194, 18, 0, 1, 0, 0, 25.00%, 0, 0, 1, 323.97, 63362, 2
199, 18, 0, 1, 0, 0, 25.00%, 0, 0, 1, 325.37, 65040, 2
205, 19, 0, 1, 0, 0, 25.00%, 0, 0, 1, 326.08, 66713, 2
210, 19, 0, 1, 0, 0, 25.00%, 0, 0, 1, 326.40, 68392, 2
215, 20, 0, 1, 0, 0, 25.00%, 0, 0, 1, 325.28, 70070, 2
220, 20, 0, 1, 0, 0, 25.00%, 0, 0, 1, 325.30, 71749, 2
225, 21, 0, 1, 0, 0, 25.00%, 0, 0, 1, 324.62, 73409, 2
230, 21, 0, 1, 0, 0, 25.00%, 0, 0, 1, 325.31, 75076, 2
235, 22, 0, 1, 0, 0, 25.00%, 0, 0, 1, 323.79, 76736, 2
240, 22, 0, 1, 0, 0, 25.00%, 0, 0, 1, 324.29, 78409, 2
246, 22, 0, 1, 0, 0, 25.00%, 0, 0, 1, 326.39, 80076, 2
251, 23, 0, 1, 0, 0, 25.00%, 0, 0, 1, 325.90, 81748, 2
256, 23, 0, 1, 0, 0, 25.00%, 0, 0, 1, 325.64, 83415, 2
261, 24, 0, 1, 0, 0, 25.00%, 0, 0, 1, 325.66, 85075, 2
266, 24, 0, 1, 0, 0, 25.00%, 0, 0, 1, 324.48, 86730, 2
271, 25, 0, 1, 0, 0, 25.00%, 0, 0, 1, 327.27, 88396, 2
276, 25, 0, 1, 0, 0, 25.00%, 0, 0, 1, 326.78, 90057, 2
281, 26, 0, 1, 0, 0, 25.00%, 0, 0, 1, 325.93, 91724, 2
286, 26, 0, 1, 0, 0, 25.00%, 0, 0, 1, 323.85, 93372, 2
292, 27, 0, 1, 0, 0, 25.00%, 0, 0, 1, 325.93, 95051, 2
297, 27, 0, 1, 0, 0, 25.00%, 0, 0, 1, 324.65, 96705, 2
302, 28, 0, 1, 0, 0, 25.00%, 0, 0, 1, 325.85, 98366, 2
307, 28, 0, 1, 0, 0, 25.00%, 0, 0, 1, 324.79, 100021, 2
312, 29, 0, 1, 0, 0, 25.00%, 0, 0, 1, 331.14, 101735, 2
317, 29, 0, 1, 0, 0, 25.00%, 0, 0, 1, 334.83, 103450, 2
322, 30, 0, 1, 0, 0, 25.00%, 0, 0, 1, 336.53, 105164, 2
327, 30, 0, 1, 0, 0, 25.00%, 0, 0, 1, 329.58, 106855, 2
332, 31, 0, 1, 0, 0, 25.00%, 0, 0, 1, 325.31, 108509, 2
338, 31, 0, 1, 0, 0, 25.00%, 0, 0, 1, 325.63, 110164, 2
343, 31, 0, 1, 0, 0, 25.00%, 0, 0, 1, 324.68, 111807, 2
348, 32, 0, 1, 0, 0, 25.00%, 0, 0, 1, 325.48, 113479, 2
353, 32, 0, 1, 0, 0, 25.00%, 0, 0, 1, 325.33, 115134, 2
358, 33, 0, 1, 0, 0, 25.00%, 0, 0, 1, 324.73, 116794, 2
363, 33, 0, 1, 0, 0, 25.00%, 0, 0, 1, 325.28, 118455, 2
368, 34, 0, 1, 0, 0, 25.00%, 0, 0, 1, 324.44, 120121, 2
373, 34, 0, 1, 0, 0, 25.00%, 0, 0, 1, 325.50, 121788, 2
378, 35, 0, 1, 0, 0, 25.00%, 0, 0, 1, 325.06, 123449, 2
384, 35, 0, 1, 0, 0, 25.00%, 0, 0, 1, 325.49, 125115, 2
389, 36, 0, 1, 0, 0, 25.00%, 0, 0, 1, 324.95, 126788, 2
394, 36, 0, 1, 0, 0, 25.00%, 0, 0, 1, 324.76, 128442, 2
399, 37, 0, 1, 0, 0, 25.00%, 0, 0, 1, 325.57, 130121, 2
404, 37, 0, 1, 0, 0, 25.00%, 0, 0, 1, 325.78, 131788, 2
409, 38, 0, 1, 0, 0, 25.00%, 0, 0, 1, 325.30, 133472, 2
414, 38, 0, 1, 0, 0, 25.00%, 0, 0, 1, 325.93, 135145, 2
419, 39, 0, 1, 0, 0, 25.00%, 0, 0, 1, 324.81, 136805, 2
425, 39, 0, 1, 0, 0, 25.00%, 0, 0, 1, 325.31, 138460, 2
430, 40, 0, 1, 0, 0, 25.00%, 0, 0, 1, 325.35, 140126, 2
435, 40, 0, 1, 0, 0, 25.00%, 0, 0, 1, 325.75, 141781, 2
440, 40, 0, 1, 0, 0, 25.00%, 0, 0, 1, 325.77, 143436, 2
445, 41, 0, 1, 0, 0, 25.00%, 0, 0, 1, 325.39, 145102, 2
450, 41, 0, 1, 0, 0, 25.00%, 0, 0, 1, 325.11, 146781, 2
455, 42, 0, 1, 0, 0, 25.00%, 0, 0, 1, 326.12, 148453, 2
460, 42, 0, 1, 0, 0, 25.00%, 0, 0, 1, 326.13, 150114, 2
466, 43, 0, 1, 0, 0, 25.00%, 0, 0, 1, 324.85, 151775, 2
471, 43, 0, 1, 0, 0, 25.00%, 0, 0, 1, 325.19, 153435, 2
476, 44, 0, 1, 0, 0, 25.00%, 0, 0, 1, 323.25, 155090, 2
481, 44, 0, 1, 0, 0, 25.00%, 0, 0, 1, 325.05, 156756, 2
486, 45, 0, 1, 0, 0, 25.00%, 0, 0, 1, 327.39, 158429, 2
491, 45, 0, 1, 0, 0, 25.00%, 0, 0, 1, 326.29, 160083, 2
496, 46, 0, 1, 0, 0, 25.00%, 0, 0, 1, 326.39, 161750, 2
501, 46, 0, 1, 0, 0, 25.00%, 0, 0, 1, 325.67, 163405, 2
506, 47, 0, 1, 0, 0, 25.00%, 0, 0, 1, 325.29, 165077, 2
511, 47, 0, 1, 0, 0, 25.00%, 0, 0, 1, 325.27, 166732, 2
517, 48, 0, 1, 0, 0, 25.00%, 0, 0, 1, 324.68, 168398, 2
522, 48, 0, 1, 0, 0, 25.00%, 0, 0, 1, 323.40, 170053, 2
527, 48, 0, 1, 0, 0, 25.00%, 0, 0, 1, 324.11, 171708, 2
532, 49, 0, 1, 0, 0, 25.00%, 0, 0, 1, 325.52, 173374, 2
537, 49, 0, 1, 0, 0, 25.00%, 0, 0, 1, 324.96, 175035, 2
542, 50, 0, 1, 0, 0, 25.00%, 0, 0, 1, 326.02, 176695, 2
547, 50, 0, 1, 0, 0, 25.00%, 0, 0, 1, 325.02, 178356, 2
552, 51, 0, 1, 0, 0, 25.00%, 0, 0, 1, 323.98, 180011, 2
557, 51, 0, 1, 0, 0, 25.00%, 0, 0, 1, 325.07, 181671, 2
563, 52, 0, 1, 0, 0, 25.00%, 0, 0, 1, 325.28, 183332, 2
568, 52, 0, 1, 0, 0, 25.00%, 0, 0, 1, 324.80, 184998, 2
573, 53, 0, 1, 0, 0, 25.00%, 0, 0, 1, 325.32, 186665, 2
578, 53, 0, 1, 0, 0, 25.00%, 0, 0, 1, 324.12, 188319, 2
583, 54, 0, 1, 0, 0, 25.00%, 0, 0, 1, 325.11, 189992, 2
588, 54, 0, 1, 0, 0, 25.00%, 0, 0, 1, 324.96, 191647, 2
593, 55, 0, 1, 0, 0, 25.00%, 0, 0, 1, 325.41, 193313, 2
598, 55, 0, 1, 0, 0, 25.00%, 0, 0, 1, 323.81, 194956, 2
603, 56, 0, 1, 0, 0, 25.00%, 0, 0, 1, 324.91, 196622, 2
609, 56, 0, 1, 0, 0, 25.00%, 0, 0, 1, 324.08, 198271, 2
614, 56, 0, 1, 0, 0, 25.00%, 0, 0, 1, 324.69, 199932, 2
619, 57, 0, 1, 0, 0, 25.00%, 0, 0, 1, 324.76, 201598, 2
624, 57, 0, 1, 0, 0, 25.00%, 0, 0, 1, 326.49, 203271, 2
629, 58, 0, 1, 0, 0, 25.00%, 0, 0, 1, 325.73, 204919, 2
634, 58, 0, 1, 0, 0, 25.00%, 0, 0, 1, 324.99, 206574, 2
639, 59, 0, 1, 0, 0, 25.00%, 0, 0, 1, 322.50, 208229, 2
644, 59, 0, 1, 0, 0, 25.00%, 0, 0, 1, 323.86, 209883, 2
649, 60, 0, 1, 0, 0, 25.00%, 0, 0, 1, 325.15, 211544, 2
655, 60, 0, 1, 0, 0, 25.00%, 0, 0, 1, 325.88, 213222, 2
660, 61, 0, 1, 0, 0, 25.00%, 0, 0, 1, 319.43, 214829, 2
665, 61, 0, 1, 0, 0, 25.00%, 0, 0, 1, 323.58, 216495, 2
670, 62, 0, 1, 0, 0, 25.00%, 0, 0, 1, 325.04, 218162, 2
675, 62, 0, 1, 0, 0, 25.00%, 0, 0, 1, 324.21, 219817, 2
680, 63, 0, 1, 0, 0, 25.00%, 0, 0, 1, 323.60, 221483, 2
685, 63, 0, 1, 0, 0, 25.00%, 0, 0, 1, 323.22, 223132, 2
690, 64, 0, 1, 0, 0, 25.00%, 0, 0, 1, 323.58, 224792, 2
696, 64, 0, 1, 0, 0, 25.00%, 0, 0, 1, 324.46, 226441, 2
701, 64, 0, 1, 0, 0, 25.00%, 0, 0, 1, 324.18, 228096, 2
706, 65, 0, 1, 0, 0, 25.00%, 0, 0, 1, 324.15, 229756, 2
711, 65, 0, 1, 0, 0, 25.00%, 0, 0, 1, 324.03, 231417, 2
716, 66, 0, 1, 0, 0, 25.00%, 0, 0, 1, 322.70, 233071, 2
721, 66, 0, 1, 0, 0, 25.00%, 0, 0, 1, 321.38, 234720, 2
726, 67, 0, 1, 0, 0, 25.00%, 0, 0, 1, 322.82, 236381, 2
731, 67, 0, 1, 0, 0, 25.00%, 0, 0, 1, 324.86, 238053, 2
737, 68, 0, 1, 0, 0, 25.00%, 0, 0, 1, 324.17, 239714, 2
742, 68, 0, 1, 0, 0, 25.00%, 0, 0, 1, 323.67, 241368, 2
747, 69, 0, 1, 0, 0, 25.00%, 0, 0, 1, 324.98, 243035, 2
752, 69, 0, 1, 0, 0, 25.00%, 0, 0, 1, 324.41, 244701, 2
757, 70, 0, 1, 0, 0, 25.00%, 0, 0, 1, 323.52, 246356, 2
762, 70, 0, 1, 0, 0, 25.00%, 0, 0, 1, 325.01, 248005, 2
767, 71, 0, 1, 0, 0, 25.00%, 0, 0, 1, 323.75, 249653, 2
772, 71, 0, 1, 0, 0, 25.00%, 0, 0, 1, 325.72, 251314, 2
777, 72, 0, 1, 0, 0, 25.00%, 0, 0, 1, 323.87, 252968, 2
783, 72, 0, 1, 0, 0, 25.00%, 0, 0, 1, 324.18, 254635, 2
788, 72, 0, 1, 0, 0, 25.00%, 0, 0, 1, 324.97, 256290, 2
793, 73, 0, 1, 0, 0, 25.00%, 0, 0, 1, 324.63, 257944, 2
798, 73, 0, 1, 0, 0, 25.00%, 0, 0, 1, 324.58, 259605, 2
803, 74, 0, 1, 0, 0, 25.00%, 0, 0, 1, 325.09, 261277, 2
808, 74, 0, 1, 0, 0, 25.00%, 0, 0, 1, 321.11, 262920, 2
813, 75, 0, 1, 0, 0, 25.00%, 0, 0, 1, 322.56, 264569, 2
818, 75, 0, 1, 0, 0, 25.00%, 0, 0, 1, 323.84, 266217, 2
823, 76, 0, 1, 0, 0, 25.00%, 0, 0, 1, 323.75, 267872, 2
829, 76, 0, 1, 0, 0, 25.00%, 0, 0, 1, 323.59, 269526, 2
834, 77, 0, 1, 0, 0, 25.00%, 0, 0, 1, 324.20, 271175, 2
839, 77, 0, 1, 0, 0, 25.00%, 0, 0, 1, 323.00, 272836, 2
844, 78, 0, 1, 0, 0, 25.00%, 0, 0, 1, 324.10, 274490, 2
849, 78, 0, 1, 0, 0, 25.00%, 0, 0, 1, 325.58, 276169, 2
854, 79, 0, 1, 0, 0, 25.00%, 0, 0, 1, 323.09, 277823, 2
859, 79, 0, 1, 0, 0, 25.00%, 0, 0, 1, 323.83, 279484, 2
864, 80, 0, 1, 0, 0, 25.00%, 0, 0, 1, 324.56, 281144, 2
870, 80, 0, 1, 0, 0, 25.00%, 0, 0, 1, 324.86, 282805, 2
875, 80, 0, 1, 0, 0, 25.00%, 0, 0, 1, 324.36, 284466, 2
880, 81, 0, 1, 0, 0, 25.00%, 0, 0, 1, 322.96, 286114, 2
885, 81, 0, 1, 0, 0, 25.00%, 0, 0, 1, 323.39, 287775, 2
890, 82, 0, 1, 0, 0, 25.00%, 0, 0, 1, 323.60, 289423, 2
895, 82, 0, 1, 0, 0, 25.00%, 0, 0, 1, 323.08, 291084, 2
900, 83, 0, 1, 0, 0, 25.00%, 0, 0, 1, 323.72, 292733, 2
905, 83, 0, 1, 0, 0, 25.00%, 0, 0, 1, 322.91, 294387, 2
907, 83, 0, 1, 0, 0, 25.00%, 1, 0, 1, 313.24, 294895, 2
