# relative_time, cycles_done, cur_item, corpus_count, pending_total, pending_favs, map_size, saved_crashes, saved_hangs, max_depth, execs_per_sec, total_execs, edges_found
61, 7, 0, 3, 0, 0, 36.00%, 0, 0, 2, 319.55, 19766, 9
66, 8, 0, 3, 0, 0, 36.00%, 0, 0, 2, 321.11, 21418, 9
72, 9, 2, 3, 0, 0, 36.00%, 0, 0, 2, 321.19, 23076, 9
77, 10, 0, 3, 0, 0, 36.00%, 0, 0, 2, 321.85, 24741, 9
82, 10, 0, 3, 0, 0, 36.00%, 0, 0, 2, 321.71, 26396, 9
87, 11, 2, 3, 0, 0, 36.00%, 0, 0, 2, 321.39, 28057, 9
92, 11, 0, 3, 0, 0, 36.00%, 0, 0, 2, 321.18, 29707, 9
97, 12, 2, 3, 0, 0, 36.00%, 0, 0, 2, 323.09, 31364, 9
102, 13, 2, 3, 0, 0, 36.00%, 0, 0, 2, 321.06, 33032, 9
108, 14, 0, 3, 0, 0, 36.00%, 0, 0, 2, 321.75, 34685, 9
113, 15, 2, 3, 0, 0, 36.00%, 0, 0, 2, 315.71, 36268, 9
115, 15, 0, 3, 0, 0, 36.00%, 1, 0, 2, 303.09, 37095, 9
