# relative_time, cycles_done, cur_item, corpus_count, pending_total, pending_favs, map_size, saved_crashes, saved_hangs, max_depth, execs_per_sec, total_execs, edges_found
61, 6, 0, 1, 0, 0, 25.00%, 0, 0, 1, 326.04, 20264, 2
66, 6, 0, 1, 0, 0, 25.00%, 0, 0, 1, 325.09, 21925, 2
71, 6, 0, 1, 0, 0, 25.00%, 0, 0, 1, 325.97, 23592, 2
76, 7, 0, 1, 0, 0, 25.00%, 0, 0, 1, 324.06, 25252, 2
81, 7, 0, 1, 0, 0, 25.00%, 0, 0, 1, 326.77, 26925, 2
86, 8, 0, 1, 0, 0, 25.00%, 0, 0, 1, 326.08, 28591, 2
91, 8, 0, 1, 0, 0, 25.00%, 0, 0, 1, 324.57, 30240, 2
96, 9, 0, 1, 0, 0, 25.00%, 0, 0, 1, 325.23, 31901, 2
102, 9, 0, 1, 0, 0, 25.00%, 0, 0, 1, 327.33, 33573, 2
107, 10, 0, 1, 0, 0, 25.00%, 0, 0, 1, 325.32, 35234, 2
112, 10, 0, 1, 0, 0, 25.00%, 0, 0, 1, 325.19, 36882, 2
117, 11, 0, 1, 0, 0, 25.00%, 0, 0, 1, 325.05, 38543, 2
122, 11, 0, 1, 0, 0, 25.00%, 0, 0, 1, 323.91, 40198, 2
127, 12, 0, 1, 0, 0, 25.00%, 0, 0, 1, 325.85, 41858, 2
132, 12, 0, 1, 0, 0, 25.00%, 0, 0, 1, 325.72, 43513, 2
137, 13, 0, 1, 0, 0, 25.00%, 0, 0, 1, 324.59, 45167, 2
142, 13, 0, 1, 0, 0, 25.00%, 0, 0, 1, 325.06, 46822, 2
147, 14, 0, 1, 0, 0, 25.00%, 0, 0, 1, 324.77, 48482, 2
153, 14, 0, 1, 0, 0, 25.00%, 0, 0, 1, 324.62, 50137, 2
158, 14, 0, 1, 0, 0, 25.00%, 0, 0, 1, 324.41, 51798, 2
163, 15, 0, 1, 0, 0, 25.00%, 0, 0, 1, 325.03, 53476, 2
168, 15, 0, 1, 0, 0, 25.00%, 0, 0, 1, 325.67, 55149, 2
173, 16, 0, 1, 0, 0, 25.00%, 0, 0, 1, 325.24, 56815, 2
178, 16, 0, 1, 0, 0, 25.00%, 0, 0, 1, 325.98, 58482, 2
183, 17, 0, 1, 0, 0, 25.00%, 0, 0, 1, 325.58, 60149, 2
188, 17, 0, 1, 0, 0, 25.00%, 0, 0, 1, 326.09, 61821, 2
194, 18, 0, 1, 0, 0, 25.00%, 0, 0, 1, 325.52, 63500, 2
199, 18, 0, 1, 0, 0, 25.00%, 0, 0, 1, 324.79, 65154, 2
204, 19, 0, 1, 0, 0, 25.00%, 0, 0, 1, 324.52, 66809, 2
209, 19, 0, 1, 0, 0, 25.00%, 0, 0, 1, 326.78, 68493, 2
214, 20, 0, 1, 0, 0, 25.00%, 0, 0, 1, 325.37, 70142, 2
219, 20, 0, 1, 0, 0, 25.00%, 0, 0, 1, 324.89, 71797, 2
224, 21, 0, 1, 0, 0, 25.00%, 0, 0, 1, 326.27, 73475, 2
229, 21, 0, 1, 0, 0, 25.00%, 0, 0, 1, 325.01, 75136, 2
235, 22, 0, 1, 0, 0, 25.00%, 0, 0, 1, 327.09, 76820, 2
240, 22, 0, 1, 0, 0, 25.00%, 0, 0, 1, 326.05, 78487, 2
245, 22, 0, 1, 0, 0, 25.00%, 0, 0, 1, 324.87, 80142, 2
250, 23, 0, 1, 0, 0, 25.00%, 0, 0, 1, 326.76, 81814, 2
255, 23, 0, 1, 0, 0, 25.00%, 0, 0, 1, 323.07, 83469, 2
260, 24, 0, 1, 0, 0, 25.00%, 0, 0, 1, 325.38, 85129, 2
265, 24, 0, 1, 0, 0, 25.00%, 0, 0, 1, 325.56, 86790, 2
270, 25, 0, 1, 0, 0, 25.00%, 0, 0, 1, 325.54, 88450, 2
275, 25, 0, 1, 0, 0, 25.00%, 0, 0, 1, 326.43, 90111, 2
281, 26, 0, 1, 0, 0, 25.00%, 0, 0, 1, 325.38, 91772, 2
286, 26, 0, 1, 0, 0, 25.00%, 0, 0, 1, 325.42, 93432, 2
291, 27, 0, 1, 0, 0, 25.00%, 0, 0, 1, 323.09, 95081, 2
296, 27, 0, 1, 0, 0, 25.00%, 0, 0, 1, 325.91, 96753, 2
301, 28, 0, 1, 0, 0, 25.00%, 0, 0, 1, 323.84, 98414, 2
306, 28, 0, 1, 0, 0, 25.00%, 0, 0, 1, 325.22, 100087, 2
311, 29, 0, 1, 0, 0, 25.00%, 0, 0, 1, 325.06, 101759, 2
316, 29, 0, 1, 0, 0, 25.00%, 0, 0, 1, 322.37, 103414, 2
321, 30, 0, 1, 0, 0, 25.00%, 0, 0, 1, 325.04, 105074, 2
327, 30, 0, 1, 0, 0, 25.00%, 0, 0, 1, 324.68, 106735, 2
332, 31, 0, 1, 0, 0, 25.00%, 0, 0, 1, 324.64, 108401, 2
337, 31, 0, 1, 0, 0, 25.00%, 0, 0, 1, 325.08, 110062, 2
342, 31, 0, 1, 0, 0, 25.00%, 0, 0, 1, 324.27, 111735, 2
347, 32, 0, 1, 0, 0, 25.00%, 0, 0, 1, 325.00, 113389, 2
352, 32, 0, 1, 0, 0, 25.00%, 0, 0, 1, 325.43, 115050, 2
357, 33, 0, 1, 0, 0, 25.00%, 0, 0, 1, 324.01, 116704, 2
362, 33, 0, 1, 0, 0, 25.00%, 0, 0, 1, 324.64, 118371, 2
368, 34, 0, 1, 0, 0, 25.00%, 0, 0, 1, 324.04, 120026, 2
373, 34, 0, 1, 0, 0, 25.00%, 0, 0, 1, 325.21, 121698, 2
378, 35, 0, 1, 0, 0, 25.00%, 0, 0, 1, 324.60, 123353, 2
383, 35, 0, 1, 0, 0, 25.00%, 0, 0, 1, 324.29, 125019, 2
388, 36, 0, 1, 0, 0, 25.00%, 0, 0, 1, 325.34, 126680, 2
393, 36, 0, 1, 0, 0, 25.00%, 0, 0, 1, 326.06, 128346, 2
398, 37, 0, 1, 0, 0, 25.00%, 0, 0, 1, 323.37, 130001, 2
403, 37, 0, 1, 0, 0, 25.00%, 0, 0, 1, 325.01, 131668, 2
406, 37, 0, 1, 0, 0, 25.00%, 1, 0, 1, 316.67, 132582, 2
