# relative_time, cycles_done, cur_item, corpus_count, pending_total, pending_favs, map_size, saved_crashes, saved_hangs, max_depth, execs_per_sec, total_execs, edges_found
61, 5, 0, 1, 0, 0, 25.00%, 0, 0, 1, 323.98, 19863, 2
66, 6, 0, 1, 0, 0, 25.00%, 0, 0, 1, 322.48, 21511, 2
71, 6, 0, 1, 0, 0, 25.00%, 0, 0, 1, 323.51, 23166, 2
76, 7, 0, 1, 0, 0, 25.00%, 0, 0, 1, 324.05, 24827, 2
81, 7, 0, 1, 0, 0, 25.00%, 0, 0, 1, 323.65, 26475, 2
86, 8, 0, 1, 0, 0, 25.00%, 0, 0, 1, 322.70, 28124, 2
92, 8, 0, 1, 0, 0, 25.00%, 0, 0, 1, 323.40, 29778, 2
97, 9, 0, 1, 0, 0, 25.00%, 0, 0, 1, 324.09, 31427, 2
102, 9, 0, 1, 0, 0, 25.00%, 0, 0, 1, 323.50, 33076, 2
107, 10, 0, 1, 0, 0, 25.00%, 0, 0, 1, 323.61, 34724, 2
112, 10, 0, 1, 0, 0, 25.00%, 0, 0, 1, 323.77, 36373, 2
117, 11, 0, 1, 0, 0, 25.00%, 0, 0, 1, 323.98, 38033, 2
122, 11, 0, 1, 0, 0, 25.00%, 0, 0, 1, 323.95, 39688, 2
127, 11, 0, 1, 0, 0, 25.00%, 0, 0, 1, 324.87, 41343, 2
132, 12, 0, 1, 0, 0, 25.00%, 0, 0, 1, 323.56, 42991, 2
137, 12, 0, 1, 0, 0, 25.00%, 0, 0, 1, 324.88, 44646, 2
143, 13, 0, 1, 0, 0, 25.00%, 0, 0, 1, 322.82, 46294, 2
148, 13, 0, 1, 0, 0, 25.00%, 0, 0, 1, 323.78, 47949, 2
153, 14, 0, 1, 0, 0, 25.00%, 0, 0, 1, 323.88, 49610, 2
158, 14, 0, 1, 0, 0, 25.00%, 0, 0, 1, 324.16, 51264, 2
163, 15, 0, 1, 0, 0, 25.00%, 0, 0, 1, 321.96, 52919, 2
168, 15, 0, 1, 0, 0, 25.00%, 0, 0, 1, 323.41, 54567, 2
173, 16, 0, 1, 0, 0, 25.00%, 0, 0, 1, 323.09, 56216, 2
178, 16, 0, 1, 0, 0, 25.00%, 0, 0, 1, 324.54, 57882, 2
184, 17, 0, 1, 0, 0, 25.00%, 0, 0, 1, 323.54, 59531, 2
189, 17, 0, 1, 0, 0, 25.00%, 0, 0, 1, 322.05, 61186, 2
194, 18, 0, 1, 0, 0, 25.00%, 0, 0, 1, 323.31, 62846, 2
199, 18, 0, 1, 0, 0, 25.00%, 0, 0, 1, 323.14, 64501, 2
204, 19, 0, 1, 0, 0, 25.00%, 0, 0, 1, 321.31, 66149, 2
209, 19, 0, 1, 0, 0, 25.00%, 0, 0, 1, 322.62, 67798, 2
214, 19, 0, 1, 0, 0, 25.00%, 0, 0, 1, 323.86, 69459, 2
219, 20, 0, 1, 0, 0, 25.00%, 0, 0, 1, 324.47, 71113, 2
225, 20, 0, 1, 0, 0, 25.00%, 0, 0, 1, 324.42, 72768, 2
230, 21, 0, 1, 0, 0, 25.00%, 0, 0, 1, 323.72, 74416, 2
235, 21, 0, 1, 0, 0, 25.00%, 0, 0, 1, 324.22, 76065, 2
240, 22, 0, 1, 0, 0, 25.00%, 0, 0, 1, 323.66, 77732, 2
245, 22, 0, 1, 0, 0, 25.00%, 0, 0, 1, 324.12, 79380, 2
250, 23, 0, 1, 0, 0, 25.00%, 0, 0, 1, 323.66, 81035, 2
255, 23, 0, 1, 0, 0, 25.00%, 0, 0, 1, 323.28, 82695, 2
260, 24, 0, 1, 0, 0, 25.00%, 0, 0, 1, 323.22, 84356, 2
265, 24, 0, 1, 0, 0, 25.00%, 0, 0, 1, 322.90, 86011, 2
271, 25, 0, 1, 0, 0, 25.00%, 0, 0, 1, 322.83, 87659, 2
276, 25, 0, 1, 0, 0, 25.00%, 0, 0, 1, 323.54, 89308, 2
281, 26, 0, 1, 0, 0, 25.00%, 0, 0, 1, 322.12, 90962, 2
286, 26, 0, 1, 0, 0, 25.00%, 0, 0, 1, 322.52, 92611, 2
291, 26, 0, 1, 0, 0, 25.00%, 0, 0, 1, 322.22, 94264, 2
296, 27, 0, 1, 0, 0, 25.00%, 0, 0, 1, 323.44, 95926, 2
301, 27, 0, 1, 0, 0, 25.00%, 0, 0, 1, 323.14, 97575, 2
306, 28, 0, 1, 0, 0, 25.00%, 0, 0, 1, 323.69, 99223, 2
311, 28, 0, 1, 0, 0, 25.00%, 0, 0, 1, 324.20, 100872, 2
317, 29, 0, 1, 0, 0, 25.00%, 0, 0, 1, 322.90, 102532, 2
322, 29, 0, 1, 0, 0, 25.00%, 0, 0, 1, 323.66, 104187, 2
327, 30, 0, 1, 0, 0, 25.00%, 0, 0, 1, 312.26, 105800, 2
332, 30, 0, 1, 0, 0, 25.00%, 0, 0, 1, 321.26, 107460, 2
337, 31, 0, 1, 0, 0, 25.00%, 0, 0, 1, 323.88, 109121, 2
342, 31, 0, 1, 0, 0, 25.00%, 0, 0, 1, 324.37, 110769, 2
347, 32, 0, 1, 0, 0, 25.00%, 0, 0, 1, 322.71, 112424, 2
352, 32, 0, 1, 0, 0, 25.00%, 0, 0, 1, 323.86, 114073, 2
357, 33, 0, 1, 0, 0, 25.00%, 0, 0, 1, 323.68, 115721, 2
363, 33, 0, 1, 0, 0, 25.00%, 0, 0, 1, 323.90, 117370, 2
368, 34, 0, 1, 0, 0, 25.00%, 0, 0, 1, 324.74, 119036, 2
373, 34, 0, 1, 0, 0, 25.00%, 0, 0, 1, 321.48, 120679, 2
378, 34, 0, 1, 0, 0, 25.00%, 0, 0, 1, 323.06, 122334, 2
383, 35, 0, 1, 0, 0, 25.00%, 0, 0, 1, 324.59, 123994, 2
388, 35, 0, 1, 0, 0, 25.00%, 0, 0, 1, 324.55, 125649, 2
393, 36, 0, 1, 0, 0, 25.00%, 0, 0, 1, 324.39, 127297, 2
398, 36, 0, 1, 0, 0, 25.00%, 0, 0, 1, 324.07, 128952, 2
403, 37, 0, 1, 0, 0, 25.00%, 0, 0, 1, 323.05, 130613, 2
409, 37, 0, 1, 0, 0, 25.00%, 0, 0, 1, 323.76, 132267, 2
414, 38, 0, 1, 0, 0, 25.00%, 0, 0, 1, 322.47, 133916, 2
419, 38, 0, 1, 0, 0, 25.00%, 0, 0, 1, 321.96, 135570, 2
424, 39, 0, 1, 0, 0, 25.00%, 0, 0, 1, 324.75, 137231, 2
429, 39, 0, 1, 0, 0, 25.00%, 0, 0, 1, 324.12, 138880, 2
434, 40, 0, 1, 0, 0, 25.00%, 0, 0, 1, 324.05, 140534, 2
439, 40, 0, 1, 0, 0, 25.00%, 0, 0, 1, 320.21, 142177, 2
444, 41, 0, 1, 0, 0, 25.00%, 0, 0, 1, 323.34, 143837, 2
450, 41, 0, 1, 0, 0, 25.00%, 0, 0, 1, 323.15, 145492, 2
455, 42, 0, 1, 0, 0, 25.00%, 0, 0, 1, 324.20, 147146, 2
458, 42, 0, 1, 0, 0, 25.00%, 1, 0, 1, 310.31, 148221, 2
