# relative_time, cycles_done, cur_item, corpus_count, pending_total, pending_favs, map_size, saved_crashes, saved_hangs, max_depth, execs_per_sec, total_execs, edges_found
61, 6, 0, 3, 0, 0, 32.26%, 0, 0, 2, 320.96, 19909, 10
66, 7, 2, 3, 0, 0, 32.26%, 0, 0, 2, 325.48, 21600, 10
71, 8, 0, 3, 0, 0, 32.26%, 0, 0, 2, 325.84, 23286, 10
76, 9, 0, 3, 0, 0, 32.26%, 0, 0, 2, 321.68, 24950, 10
82, 9, 0, 3, 0, 0, 32.26%, 0, 0, 2, 321.96, 26614, 10
87, 10, 2, 3, 0, 0, 32.26%, 0, 0, 2, 325.25, 28296, 10
92, 11, 2, 3, 0, 0, 32.26%, 0, 0, 2, 323.42, 29963, 10
97, 12, 2, 3, 0, 0, 32.26%, 0, 0, 2, 328.00, 31664, 10
102, 14, 2, 3, 0, 0, 32.26%, 0, 0, 2, 328.37, 33374, 10
107, 15, 2, 3, 0, 0, 32.26%, 0, 0, 2, 329.30, 35030, 10
113, 15, 0, 3, 0, 0, 32.26%, 0, 0, 2, 323.82, 36684, 10
118, 17, 2, 3, 0, 0, 32.26%, 0, 0, 2, 329.22, 38392, 10
123, 18, 2, 3, 0, 0, 32.26%, 0, 0, 2, 322.26, 40072, 10
128, 19, 0, 3, 0, 0, 32.26%, 0, 0, 2, 325.57, 41713, 10
133, 19, 2, 3, 0, 0, 32.26%, 0, 0, 2, 325.90, 43386, 10
138, 20, 2, 3, 0, 0, 32.26%, 0, 0, 2, 324.09, 45065, 10
143, 21, 0, 3, 0, 0, 32.26%, 0, 0, 2, 323.40, 46748, 10
149, 22, 2, 3, 0, 0, 32.26%, 0, 0, 2, 326.24, 48415, 10
154, 23, 0, 3, 0, 0, 32.26%, 0, 0, 2, 327.61, 50110, 10
159, 23, 0, 3, 0, 0, 32.26%, 0, 0, 2, 320.88, 51759, 10
164, 24, 0, 3, 0, 0, 32.26%, 0, 0, 2, 321.18, 53408, 10
169, 25, 0, 3, 0, 0, 32.26%, 0, 0, 2, 325.46, 55111, 10
174, 25, 0, 3, 0, 0, 32.26%, 0, 0, 2, 324.54, 56790, 10
180, 26, 2, 3, 0, 0, 32.26%, 0, 0, 2, 326.98, 58466, 10
185, 26, 2, 3, 0, 0, 32.26%, 0, 0, 2, 324.93, 60136, 10
190, 27, 2, 3, 0, 0, 32.26%, 0, 0, 2, 324.09, 61797, 10
195, 28, 2, 3, 0, 0, 32.26%, 0, 0, 2, 325.38, 63470, 10
200, 28, 0, 3, 0, 0, 32.26%, 0, 0, 2, 324.85, 65162, 10
205, 29, 2, 3, 0, 0, 32.26%, 0, 0, 2, 325.44, 66856, 10
211, 30, 2, 3, 0, 0, 32.26%, 0, 0, 2, 324.58, 68535, 10
216, 31, 2, 3, 0, 0, 32.26%, 0, 0, 2, 323.96, 70199, 10
221, 31, 2, 3, 0, 0, 32.26%, 0, 0, 2, 322.32, 71860, 10
226, 32, 0, 3, 0, 0, 32.26%, 0, 0, 2, 327.40, 73507, 10
231, 33, 1, 3, 0, 0, 32.26%, 0, 0, 2, 326.01, 75192, 10
236, 34, 2, 3, 0, 0, 32.26%, 0, 0, 2, 324.36, 76850, 10
241, 34, 0, 3, 0, 0, 32.26%, 0, 0, 2, 322.98, 78505, 10
246, 35, 2, 3, 0, 0, 32.26%, 0, 0, 2, 324.99, 80175, 10
252, 35, 2, 3, 0, 0, 32.26%, 0, 0, 2, 325.97, 81854, 10
257, 36, 2, 3, 0, 0, 32.26%, 0, 0, 2, 328.70, 83552, 10
262, 38, 0, 3, 0, 0, 32.26%, 0, 0, 2, 325.85, 85241, 10
267, 38, 0, 3, 0, 0, 32.26%, 0, 0, 2, 321.99, 86890, 10
272, 39, 2, 3, 0, 0, 32.26%, 0, 0, 2, 326.95, 88530, 10
277, 39, 2, 3, 0, 0, 32.26%, 0, 0, 2, 324.36, 90185, 10
282, 40, 2, 3, 0, 0, 32.26%, 0, 0, 2, 324.57, 91864, 10
288, 41, 2, 3, 0, 0, 32.26%, 0, 0, 2, 328.85, 93580, 10
293, 42, 2, 3, 0, 0, 32.26%, 0, 0, 2, 324.45, 95244, 10
298, 43, 2, 3, 0, 0, 32.26%, 0, 0, 2, 326.93, 96885, 10
303, 44, 0, 3, 0, 0, 32.26%, 0, 0, 2, 325.09, 98571, 10
308, 45, 2, 3, 0, 0, 32.26%, 0, 0, 2, 327.49, 100265, 10
313, 46, 0, 3, 0, 0, 32.26%, 0, 0, 2, 326.20, 101951, 10
318, 47, 0, 3, 0, 0, 32.26%, 0, 0, 2, 325.17, 103612, 10
324, 47, 0, 3, 0, 0, 32.26%, 0, 0, 2, 320.95, 105261, 10
329, 47, 0, 3, 0, 0, 32.26%, 0, 0, 2, 321.28, 106928, 10
334, 48, 0, 3, 0, 0, 32.26%, 0, 0, 2, 323.23, 108610, 10
339, 48, 0, 3, 0, 0, 32.26%, 0, 0, 2, 321.70, 110268, 10
344, 50, 2, 3, 0, 0, 32.26%, 0, 0, 2, 326.92, 111911, 10
349, 51, 2, 3, 0, 0, 32.26%, 0, 0, 2, 329.44, 113564, 10
354, 52, 2, 3, 0, 0, 32.26%, 0, 0, 2, 330.45, 115292, 10
360, 52, 0, 3, 0, 0, 32.26%, 0, 0, 2, 323.78, 116975, 10
365, 53, 2, 3, 0, 0, 32.26%, 0, 0, 2, 323.07, 118632, 10
370, 53, 2, 3, 0, 0, 32.26%, 0, 0, 2, 323.01, 120302, 10
375, 55, 0, 3, 0, 0, 32.26%, 0, 0, 2, 326.10, 122000, 10
380, 55, 2, 3, 0, 0, 32.26%, 0, 0, 2, 326.23, 123684, 10
385, 56, 2, 3, 0, 0, 32.26%, 0, 0, 2, 327.80, 125386, 10
391, 58, 2, 3, 0, 0, 32.26%, 0, 0, 2, 329.28, 127084, 10
396, 58, 0, 3, 0, 0, 32.26%, 0, 0, 2, 323.68, 128767, 10
401, 59, 2, 3, 0, 0, 32.26%, 0, 0, 2, 324.68, 130442, 10
406, 59, 0, 3, 0, 0, 32.26%, 0, 0, 2, 322.38, 132110, 10
411, 61, 2, 3, 0, 0, 32.26%, 0, 0, 2, 327.61, 133822, 10
417, 62, 2, 3, 0, 0, 32.26%, 0, 0, 2, 329.05, 135520, 10
422, 63, 0, 3, 0, 0, 32.26%, 0, 0, 2, 325.37, 137152, 10
426, 63, 2, 3, 0, 0, 32.26%, 1, 0, 2, 317.41, 138488, 10
