# relative_time, cycles_done, cur_item, corpus_count, pending_total, pending_favs, map_size, saved_crashes, saved_hangs, max_depth, execs_per_sec, total_execs, edges_found
61, 7, 0, 3, 0, 0, 32.26%, 0, 0, 2, 321.46, 20081, 10
66, 8, 1, 3, 0, 0, 32.26%, 0, 0, 2, 324.85, 21754, 10
72, 9, 0, 3, 0, 0, 32.26%, 0, 0, 2, 323.21, 23419, 10
77, 10, 2, 3, 0, 0, 32.26%, 0, 0, 2, 326.06, 25116, 10
82, 11, 1, 3, 0, 0, 32.26%, 0, 0, 2, 328.30, 26758, 10
87, 12, 1, 3, 0, 0, 32.26%, 0, 0, 2, 326.85, 28385, 10
92, 13, 2, 3, 0, 0, 32.26%, 0, 0, 2, 326.42, 30081, 10
97, 14, 1, 3, 0, 0, 32.26%, 0, 0, 2, 325.78, 31769, 10
102, 14, 1, 3, 0, 0, 32.26%, 0, 0, 2, 321.50, 33427, 10
107, 15, 1, 3, 0, 0, 32.26%, 0, 0, 2, 327.85, 35080, 10
112, 16, 1, 3, 0, 0, 32.26%, 0, 0, 2, 327.70, 36728, 10
117, 17, 1, 3, 0, 0, 32.26%, 0, 0, 2, 321.73, 38343, 10
123, 18, 1, 3, 0, 0, 32.26%, 0, 0, 2, 328.43, 40059, 10
128, 19, 2, 3, 0, 0, 32.26%, 0, 0, 2, 324.83, 41746, 10
133, 20, 0, 3, 0, 0, 32.26%, 0, 0, 2, 324.65, 43414, 10
138, 20, 2, 3, 0, 0, 32.26%, 0, 0, 2, 322.52, 45078, 10
143, 21, 0, 3, 0, 0, 32.26%, 0, 0, 2, 323.58, 46766, 10
148, 22, 0, 3, 0, 0, 32.26%, 0, 0, 2, 325.06, 48451, 10
154, 22, 2, 3, 0, 0, 32.26%, 0, 0, 2, 324.34, 50115, 10
159, 23, 1, 3, 0, 0, 32.26%, 0, 0, 2, 327.59, 51809, 10
164, 24, 2, 3, 0, 0, 32.26%, 0, 0, 2, 324.52, 53487, 10
169, 25, 1, 3, 0, 0, 32.26%, 0, 0, 2, 324.77, 55169, 10
174, 25, 0, 3, 0, 0, 32.26%, 0, 0, 2, 323.54, 56858, 10
179, 26, 2, 3, 0, 0, 32.26%, 0, 0, 2, 323.54, 58540, 10
185, 27, 2, 3, 0, 0, 32.26%, 0, 0, 2, 325.67, 60231, 10
190, 28, 1, 3, 0, 0, 32.26%, 0, 0, 2, 324.15, 61907, 10
195, 29, 1, 3, 0, 0, 32.26%, 0, 0, 2, 324.45, 63577, 10
200, 29, 0, 3, 0, 0, 32.26%, 0, 0, 2, 325.28, 65215, 10
205, 30, 1, 3, 0, 0, 32.26%, 1, 0, 2, 318.74, 66842, 10
