# relative_time, cycles_done, cur_item, corpus_count, pending_total, pending_favs, map_size, saved_crashes, saved_hangs, max_depth, execs_per_sec, total_execs, edges_found
61, 9, 2, 3, 0, 0, 36.00%, 0, 0, 2, 328.44, 20165, 9
66, 10, 0, 3, 0, 0, 36.00%, 0, 0, 2, 326.87, 21860, 9
72, 11, 2, 3, 0, 0, 36.00%, 0, 0, 2, 328.15, 23542, 9
77, 11, 0, 3, 0, 0, 36.00%, 0, 0, 2, 326.00, 25237, 9
82, 12, 2, 3, 0, 0, 36.00%, 0, 0, 2, 324.03, 26891, 9
87, 13, 0, 3, 0, 0, 36.00%, 0, 0, 2, 325.94, 28592, 9
92, 13, 0, 3, 0, 0, 36.00%, 0, 0, 2, 322.09, 30247, 9
97, 14, 2, 3, 0, 0, 36.00%, 0, 0, 2, 320.39, 31916, 9
103, 14, 0, 3, 0, 0, 36.00%, 0, 0, 2, 323.62, 33593, 9
108, 15, 2, 3, 0, 0, 36.00%, 0, 0, 2, 323.64, 35253, 9
113, 15, 2, 3, 0, 0, 36.00%, 0, 0, 2, 324.64, 36926, 9
118, 17, 2, 3, 0, 0, 36.00%, 0, 0, 2, 329.39, 38645, 9
123, 18, 2, 3, 0, 0, 36.00%, 0, 0, 2, 332.34, 40370, 9
128, 19, 2, 3, 0, 0, 36.00%, 0, 0, 2, 328.04, 42068, 9
133, 20, 2, 3, 0, 0, 36.00%, 0, 0, 2, 330.55, 43727, 9
139, 21, 0, 3, 0, 0, 36.00%, 0, 0, 2, 324.73, 45394, 9
144, 22, 2, 3, 0, 0, 36.00%, 0, 0, 2, 325.21, 47073, 9
149, 23, 2, 3, 0, 0, 36.00%, 0, 0, 2, 329.94, 48732, 9
154, 23, 2, 3, 0, 0, 36.00%, 0, 0, 2, 324.12, 50405, 9
159, 25, 2, 3, 0, 0, 36.00%, 0, 0, 2, 328.09, 52106, 9
164, 26, 2, 3, 0, 0, 36.00%, 0, 0, 2, 330.45, 53762, 9
169, 26, 2, 3, 0, 0, 36.00%, 0, 0, 2, 325.00, 55420, 9
174, 27, 2, 3, 0, 0, 36.00%, 0, 0, 2, 324.27, 57093, 9
180, 28, 0, 3, 0, 0, 36.00%, 0, 0, 2, 324.30, 58770, 9
185, 29, 2, 3, 0, 0, 36.00%, 0, 0, 2, 329.14, 60431, 9
190, 29, 2, 3, 0, 0, 36.00%, 0, 0, 2, 325.33, 62104, 9
195, 30, 0, 3, 0, 0, 36.00%, 0, 0, 2, 326.74, 63751, 9
200, 30, 0, 3, 0, 0, 36.00%, 0, 0, 2, 322.18, 65400, 9
205, 31, 0, 3, 0, 0, 36.00%, 0, 0, 2, 322.59, 67025, 9
210, 31, 1, 3, 0, 0, 36.00%, 0, 0, 2, 322.46, 68679, 9
215, 33, 2, 3, 0, 0, 36.00%, 0, 0, 2, 327.70, 70380, 9
220, 33, 0, 3, 0, 0, 36.00%, 0, 0, 2, 324.57, 72015, 9
226, 34, 0, 3, 0, 0, 36.00%, 0, 0, 2, 327.12, 73718, 9
231, 35, 2, 3, 0, 0, 36.00%, 0, 0, 2, 327.53, 75397, 9
236, 36, 2, 3, 0, 0, 36.00%, 0, 0, 2, 326.85, 77098, 9
241, 37, 0, 3, 0, 0, 36.00%, 0, 0, 2, 325.53, 78796, 9
246, 38, 0, 3, 0, 0, 36.00%, 0, 0, 2, 325.81, 80484, 9
251, 39, 2, 3, 0, 0, 36.00%, 0, 0, 2, 326.44, 82163, 9
256, 40, 0, 3, 0, 0, 36.00%, 0, 0, 2, 326.60, 83807, 9
262, 41, 2, 3, 0, 0, 36.00%, 0, 0, 2, 327.88, 85501, 9
266, 41, 1, 3, 0, 0, 36.00%, 1, 0, 2, 22.06, 86970, 9
