# relative_time, cycles_done, cur_item, corpus_count, pending_total, pending_favs, map_size, saved_crashes, saved_hangs, max_depth, execs_per_sec, total_execs, edges_found
61, 8, 0, 3, 0, 0, 36.00%, 0, 0, 2, 320.12, 19863, 9
67, 9, 2, 3, 0, 0, 36.00%, 0, 0, 2, 320.49, 21518, 9
72, 10, 2, 3, 0, 0, 36.00%, 0, 0, 2, 321.10, 23173, 9
77, 11, 2, 3, 0, 0, 36.00%, 0, 0, 2, 320.95, 24832, 9
82, 12, 2, 3, 0, 0, 36.00%, 0, 0, 2, 321.50, 26487, 9
87, 12, 0, 3, 0, 0, 36.00%, 0, 0, 2, 319.17, 28143, 9
92, 13, 2, 3, 0, 0, 36.00%, 0, 0, 2, 320.28, 29801, 9
97, 14, 2, 3, 0, 0, 36.00%, 0, 0, 2, 320.60, 31453, 9
103, 15, 0, 3, 0, 0, 36.00%, 0, 0, 2, 319.99, 33115, 9
108, 16, 0, 3, 0, 0, 36.00%, 0, 0, 2, 320.39, 34761, 9
113, 16, 2, 3, 0, 0, 36.00%, 0, 0, 2, 318.59, 36392, 9
118, 17, 0, 3, 0, 0, 36.00%, 0, 0, 2, 320.61, 38044, 9
123, 17, 0, 3, 0, 0, 36.00%, 0, 0, 2, 321.71, 39693, 9
128, 18, 0, 3, 0, 0, 36.00%, 0, 0, 2, 321.65, 41354, 9
134, 19, 2, 3, 0, 0, 36.00%, 0, 0, 2, 321.38, 43012, 9
139, 20, 2, 3, 0, 0, 36.00%, 0, 0, 2, 319.96, 44665, 9
144, 20, 2, 3, 0, 0, 36.00%, 0, 0, 2, 321.20, 46314, 9
149, 21, 0, 3, 0, 0, 36.00%, 0, 0, 2, 320.11, 47963, 9
154, 21, 0, 3, 0, 0, 36.00%, 0, 0, 2, 320.26, 49612, 9
159, 22, 2, 3, 0, 0, 36.00%, 0, 0, 2, 320.94, 51270, 9
165, 23, 2, 3, 0, 0, 36.00%, 0, 0, 2, 321.28, 52932, 9
170, 24, 0, 3, 0, 0, 36.00%, 0, 0, 2, 320.82, 54585, 9
175, 25, 2, 3, 0, 0, 36.00%, 0, 0, 2, 321.47, 56246, 9
180, 25, 2, 3, 0, 0, 36.00%, 0, 0, 2, 320.48, 57895, 9
185, 26, 0, 3, 0, 0, 36.00%, 0, 0, 2, 319.79, 59557, 9
190, 27, 2, 3, 0, 0, 36.00%, 0, 0, 2, 320.27, 61209, 9
196, 28, 0, 3, 0, 0, 36.00%, 0, 0, 2, 321.00, 62874, 9
201, 28, 0, 3, 0, 0, 36.00%, 0, 0, 2, 319.00, 64517, 9
206, 29, 0, 3, 0, 0, 36.00%, 0, 0, 2, 319.84, 66166, 9
211, 30, 2, 3, 0, 0, 36.00%, 0, 0, 2, 320.08, 67830, 9
216, 31, 2, 3, 0, 0, 36.00%, 0, 0, 2, 319.35, 69483, 9
221, 32, 2, 3, 0, 0, 36.00%, 0, 0, 2, 321.57, 71151, 9
227, 33, 2, 3, 0, 0, 36.00%, 0, 0, 2, 320.41, 72810, 9
232, 35, 2, 3, 0, 0, 36.00%, 0, 0, 2, 321.13, 74475, 9
237, 36, 0, 3, 0, 0, 36.00%, 0, 0, 2, 320.90, 76128, 9
242, 36, 2, 3, 0, 0, 36.00%, 0, 0, 2, 319.72, 77782, 9
247, 37, 0, 3, 0, 0, 36.00%, 0, 0, 2, 318.50, 79438, 9
252, 38, 2, 3, 0, 0, 36.00%, 0, 0, 2, 319.15, 81084, 9
258, 39, 2, 3, 0, 0, 36.00%, 0, 0, 2, 321.03, 82739, 9
263, 39, 0, 3, 0, 0, 36.00%, 0, 0, 2, 320.83, 84395, 9
268, 40, 2, 3, 0, 0, 36.00%, 0, 0, 2, 319.43, 86053, 9
273, 41, 2, 3, 0, 0, 36.00%, 0, 0, 2, 320.68, 87715, 9
278, 42, 0, 3, 0, 0, 36.00%, 0, 0, 2, 318.70, 89356, 9
283, 43, 2, 3, 0, 0, 36.00%, 0, 0, 2, 319.86, 91020, 9
289, 44, 2, 3, 0, 0, 36.00%, 0, 0, 2, 321.18, 92669, 9
294, 45, 2, 3, 0, 0, 36.00%, 0, 0, 2, 320.50, 94322, 9
299, 46, 2, 3, 0, 0, 36.00%, 0, 0, 2, 321.67, 95987, 9
304, 48, 2, 3, 0, 0, 36.00%, 0, 0, 2, 320.00, 97589, 9
308, 48, 2, 3, 0, 0, 36.00%, 1, 0, 2, 312.02, 98845, 9
