# relative_time, cycles_done, cur_item, corpus_count, pending_total, pending_favs, map_size, saved_crashes, saved_hangs, max_depth, execs_per_sec, total_execs, edges_found
61, 7, 2, 3, 0, 0, 36.00%, 0, 0, 2, 320.91, 19835, 9
66, 8, 2, 3, 0, 0, 36.00%, 0, 0, 2, 321.06, 21503, 9
72, 8, 0, 3, 0, 0, 36.00%, 0, 0, 2, 321.03, 23156, 9
77, 9, 0, 3, 0, 0, 36.00%, 0, 0, 2, 321.44, 24811, 9
82, 10, 2, 3, 0, 0, 36.00%, 0, 0, 2, 322.61, 26469, 9
87, 11, 2, 3, 0, 0, 36.00%, 0, 0, 2, 322.92, 28130, 9
92, 12, 0, 3, 0, 0, 36.00%, 0, 0, 2, 321.72, 29786, 9
97, 12, 0, 3, 0, 0, 36.00%, 0, 0, 2, 322.63, 31435, 9
102, 13, 2, 3, 0, 0, 36.00%, 0, 0, 2, 321.78, 33083, 9
108, 13, 0, 3, 0, 0, 36.00%, 0, 0, 2, 321.31, 34742, 9
113, 14, 2, 3, 0, 0, 36.00%, 0, 0, 2, 318.36, 36384, 9
118, 15, 2, 3, 0, 0, 36.00%, 0, 0, 2, 320.19, 38043, 9
123, 16, 2, 3, 0, 0, 36.00%, 0, 0, 2, 320.86, 39705, 9
128, 17, 2, 3, 0, 0, 36.00%, 0, 0, 2, 319.95, 41361, 9
129, 17, 2, 3, 0, 0, 36.00%, 1, 0, 2, 312.26, 41683, 9
