# relative_time, cycles_done, cur_item, corpus_count, pending_total, pending_favs, map_size, saved_crashes, saved_hangs, max_depth, execs_per_sec, total_execs, edges_found
61, 7, 2, 3, 0, 0, 32.26%, 0, 0, 2, 329.35, 20098, 10
66, 7, 2, 3, 0, 0, 32.26%, 0, 0, 2, 324.36, 21756, 10
72, 8, 2, 3, 0, 0, 32.26%, 0, 0, 2, 325.58, 23429, 10
77, 9, 0, 3, 0, 0, 32.26%, 0, 0, 2, 329.79, 25085, 10
82, 10, 0, 3, 0, 0, 32.26%, 0, 0, 2, 323.82, 26737, 10
87, 10, 2, 3, 0, 0, 32.26%, 0, 0, 2, 325.55, 28422, 10
92, 11, 0, 3, 0, 0, 32.26%, 0, 0, 2, 322.90, 30102, 10
97, 12, 2, 3, 0, 0, 32.26%, 0, 0, 2, 329.31, 31766, 10
102, 13, 0, 3, 0, 0, 32.26%, 0, 0, 2, 325.56, 33439, 10
108, 13, 2, 3, 0, 0, 32.26%, 0, 0, 2, 325.79, 35115, 10
113, 14, 0, 3, 0, 0, 32.26%, 0, 0, 2, 323.93, 36798, 10
118, 14, 2, 3, 0, 0, 32.26%, 0, 0, 2, 323.12, 38467, 10
123, 15, 2, 3, 0, 0, 32.26%, 0, 0, 2, 323.37, 40131, 10
128, 16, 2, 3, 0, 0, 32.26%, 0, 0, 2, 328.68, 41829, 10
133, 17, 2, 3, 0, 0, 32.26%, 0, 0, 2, 325.71, 43508, 10
139, 18, 2, 3, 0, 0, 32.26%, 0, 0, 2, 329.59, 45230, 10
144, 18, 2, 3, 0, 0, 32.26%, 0, 0, 2, 325.22, 46846, 10
149, 19, 2, 3, 0, 0, 32.26%, 0, 0, 2, 323.85, 48519, 10
154, 19, 2, 3, 0, 0, 32.26%, 0, 0, 2, 325.15, 50195, 10
159, 20, 0, 3, 0, 0, 32.26%, 0, 0, 2, 323.12, 51854, 10
164, 21, 2, 3, 0, 0, 32.26%, 0, 0, 2, 323.10, 53523, 10
169, 22, 2, 3, 0, 0, 32.26%, 0, 0, 2, 328.40, 55233, 10
174, 23, 2, 3, 0, 0, 32.26%, 0, 0, 2, 329.41, 56886, 10
180, 24, 0, 3, 0, 0, 32.26%, 0, 0, 2, 326.00, 58566, 10
185, 25, 0, 3, 0, 0, 32.26%, 0, 0, 2, 326.17, 60245, 10
190, 25, 2, 3, 0, 0, 32.26%, 0, 0, 2, 324.92, 61915, 10
195, 26, 2, 3, 0, 0, 32.26%, 0, 0, 2, 329.21, 63571, 10
200, 27, 0, 3, 0, 0, 32.26%, 0, 0, 2, 327.89, 65275, 10
205, 28, 2, 3, 0, 0, 32.26%, 0, 0, 2, 326.91, 66960, 10
210, 29, 0, 3, 0, 0, 32.26%, 0, 0, 2, 328.76, 68673, 10
216, 29, 0, 3, 0, 0, 32.26%, 0, 0, 2, 321.78, 70322, 10
221, 30, 2, 3, 0, 0, 32.26%, 0, 0, 2, 327.69, 72025, 10
226, 31, 2, 3, 0, 0, 32.26%, 0, 0, 2, 325.07, 73689, 10
231, 32, 2, 3, 0, 0, 32.26%, 0, 0, 2, 329.34, 75351, 10
236, 33, 0, 3, 0, 0, 32.26%, 0, 0, 2, 324.74, 77016, 10
241, 34, 0, 3, 0, 0, 32.26%, 0, 0, 2, 326.05, 78653, 10
246, 34, 0, 3, 0, 0, 32.26%, 0, 0, 2, 323.28, 80311, 10
251, 35, 0, 3, 0, 0, 32.26%, 0, 0, 2, 323.10, 81975, 10
257, 35, 2, 3, 0, 0, 32.26%, 0, 0, 2, 327.00, 83669, 10
262, 37, 2, 3, 0, 0, 32.26%, 0, 0, 2, 329.66, 85325, 10
267, 37, 2, 3, 0, 0, 32.26%, 0, 0, 2, 322.13, 86966, 10
272, 38, 2, 3, 0, 0, 32.26%, 0, 0, 2, 328.51, 88688, 10
277, 39, 0, 3, 0, 0, 32.26%, 0, 0, 2, 324.21, 90355, 10
282, 39, 2, 3, 0, 0, 32.26%, 0, 0, 2, 325.95, 92034, 10
288, 41, 2, 3, 0, 0, 32.26%, 0, 0, 2, 328.87, 93747, 10
293, 41, 0, 3, 0, 0, 32.26%, 0, 0, 2, 325.09, 95439, 10
298, 42, 0, 3, 0, 0, 32.26%, 0, 0, 2, 327.48, 97139, 10
303, 43, 0, 3, 0, 0, 32.26%, 0, 0, 2, 323.43, 98794, 10
308, 43, 0, 3, 0, 0, 32.26%, 0, 0, 2, 323.56, 100464, 10
313, 44, 0, 3, 0, 0, 32.26%, 0, 0, 2, 322.79, 102128, 10
318, 45, 2, 3, 0, 0, 32.26%, 0, 0, 2, 326.53, 103786, 10
324, 46, 2, 3, 0, 0, 32.26%, 0, 0, 2, 329.29, 105493, 10
329, 47, 2, 3, 0, 0, 32.26%, 0, 0, 2, 329.93, 107203, 10
334, 48, 2, 3, 0, 0, 32.26%, 0, 0, 2, 328.64, 108859, 10
339, 49, 0, 3, 0, 0, 32.26%, 0, 0, 2, 326.04, 110545, 10
344, 50, 0, 3, 0, 0, 32.26%, 0, 0, 2, 323.61, 112209, 10
349, 50, 0, 3, 0, 0, 32.26%, 0, 0, 2, 323.45, 113879, 10
354, 51, 2, 3, 0, 0, 32.26%, 0, 0, 2, 322.71, 115548, 10
360, 52, 2, 3, 0, 0, 32.26%, 0, 0, 2, 328.72, 117255, 10
365, 52, 2, 3, 0, 0, 32.26%, 0, 0, 2, 323.28, 118916, 10
370, 54, 2, 3, 0, 0, 32.26%, 0, 0, 2, 328.85, 120590, 10
375, 55, 0, 3, 0, 0, 32.26%, 0, 0, 2, 326.45, 122291, 10
380, 55, 0, 3, 0, 0, 32.26%, 0, 0, 2, 322.67, 123946, 10
385, 56, 2, 3, 0, 0, 32.26%, 0, 0, 2, 328.88, 125655, 10
391, 57, 2, 3, 0, 0, 32.26%, 0, 0, 2, 328.64, 127359, 10
396, 58, 2, 3, 0, 0, 32.26%, 0, 0, 2, 329.54, 129021, 10
401, 59, 0, 3, 0, 0, 32.26%, 0, 0, 2, 325.78, 130719, 10
401, 59, 0, 3, 0, 0, 32.26%, 1, 0, 2, 314.35, 130823, 10
