# relative_time, cycles_done, cur_item, corpus_count, pending_total, pending_favs, map_size, saved_crashes, saved_hangs, max_depth, execs_per_sec, total_execs, edges_found
61, 9, 0, 3, 0, 0, 36.00%, 0, 0, 2, 321.79, 19967, 9
66, 10, 0, 3, 0, 0, 36.00%, 0, 0, 2, 321.81, 21634, 9
71, 11, 0, 3, 0, 0, 36.00%, 0, 0, 2, 321.88, 23313, 9
76, 12, 2, 3, 0, 0, 36.00%, 0, 0, 2, 325.22, 24935, 9
82, 13, 2, 3, 0, 0, 36.00%, 0, 0, 2, 327.13, 26633, 9
87, 14, 2, 3, 0, 0, 36.00%, 0, 0, 2, 329.19, 28286, 9
92, 15, 2, 3, 0, 0, 36.00%, 0, 0, 2, 322.75, 29947, 9
97, 16, 2, 3, 0, 0, 36.00%, 0, 0, 2, 326.75, 31654, 9
102, 16, 2, 3, 0, 0, 36.00%, 0, 0, 2, 322.74, 33309, 9
107, 17, 0, 3, 0, 0, 36.00%, 0, 0, 2, 320.30, 34970, 9
113, 18, 2, 3, 0, 0, 36.00%, 0, 0, 2, 323.15, 36640, 9
118, 18, 2, 3, 0, 0, 36.00%, 0, 0, 2, 322.33, 38292, 9
123, 19, 0, 3, 0, 0, 36.00%, 0, 0, 2, 320.22, 39957, 9
128, 20, 0, 3, 0, 0, 36.00%, 0, 0, 2, 324.65, 41645, 9
133, 20, 2, 3, 0, 0, 36.00%, 0, 0, 2, 323.45, 43303, 9
138, 22, 0, 3, 0, 0, 36.00%, 0, 0, 2, 326.27, 44956, 9
143, 23, 2, 3, 0, 0, 36.00%, 0, 0, 2, 325.96, 46629, 9
149, 24, 0, 3, 0, 0, 36.00%, 0, 0, 2, 327.20, 48327, 9
154, 24, 2, 3, 0, 0, 36.00%, 0, 0, 2, 324.15, 49997, 9
159, 25, 0, 3, 0, 0, 36.00%, 0, 0, 2, 325.57, 51689, 9
164, 26, 2, 3, 0, 0, 36.00%, 0, 0, 2, 324.31, 53356, 9
169, 27, 2, 3, 0, 0, 36.00%, 0, 0, 2, 327.56, 55045, 9
174, 29, 0, 3, 0, 0, 36.00%, 0, 0, 2, 325.83, 56734, 9
180, 29, 2, 3, 0, 0, 36.00%, 0, 0, 2, 325.95, 58413, 9
185, 30, 2, 3, 0, 0, 36.00%, 0, 0, 2, 327.96, 60111, 9
190, 31, 2, 3, 0, 0, 36.00%, 0, 0, 2, 323.51, 61772, 9
195, 32, 0, 3, 0, 0, 36.00%, 0, 0, 2, 320.93, 63452, 9
200, 32, 0, 3, 0, 0, 36.00%, 0, 0, 2, 320.91, 65104, 9
205, 33, 0, 3, 0, 0, 36.00%, 0, 0, 2, 323.05, 66786, 9
211, 33, 0, 3, 0, 0, 36.00%, 0, 0, 2, 320.23, 68429, 9
216, 34, 2, 3, 0, 0, 36.00%, 0, 0, 2, 320.32, 70077, 9
221, 34, 2, 3, 0, 0, 36.00%, 0, 0, 2, 320.36, 71729, 9
226, 35, 2, 3, 0, 0, 36.00%, 0, 0, 2, 327.53, 73379, 9
231, 37, 0, 3, 0, 0, 36.00%, 0, 0, 2, 325.80, 75065, 9
236, 37, 0, 3, 0, 0, 36.00%, 0, 0, 2, 321.07, 76714, 9
241, 38, 2, 3, 0, 0, 36.00%, 0, 0, 2, 323.90, 78369, 9
247, 38, 2, 3, 0, 0, 36.00%, 0, 0, 2, 322.38, 80036, 9
252, 40, 2, 3, 0, 0, 36.00%, 0, 0, 2, 327.76, 81740, 9
257, 41, 0, 3, 0, 0, 36.00%, 0, 0, 2, 327.20, 83447, 9
262, 41, 2, 3, 0, 0, 36.00%, 0, 0, 2, 326.53, 85132, 9
267, 42, 2, 3, 0, 0, 36.00%, 0, 0, 2, 323.76, 86745, 9
272, 43, 0, 3, 0, 0, 36.00%, 0, 0, 2, 324.78, 88440, 9
278, 43, 0, 3, 0, 0, 36.00%, 0, 0, 2, 319.72, 90089, 9
283, 44, 2, 3, 0, 0, 36.00%, 0, 0, 2, 325.33, 91765, 9
288, 46, 2, 3, 0, 0, 36.00%, 0, 0, 2, 328.63, 93433, 9
293, 47, 0, 3, 0, 0, 36.00%, 0, 0, 2, 327.49, 95074, 9
298, 47, 2, 3, 0, 0, 36.00%, 0, 0, 2, 323.10, 96732, 9
303, 48, 0, 3, 0, 0, 36.00%, 0, 0, 2, 323.79, 98361, 9
308, 49, 0, 3, 0, 0, 36.00%, 0, 0, 2, 318.58, 100004, 9
313, 50, 2, 3, 0, 0, 36.00%, 0, 0, 2, 324.07, 101683, 9
319, 51, 0, 3, 0, 0, 36.00%, 0, 0, 2, 321.42, 103351, 9
324, 51, 2, 3, 0, 0, 36.00%, 0, 0, 2, 324.95, 104979, 9
329, 53, 2, 3, 0, 0, 36.00%, 0, 0, 2, 326.42, 106677, 9
334, 53, 0, 3, 0, 0, 36.00%, 0, 0, 2, 318.81, 108329, 9
339, 53, 0, 3, 0, 0, 36.00%, 0, 0, 2, 318.73, 109972, 9
344, 54, 0, 3, 0, 0, 36.00%, 0, 0, 2, 323.71, 111657, 9
349, 55, 2, 3, 0, 0, 36.00%, 0, 0, 2, 321.99, 113312, 9
355, 55, 2, 3, 0, 0, 36.00%, 0, 0, 2, 322.14, 114970, 9
360, 56, 0, 3, 0, 0, 36.00%, 0, 0, 2, 324.96, 116668, 9
365, 57, 2, 3, 0, 0, 36.00%, 0, 0, 2, 324.00, 118335, 9
370, 58, 1, 3, 0, 0, 36.00%, 0, 0, 2, 326.46, 119973, 9
375, 59, 2, 3, 0, 0, 36.00%, 0, 0, 2, 324.20, 121643, 9
380, 59, 2, 3, 0, 0, 36.00%, 0, 0, 2, 323.71, 123301, 9
385, 60, 0, 3, 0, 0, 36.00%, 0, 0, 2, 323.04, 124981, 9
391, 61, 2, 3, 0, 0, 36.00%, 0, 0, 2, 325.57, 126666, 9
396, 62, 0, 3, 0, 0, 36.00%, 0, 0, 2, 319.64, 128322, 9
401, 62, 0, 3, 0, 0, 36.00%, 0, 0, 2, 320.41, 129995, 9
406, 63, 2, 3, 0, 0, 36.00%, 0, 0, 2, 321.70, 131664, 9
411, 64, 2, 3, 0, 0, 36.00%, 0, 0, 2, 326.76, 133350, 9
417, 64, 2, 3, 0, 0, 36.00%, 0, 0, 2, 323.95, 135020, 9
422, 66, 2, 3, 0, 0, 36.00%, 0, 0, 2, 327.70, 136718, 9
427, 67, 0, 3, 0, 0, 36.00%, 0, 0, 2, 326.89, 138410, 9
432, 67, 0, 3, 0, 0, 36.00%, 0, 0, 2, 320.95, 140059, 9
437, 67, 0, 3, 0, 0, 36.00%, 0, 0, 2, 317.18, 141696, 9
442, 68, 0, 3, 0, 0, 36.00%, 0, 0, 2, 323.41, 143381, 9
448, 69, 0, 3, 0, 0, 36.00%, 0, 0, 2, 323.35, 145060, 9
453, 69, 0, 3, 0, 0, 36.00%, 0, 0, 2, 319.00, 146697, 9
458, 70, 1, 3, 0, 0, 36.00%, 0, 0, 2, 325.48, 148328, 9
463, 72, 2, 3, 0, 0, 36.00%, 0, 0, 2, 328.14, 150041, 9
468, 73, 0, 3, 0, 0, 36.00%, 0, 0, 2, 326.19, 151724, 9
473, 73, 0, 3, 0, 0, 36.00%, 0, 0, 2, 321.16, 153382, 9
478, 73, 0, 3, 0, 0, 36.00%, 0, 0, 2, 320.29, 155031, 9
484, 74, 0, 3, 0, 0, 36.00%, 0, 0, 2, 319.97, 156698, 9
489, 75, 2, 3, 0, 0, 36.00%, 0, 0, 2, 325.81, 158389, 9
494, 76, 0, 3, 0, 0, 36.00%, 0, 0, 2, 322.84, 160063, 9
499, 77, 2, 3, 0, 0, 36.00%, 0, 0, 2, 320.65, 161685, 9
504, 77, 0, 3, 0, 0, 36.00%, 0, 0, 2, 320.88, 163343, 9
510, 78, 2, 3, 0, 0, 36.00%, 0, 0, 2, 323.62, 165004, 9
515, 79, 0, 3, 0, 0, 36.00%, 0, 0, 2, 322.60, 166684, 9
520, 79, 0, 3, 0, 0, 36.00%, 0, 0, 2, 320.34, 168333, 9
525, 80, 0, 3, 0, 0, 36.00%, 0, 0, 2, 321.48, 170015, 9
530, 81, 0, 3, 0, 0, 36.00%, 0, 0, 2, 320.51, 171688, 9
535, 81, 0, 3, 0, 0, 36.00%, 0, 0, 2, 321.19, 173346, 9
541, 82, 0, 3, 0, 0, 36.00%, 0, 0, 2, 322.94, 175016, 9
546, 83, 2, 3, 0, 0, 36.00%, 0, 0, 2, 324.86, 176689, 9
551, 84, 2, 3, 0, 0, 36.00%, 0, 0, 2, 327.75, 178342, 9
556, 85, 2, 3, 0, 0, 36.00%, 0, 0, 2, 328.18, 180040, 9
561, 86, 2, 3, 0, 0, 36.00%, 0, 0, 2, 324.29, 181701, 9
566, 86, 0, 3, 0, 0, 36.00%, 0, 0, 2, 321.66, 183353, 9
571, 87, 2, 3, 0, 0, 36.00%, 0, 0, 2, 324.31, 185026, 9
576, 88, 0, 3, 0, 0, 36.00%, 0, 0, 2, 322.68, 186652, 9
582, 88, 0, 3, 0, 0, 36.00%, 0, 0, 2, 321.26, 188316, 9
587, 89, 0, 3, 0, 0, 36.00%, 0, 0, 2, 322.46, 189995, 9
592, 90, 2, 3, 0, 0, 36.00%, 0, 0, 2, 324.52, 191671, 9
597, 90, 0, 3, 0, 0, 36.00%, 0, 0, 2, 323.21, 193338, 9
602, 91, 2, 3, 0, 0, 36.00%, 0, 0, 2, 322.51, 194996, 9
608, 92, 0, 3, 0, 0, 36.00%, 0, 0, 2, 322.12, 196670, 9
613, 92, 0, 3, 0, 0, 36.00%, 0, 0, 2, 321.44, 198325, 9
618, 93, 0, 3, 0, 0, 36.00%, 0, 0, 2, 322.78, 199989, 9
623, 94, 0, 3, 0, 0, 36.00%, 0, 0, 2, 319.43, 201635, 9
628, 94, 2, 3, 0, 0, 36.00%, 0, 0, 2, 322.09, 203284, 9
633, 96, 2, 3, 0, 0, 36.00%, 0, 0, 2, 325.86, 204982, 9
639, 96, 0, 3, 0, 0, 36.00%, 0, 0, 2, 321.33, 206641, 9
644, 97, 2, 3, 0, 0, 36.00%, 0, 0, 2, 325.08, 208314, 9
649, 98, 0, 3, 0, 0, 36.00%, 0, 0, 2, 321.48, 209985, 9
654, 99, 0, 3, 0, 0, 36.00%, 0, 0, 2, 319.94, 211646, 9
659, 100, 0, 3, 0, 0, 36.00%, 0, 0, 2, 322.73, 213316, 9
664, 100, 0, 3, 0, 0, 36.00%, 0, 0, 2, 321.11, 214968, 9
670, 101, 0, 3, 0, 0, 36.00%, 0, 0, 2, 322.73, 216641, 9
675, 102, 2, 3, 0, 0, 36.00%, 0, 0, 2, 323.77, 218308, 9
680, 102, 2, 3, 0, 0, 36.00%, 0, 0, 2, 321.26, 219969, 9
685, 103, 0, 3, 0, 0, 36.00%, 0, 0, 2, 324.73, 221646, 9
690, 104, 0, 3, 0, 0, 36.00%, 0, 0, 2, 323.79, 223307, 9
695, 104, 2, 3, 0, 0, 36.00%, 0, 0, 2, 321.92, 224965, 9
701, 106, 2, 3, 0, 0, 36.00%, 0, 0, 2, 326.29, 226663, 9
706, 106, 0, 3, 0, 0, 36.00%, 0, 0, 2, 321.25, 228321, 9
711, 107, 0, 3, 0, 0, 36.00%, 0, 0, 2, 323.14, 229982, 9
716, 107, 0, 3, 0, 0, 36.00%, 0, 0, 2, 321.32, 231640, 9
721, 108, 2, 3, 0, 0, 36.00%, 0, 0, 2, 324.57, 233313, 9
726, 109, 2, 3, 0, 0, 36.00%, 0, 0, 2, 326.29, 234999, 9
732, 110, 2, 3, 0, 0, 36.00%, 0, 0, 2, 327.19, 236682, 9
737, 112, 2, 3, 0, 0, 36.00%, 0, 0, 2, 327.43, 238380, 9
742, 112, 2, 3, 0, 0, 36.00%, 0, 0, 2, 322.11, 240029, 9
747, 113, 0, 3, 0, 0, 36.00%, 0, 0, 2, 316.13, 241670, 9
752, 113, 0, 3, 0, 0, 36.00%, 0, 0, 2, 316.58, 243322, 9
757, 114, 2, 3, 0, 0, 36.00%, 0, 0, 2, 321.17, 244973, 9
763, 115, 2, 3, 0, 0, 36.00%, 0, 0, 2, 326.02, 246662, 9
768, 116, 0, 3, 0, 0, 36.00%, 0, 0, 2, 324.30, 248333, 9
773, 117, 2, 3, 0, 0, 36.00%, 0, 0, 2, 324.42, 249994, 9
778, 118, 0, 3, 0, 0, 36.00%, 0, 0, 2, 321.54, 251662, 9
783, 118, 0, 3, 0, 0, 36.00%, 0, 0, 2, 319.70, 253317, 9
788, 119, 2, 3, 0, 0, 36.00%, 0, 0, 2, 320.23, 254968, 9
794, 120, 0, 3, 0, 0, 36.00%, 0, 0, 2, 323.52, 256660, 9
799, 120, 0, 3, 0, 0, 36.00%, 0, 0, 2, 319.10, 258297, 9
804, 120, 2, 3, 0, 0, 36.00%, 0, 0, 2, 319.15, 259954, 9
809, 121, 0, 3, 0, 0, 36.00%, 0, 0, 2, 321.66, 261619, 9
814, 122, 2, 3, 0, 0, 36.00%, 0, 0, 2, 324.22, 263295, 9
819, 123, 2, 3, 0, 0, 36.00%, 0, 0, 2, 321.82, 264956, 9
825, 124, 2, 3, 0, 0, 36.00%, 0, 0, 2, 326.11, 266645, 9
830, 125, 2, 3, 0, 0, 36.00%, 0, 0, 2, 322.38, 268306, 9
835, 125, 0, 3, 0, 0, 36.00%, 0, 0, 2, 321.63, 269986, 9
840, 126, 0, 3, 0, 0, 36.00%, 0, 0, 2, 318.30, 271629, 9
845, 126, 0, 3, 0, 0, 36.00%, 0, 0, 2, 319.56, 273292, 9
851, 127, 2, 3, 0, 0, 36.00%, 0, 0, 2, 321.95, 274956, 9
856, 127, 0, 3, 0, 0, 36.00%, 0, 0, 2, 320.52, 276611, 9
857, 127, 0, 3, 0, 0, 36.00%, 1, 0, 2, 0.00, 276989, 9
