# relative_time, cycles_done, cur_item, corpus_count, pending_total, pending_favs, map_size, saved_crashes, saved_hangs, max_depth, execs_per_sec, total_execs, edges_found
61, 12, 2, 3, 0, 0, 32.26%, 0, 0, 2, 320.12, 19744, 10
66, 12, 0, 3, 0, 0, 32.26%, 0, 0, 2, 319.53, 21406, 10
72, 13, 2, 3, 0, 0, 32.26%, 0, 0, 2, 319.87, 23064, 10
77, 15, 1, 3, 0, 0, 32.26%, 0, 0, 2, 318.08, 24720, 10
82, 15, 2, 3, 0, 0, 32.26%, 0, 0, 2, 319.11, 26372, 10
87, 16, 0, 3, 0, 0, 32.26%, 0, 0, 2, 319.80, 28018, 10
92, 16, 0, 3, 0, 0, 32.26%, 0, 0, 2, 319.61, 29667, 10
98, 17, 2, 3, 0, 0, 32.26%, 0, 0, 2, 319.58, 31328, 10
103, 18, 0, 3, 0, 0, 32.26%, 0, 0, 2, 320.02, 32987, 10
108, 19, 2, 3, 0, 0, 32.26%, 0, 0, 2, 318.91, 34642, 10
113, 19, 2, 3, 0, 0, 32.26%, 0, 0, 2, 319.30, 36297, 10
118, 20, 2, 3, 0, 0, 32.26%, 0, 0, 2, 319.43, 37956, 10
123, 21, 2, 3, 0, 0, 32.26%, 0, 0, 2, 318.48, 39599, 10
129, 22, 2, 3, 0, 0, 32.26%, 0, 0, 2, 318.93, 41258, 10
134, 23, 2, 3, 0, 0, 32.26%, 0, 0, 2, 319.53, 42913, 10
139, 24, 0, 3, 0, 0, 32.26%, 0, 0, 2, 319.08, 44569, 10
144, 24, 0, 3, 0, 0, 32.26%, 0, 0, 2, 318.97, 46215, 10
149, 25, 0, 3, 0, 0, 32.26%, 0, 0, 2, 319.34, 47864, 10
155, 26, 2, 3, 0, 0, 32.26%, 0, 0, 2, 318.44, 49516, 10
160, 27, 0, 3, 0, 0, 32.26%, 0, 0, 2, 320.06, 51163, 10
165, 27, 2, 3, 0, 0, 32.26%, 0, 0, 2, 319.30, 52818, 10
170, 28, 0, 3, 0, 0, 32.26%, 0, 0, 2, 318.15, 54471, 10
175, 29, 0, 3, 0, 0, 32.26%, 0, 0, 2, 319.73, 56126, 10
180, 29, 0, 3, 0, 0, 32.26%, 0, 0, 2, 319.21, 57775, 10
186, 30, 0, 3, 0, 0, 32.26%, 0, 0, 2, 319.40, 59424, 10
191, 31, 2, 3, 0, 0, 32.26%, 0, 0, 2, 319.28, 61082, 10
196, 31, 0, 3, 0, 0, 32.26%, 0, 0, 2, 319.32, 62741, 10
201, 33, 2, 3, 0, 0, 32.26%, 0, 0, 2, 319.39, 64408, 10
206, 34, 2, 3, 0, 0, 32.26%, 0, 0, 2, 319.19, 66055, 10
211, 34, 2, 3, 0, 0, 32.26%, 0, 0, 2, 316.44, 67698, 10
217, 35, 0, 3, 0, 0, 32.26%, 0, 0, 2, 318.36, 69350, 10
222, 35, 0, 3, 0, 0, 32.26%, 0, 0, 2, 319.16, 70999, 10
227, 35, 1, 3, 0, 0, 32.26%, 0, 0, 2, 318.55, 72641, 10
232, 36, 2, 3, 0, 0, 32.26%, 0, 0, 2, 318.56, 74287, 10
237, 36, 2, 3, 0, 0, 32.26%, 0, 0, 2, 319.14, 75936, 10
243, 37, 0, 3, 0, 0, 32.26%, 0, 0, 2, 317.33, 77586, 10
248, 37, 2, 3, 0, 0, 32.26%, 0, 0, 2, 319.23, 79237, 10
253, 38, 0, 3, 0, 0, 32.26%, 0, 0, 2, 320.09, 80886, 10
258, 38, 2, 3, 0, 0, 32.26%, 0, 0, 2, 319.90, 82538, 10
263, 40, 2, 3, 0, 0, 32.26%, 0, 0, 2, 320.09, 84200, 10
268, 41, 2, 3, 0, 0, 32.26%, 0, 0, 2, 319.78, 85859, 10
274, 41, 0, 3, 0, 0, 32.26%, 0, 0, 2, 319.14, 87514, 10
279, 42, 2, 3, 0, 0, 32.26%, 0, 0, 2, 321.34, 89169, 10
284, 43, 0, 3, 0, 0, 32.26%, 0, 0, 2, 320.06, 90825, 10
289, 44, 0, 3, 0, 0, 32.26%, 0, 0, 2, 318.71, 92471, 10
294, 44, 2, 3, 0, 0, 32.26%, 0, 0, 2, 319.32, 94123, 10
299, 46, 2, 3, 0, 0, 32.26%, 0, 0, 2, 318.58, 95779, 10
305, 47, 2, 3, 0, 0, 32.26%, 0, 0, 2, 319.43, 97438, 10
310, 47, 0, 3, 0, 0, 32.26%, 0, 0, 2, 319.02, 99031, 10
315, 48, 2, 3, 0, 0, 32.26%, 0, 0, 2, 320.76, 100698, 10
320, 49, 2, 3, 0, 0, 32.26%, 0, 0, 2, 320.32, 102354, 10
325, 50, 2, 3, 0, 0, 32.26%, 0, 0, 2, 320.03, 104009, 10
330, 51, 2, 3, 0, 0, 32.26%, 0, 0, 2, 318.64, 105608, 10
335, 52, 0, 3, 0, 0, 32.26%, 0, 0, 2, 320.24, 107261, 10
340, 53, 2, 3, 0, 0, 32.26%, 0, 0, 2, 318.11, 108856, 10
346, 53, 2, 3, 0, 0, 32.26%, 0, 0, 2, 320.30, 110508, 10
351, 55, 0, 3, 0, 0, 32.26%, 0, 0, 2, 319.41, 112155, 10
356, 55, 0, 3, 0, 0, 32.26%, 0, 0, 2, 319.68, 113807, 10
361, 56, 2, 3, 0, 0, 32.26%, 0, 0, 2, 320.10, 115465, 10
366, 57, 0, 3, 0, 0, 32.26%, 0, 0, 2, 319.61, 117127, 10
371, 57, 0, 3, 0, 0, 32.26%, 0, 0, 2, 319.06, 118779, 10
377, 58, 2, 3, 0, 0, 32.26%, 0, 0, 2, 320.27, 120434, 10
382, 59, 2, 3, 0, 0, 32.26%, 0, 0, 2, 319.66, 122033, 10
387, 60, 0, 3, 0, 0, 32.26%, 0, 0, 2, 317.04, 123686, 10
392, 60, 0, 3, 0, 0, 32.26%, 0, 0, 2, 319.59, 125335, 10
397, 61, 2, 3, 0, 0, 32.26%, 0, 0, 2, 320.24, 126996, 10
402, 63, 1, 3, 0, 0, 32.26%, 0, 0, 2, 319.71, 128658, 10
407, 63, 0, 3, 0, 0, 32.26%, 0, 0, 2, 318.66, 130311, 10
413, 64, 0, 3, 0, 0, 32.26%, 0, 0, 2, 319.06, 131969, 10
418, 65, 0, 3, 0, 0, 32.26%, 0, 0, 2, 320.79, 133618, 10
423, 66, 0, 3, 0, 0, 32.26%, 0, 0, 2, 320.80, 135270, 10
428, 66, 2, 3, 0, 0, 32.26%, 0, 0, 2, 319.94, 136925, 10
433, 67, 2, 3, 0, 0, 32.26%, 0, 0, 2, 321.35, 138599, 10
438, 68, 2, 3, 0, 0, 32.26%, 0, 0, 2, 311.30, 140149, 10
443, 69, 1, 3, 0, 0, 32.26%, 0, 0, 2, 316.67, 141748, 10
449, 70, 2, 3, 0, 0, 32.26%, 0, 0, 2, 318.32, 143400, 10
454, 71, 2, 3, 0, 0, 32.26%, 0, 0, 2, 317.70, 145044, 10
459, 72, 0, 3, 0, 0, 32.26%, 0, 0, 2, 317.56, 146691, 10
464, 72, 0, 3, 0, 0, 32.26%, 0, 0, 2, 318.05, 148283, 10
469, 73, 2, 3, 0, 0, 32.26%, 0, 0, 2, 316.74, 149926, 10
474, 74, 0, 3, 0, 0, 32.26%, 0, 0, 2, 319.56, 151573, 10
479, 74, 0, 3, 0, 0, 32.26%, 0, 0, 2, 319.58, 153228, 10
485, 75, 0, 3, 0, 0, 32.26%, 0, 0, 2, 319.24, 154880, 10
490, 76, 2, 3, 0, 0, 32.26%, 0, 0, 2, 319.92, 156541, 10
495, 77, 2, 3, 0, 0, 32.26%, 0, 0, 2, 319.72, 158209, 10
500, 78, 0, 3, 0, 0, 32.26%, 0, 0, 2, 317.71, 159855, 10
505, 79, 2, 3, 0, 0, 32.26%, 0, 0, 2, 318.65, 161510, 10
511, 80, 0, 3, 0, 0, 32.26%, 0, 0, 2, 320.05, 163163, 10
516, 80, 2, 3, 0, 0, 32.26%, 0, 0, 2, 318.59, 164794, 10
521, 81, 0, 3, 0, 0, 32.26%, 0, 0, 2, 319.22, 166393, 10
526, 82, 2, 3, 0, 0, 32.26%, 0, 0, 2, 319.54, 168048, 10
531, 82, 0, 3, 0, 0, 32.26%, 0, 0, 2, 318.90, 169692, 10
536, 83, 0, 3, 0, 0, 32.26%, 0, 0, 2, 319.57, 171350, 10
541, 84, 0, 3, 0, 0, 32.26%, 0, 0, 2, 319.15, 173002, 10
547, 85, 2, 3, 0, 0, 32.26%, 0, 0, 2, 320.63, 174657, 10
552, 86, 2, 3, 0, 0, 32.26%, 0, 0, 2, 319.92, 176316, 10
557, 87, 2, 3, 0, 0, 32.26%, 0, 0, 2, 320.29, 177971, 10
562, 87, 0, 3, 0, 0, 32.26%, 0, 0, 2, 321.25, 179623, 10
567, 88, 1, 3, 0, 0, 32.26%, 0, 0, 2, 320.19, 181277, 10
572, 89, 2, 3, 0, 0, 32.26%, 0, 0, 2, 319.18, 182877, 10
577, 90, 0, 3, 0, 0, 32.26%, 0, 0, 2, 320.19, 184533, 10
583, 91, 2, 3, 0, 0, 32.26%, 0, 0, 2, 319.68, 186197, 10
588, 91, 1, 3, 0, 0, 32.26%, 0, 0, 2, 318.21, 187846, 10
593, 92, 0, 3, 0, 0, 32.26%, 0, 0, 2, 319.94, 189502, 10
598, 93, 2, 3, 0, 0, 32.26%, 0, 0, 2, 318.92, 191154, 10
603, 94, 0, 3, 0, 0, 32.26%, 0, 0, 2, 318.47, 192798, 10
608, 95, 0, 3, 0, 0, 32.26%, 0, 0, 2, 317.23, 194384, 10
614, 96, 2, 3, 0, 0, 32.26%, 0, 0, 2, 317.52, 196039, 10
619, 97, 0, 3, 0, 0, 32.26%, 0, 0, 2, 318.70, 197698, 10
624, 97, 0, 3, 0, 0, 32.26%, 0, 0, 2, 318.31, 199356, 10
629, 98, 2, 3, 0, 0, 32.26%, 0, 0, 2, 317.31, 200996, 10
634, 99, 2, 3, 0, 0, 32.26%, 0, 0, 2, 317.21, 202586, 10
639, 100, 0, 3, 0, 0, 32.26%, 0, 0, 2, 316.64, 204173, 10
644, 100, 0, 3, 0, 0, 32.26%, 0, 0, 2, 317.47, 205831, 10
649, 101, 2, 3, 0, 0, 32.26%, 0, 0, 2, 317.34, 207420, 10
654, 102, 2, 3, 0, 0, 32.26%, 0, 0, 2, 317.18, 209022, 10
660, 103, 2, 3, 0, 0, 32.26%, 0, 0, 2, 317.35, 210669, 10
665, 104, 0, 3, 0, 0, 32.26%, 0, 0, 2, 317.89, 212318, 10
670, 104, 2, 3, 0, 0, 32.26%, 0, 0, 2, 318.19, 213967, 10
675, 105, 0, 3, 0, 0, 32.26%, 0, 0, 2, 319.27, 215623, 10
680, 106, 0, 3, 0, 0, 32.26%, 0, 0, 2, 318.73, 217278, 10
686, 107, 2, 3, 0, 0, 32.26%, 0, 0, 2, 318.52, 218933, 10
691, 108, 2, 3, 0, 0, 32.26%, 0, 0, 2, 318.60, 220526, 10
696, 109, 0, 3, 0, 0, 32.26%, 0, 0, 2, 318.87, 222179, 10
701, 110, 0, 3, 0, 0, 32.26%, 0, 0, 2, 317.38, 223822, 10
706, 110, 2, 3, 0, 0, 32.26%, 0, 0, 2, 319.51, 225477, 10
711, 111, 0, 3, 0, 0, 32.26%, 0, 0, 2, 319.35, 227133, 10
717, 112, 0, 3, 0, 0, 32.26%, 0, 0, 2, 318.15, 228788, 10
722, 112, 0, 3, 0, 0, 32.26%, 0, 0, 2, 318.74, 230440, 10
727, 113, 0, 3, 0, 0, 32.26%, 0, 0, 2, 318.84, 232089, 10
732, 114, 2, 3, 0, 0, 32.26%, 0, 0, 2, 319.88, 233747, 10
737, 114, 2, 3, 0, 0, 32.26%, 0, 0, 2, 319.79, 235399, 10
742, 115, 2, 3, 0, 0, 32.26%, 0, 0, 2, 319.26, 237055, 10
748, 117, 2, 3, 0, 0, 32.26%, 0, 0, 2, 318.30, 238711, 10
753, 117, 0, 3, 0, 0, 32.26%, 0, 0, 2, 318.27, 240364, 10
758, 118, 0, 3, 0, 0, 32.26%, 0, 0, 2, 317.95, 242016, 10
763, 119, 2, 3, 0, 0, 32.26%, 0, 0, 2, 319.19, 243674, 10
768, 120, 2, 3, 0, 0, 32.26%, 0, 0, 2, 317.62, 245261, 10
773, 120, 2, 3, 0, 0, 32.26%, 0, 0, 2, 318.27, 246853, 10
778, 121, 2, 3, 0, 0, 32.26%, 0, 0, 2, 317.71, 248502, 10
784, 121, 2, 3, 0, 0, 32.26%, 0, 0, 2, 319.47, 250151, 10
789, 122, 0, 3, 0, 0, 32.26%, 0, 0, 2, 318.73, 251807, 10
794, 122, 0, 3, 0, 0, 32.26%, 0, 0, 2, 318.66, 253456, 10
799, 124, 1, 3, 0, 0, 32.26%, 0, 0, 2, 318.71, 255108, 10
804, 124, 0, 3, 0, 0, 32.26%, 0, 0, 2, 318.25, 256761, 10
810, 125, 2, 3, 0, 0, 32.26%, 0, 0, 2, 317.41, 258404, 10
815, 126, 2, 3, 0, 0, 32.26%, 0, 0, 2, 300.49, 259889, 10
820, 127, 0, 3, 0, 0, 32.26%, 0, 0, 2, 315.03, 261538, 10
825, 128, 2, 3, 0, 0, 32.26%, 0, 0, 2, 315.61, 263178, 10
830, 129, 2, 3, 0, 0, 32.26%, 0, 0, 2, 317.19, 264777, 10
835, 130, 0, 3, 0, 0, 32.26%, 0, 0, 2, 316.88, 266376, 10
840, 130, 0, 3, 0, 0, 32.26%, 0, 0, 2, 318.03, 268022, 10
845, 131, 0, 3, 0, 0, 32.26%, 0, 0, 2, 318.44, 269677, 10
850, 131, 2, 3, 0, 0, 32.26%, 0, 0, 2, 316.28, 271248, 10
856, 132, 0, 3, 0, 0, 32.26%, 0, 0, 2, 317.14, 272895, 10
861, 133, 2, 3, 0, 0, 32.26%, 0, 0, 2, 317.69, 274484, 10
866, 134, 2, 3, 0, 0, 32.26%, 0, 0, 2, 318.79, 276083, 10
871, 135, 2, 3, 0, 0, 32.26%, 0, 0, 2, 318.15, 277736, 10
876, 137, 0, 3, 0, 0, 32.26%, 0, 0, 2, 318.67, 279389, 10
881, 137, 2, 3, 0, 0, 32.26%, 0, 0, 2, 317.59, 281038, 10
886, 139, 0, 3, 0, 0, 32.26%, 0, 0, 2, 318.39, 282697, 10
891, 139, 2, 3, 0, 0, 32.26%, 0, 0, 2, 317.74, 284295, 10
897, 141, 2, 3, 0, 0, 32.26%, 0, 0, 2, 317.57, 285939, 10
902, 142, 0, 3, 0, 0, 32.26%, 0, 0, 2, 319.09, 287601, 10
907, 143, 2, 3, 0, 0, 32.26%, 0, 0, 2, 319.03, 289256, 10
912, 144, 2, 3, 0, 0, 32.26%, 0, 0, 2, 318.42, 290852, 10
917, 145, 2, 3, 0, 0, 32.26%, 0, 0, 2, 317.35, 292493, 10
922, 145, 0, 3, 0, 0, 32.26%, 0, 0, 2, 318.30, 294146, 10
928, 146, 2, 3, 0, 0, 32.26%, 0, 0, 2, 318.19, 295794, 10
933, 147, 2, 3, 0, 0, 32.26%, 0, 0, 2, 319.27, 297396, 10
938, 148, 2, 3, 0, 0, 32.26%, 0, 0, 2, 319.04, 299049, 10
943, 150, 2, 3, 0, 0, 32.26%, 0, 0, 2, 318.38, 300648, 10
948, 151, 2, 3, 0, 0, 32.26%, 0, 0, 2, 317.73, 302244, 10
953, 152, 1, 3, 0, 0, 32.26%, 0, 0, 2, 318.02, 303837, 10
958, 153, 2, 3, 0, 0, 32.26%, 0, 0, 2, 317.79, 305427, 10
963, 154, 0, 3, 0, 0, 32.26%, 0, 0, 2, 317.09, 307017, 10
968, 155, 2, 3, 0, 0, 32.26%, 0, 0, 2, 317.41, 308663, 10
973, 156, 2, 3, 0, 0, 32.26%, 0, 0, 2, 317.59, 310312, 10
978, 157, 0, 3, 0, 0, 32.26%, 0, 0, 2, 317.49, 311902, 10
983, 157, 0, 3, 0, 0, 32.26%, 0, 0, 2, 318.83, 313557, 10
989, 158, 0, 3, 0, 0, 32.26%, 0, 0, 2, 319.78, 315206, 10
994, 158, 2, 3, 0, 0, 32.26%, 0, 0, 2, 316.50, 316786, 10
999, 159, 2, 3, 0, 0, 32.26%, 0, 0, 2, 318.14, 318435, 10
1004, 160, 2, 3, 0, 0, 32.26%, 0, 0, 2, 318.81, 320084, 10
1009, 160, 0, 3, 0, 0, 32.26%, 0, 0, 2, 316.08, 321724, 10
1014, 161, 1, 3, 0, 0, 32.26%, 0, 0, 2, 317.54, 323373, 10
1020, 162, 0, 3, 0, 0, 32.26%, 0, 0, 2, 318.40, 325029, 10
1025, 162, 2, 3, 0, 0, 32.26%, 0, 0, 2, 317.14, 326678, 10
1030, 164, 0, 3, 0, 0, 32.26%, 0, 0, 2, 316.18, 328322, 10
1035, 164, 2, 3, 0, 0, 32.26%, 0, 0, 2, 316.97, 329974, 10
1040, 165, 2, 3, 0, 0, 32.26%, 0, 0, 2, 318.15, 331617, 10
1045, 166, 2, 3, 0, 0, 32.26%, 0, 0, 2, 318.53, 333210, 10
1050, 167, 2, 3, 0, 0, 32.26%, 0, 0, 2, 318.48, 334865, 10
1056, 167, 2, 3, 0, 0, 32.26%, 0, 0, 2, 317.84, 336517, 10
1061, 168, 2, 3, 0, 0, 32.26%, 0, 0, 2, 318.69, 338116, 10
1066, 170, 0, 3, 0, 0, 32.26%, 0, 0, 2, 318.88, 339718, 10
1071, 170, 2, 3, 0, 0, 32.26%, 0, 0, 2, 318.36, 341370, 10
1076, 171, 2, 3, 0, 0, 32.26%, 0, 0, 2, 317.07, 343019, 10
1081, 172, 2, 3, 0, 0, 32.26%, 0, 0, 2, 317.54, 344609, 10
1086, 173, 0, 3, 0, 0, 32.26%, 0, 0, 2, 317.75, 346262, 10
1091, 174, 2, 3, 0, 0, 32.26%, 0, 0, 2, 318.30, 347857, 10
1096, 175, 2, 3, 0, 0, 32.26%, 0, 0, 2, 319.47, 349459, 10
1102, 175, 0, 3, 0, 0, 32.26%, 0, 0, 2, 318.45, 351108, 10
1107, 176, 0, 3, 0, 0, 32.26%, 0, 0, 2, 318.92, 352757, 10
1112, 176, 0, 3, 0, 0, 32.26%, 0, 0, 2, 307.04, 354307, 10
1117, 177, 0, 3, 0, 0, 32.26%, 0, 0, 2, 311.55, 355842, 10
1122, 177, 0, 3, 0, 0, 32.26%, 0, 0, 2, 315.39, 357488, 10
1127, 178, 2, 3, 0, 0, 32.26%, 0, 0, 2, 317.73, 359140, 10
1132, 178, 0, 3, 0, 0, 32.26%, 0, 0, 2, 314.78, 360775, 10
1137, 179, 2, 3, 0, 0, 32.26%, 0, 0, 2, 317.58, 362423, 10
1143, 179, 2, 3, 0, 0, 32.26%, 0, 0, 2, 318.35, 364069, 10
1148, 181, 0, 3, 0, 0, 32.26%, 0, 0, 2, 318.56, 365671, 10
1153, 181, 2, 3, 0, 0, 32.26%, 0, 0, 2, 318.79, 367326, 10
1158, 182, 2, 3, 0, 0, 32.26%, 0, 0, 2, 315.96, 368913, 10
1163, 183, 2, 3, 0, 0, 32.26%, 0, 0, 2, 318.59, 370572, 10
1168, 185, 0, 3, 0, 0, 32.26%, 0, 0, 2, 319.50, 372234, 10
1173, 185, 0, 3, 0, 0, 32.26%, 0, 0, 2, 319.69, 373886, 10
1179, 186, 0, 3, 0, 0, 32.26%, 0, 0, 2, 319.16, 375538, 10
1184, 186, 1, 3, 0, 0, 32.26%, 0, 0, 2, 319.01, 377190, 10
1189, 187, 0, 3, 0, 0, 32.26%, 0, 0, 2, 317.50, 378833, 10
1194, 188, 2, 3, 0, 0, 32.26%, 0, 0, 2, 318.08, 380485, 10
1195, 188, 2, 3, 0, 0, 32.26%, 1, 0, 2, 309.17, 380535, 10
