# relative_time, cycles_done, cur_item, corpus_count, pending_total, pending_favs, map_size, saved_crashes, saved_hangs, max_depth, execs_per_sec, total_execs, edges_found
60, 8, 0, 3, 0, 0, 30.43%, 0, 0, 2, 331.59, 20274, 7
65, 9, 2, 3, 0, 0, 30.43%, 0, 0, 2, 329.86, 21955, 7
70, 10, 2, 3, 0, 0, 30.43%, 0, 0, 2, 332.51, 23637, 7
76, 10, 2, 3, 0, 0, 30.43%, 0, 0, 2, 332.35, 25319, 7
81, 11, 2, 3, 0, 0, 30.43%, 0, 0, 2, 333.16, 27011, 7
86, 12, 2, 3, 0, 0, 30.43%, 0, 0, 2, 328.37, 28706, 7
91, 12, 2, 3, 0, 0, 30.43%, 0, 0, 2, 333.09, 30394, 7
96, 13, 2, 3, 0, 0, 30.43%, 0, 0, 2, 335.44, 32104, 7
101, 14, 2, 3, 0, 0, 30.43%, 0, 0, 2, 334.67, 33792, 7
106, 15, 2, 3, 0, 0, 30.43%, 0, 0, 2, 333.56, 35486, 7
111, 16, 2, 3, 0, 0, 30.43%, 0, 0, 2, 333.39, 37156, 7
116, 16, 2, 3, 0, 0, 30.43%, 0, 0, 2, 333.86, 38848, 7
121, 17, 2, 3, 0, 0, 30.43%, 0, 0, 2, 335.73, 40548, 7
126, 18, 2, 3, 0, 0, 30.43%, 0, 0, 2, 335.86, 42248, 7
131, 19, 0, 3, 0, 0, 30.43%, 0, 0, 2, 332.51, 43942, 7
136, 19, 2, 3, 0, 0, 30.43%, 0, 0, 2, 329.78, 45629, 7
142, 20, 0, 3, 0, 0, 30.43%, 0, 0, 2, 329.36, 47345, 7
147, 20, 2, 3, 0, 0, 30.43%, 0, 0, 2, 331.49, 49064, 7
152, 21, 2, 3, 0, 0, 30.43%, 0, 0, 2, 333.60, 50746, 7
157, 22, 2, 3, 0, 0, 30.43%, 0, 0, 2, 333.63, 52434, 7
162, 23, 1, 3, 0, 0, 30.43%, 0, 0, 2, 332.94, 54116, 7
167, 24, 2, 3, 0, 0, 30.43%, 0, 0, 2, 332.83, 55802, 7
172, 24, 2, 3, 0, 0, 30.43%, 0, 0, 2, 334.26, 57496, 7
177, 25, 2, 3, 0, 0, 30.43%, 0, 0, 2, 334.69, 59178, 7
182, 26, 2, 3, 0, 0, 30.43%, 0, 0, 2, 333.55, 60872, 7
187, 27, 2, 3, 0, 0, 30.43%, 0, 0, 2, 334.98, 62554, 7
192, 27, 0, 3, 0, 0, 30.43%, 0, 0, 2, 332.55, 64228, 7
197, 28, 0, 3, 0, 0, 30.43%, 0, 0, 2, 331.06, 65929, 7
203, 28, 2, 3, 0, 0, 30.43%, 0, 0, 2, 329.72, 67604, 7
208, 29, 2, 3, 0, 0, 30.43%, 0, 0, 2, 332.69, 69298, 7
213, 30, 0, 3, 0, 0, 30.43%, 0, 0, 2, 329.21, 71006, 7
218, 30, 2, 3, 0, 0, 30.43%, 0, 0, 2, 332.25, 72673, 7
223, 31, 0, 3, 0, 0, 30.43%, 0, 0, 2, 331.29, 74395, 7
228, 32, 2, 3, 0, 0, 30.43%, 0, 0, 2, 331.57, 76042, 7
233, 32, 2, 3, 0, 0, 30.43%, 0, 0, 2, 334.61, 77740, 7
238, 33, 2, 3, 0, 0, 30.43%, 0, 0, 2, 333.56, 79416, 7
243, 34, 2, 3, 0, 0, 30.43%, 0, 0, 2, 333.90, 81104, 7
248, 35, 2, 3, 0, 0, 30.43%, 0, 0, 2, 335.06, 82804, 7
253, 35, 2, 3, 0, 0, 30.43%, 0, 0, 2, 330.13, 84468, 7
259, 36, 2, 3, 0, 0, 30.43%, 0, 0, 2, 332.23, 86204, 7
264, 37, 2, 3, 0, 0, 30.43%, 0, 0, 2, 335.38, 87902, 7
269, 38, 2, 3, 0, 0, 30.43%, 0, 0, 2, 334.64, 89596, 7
274, 39, 2, 3, 0, 0, 30.43%, 0, 0, 2, 333.73, 91266, 7
279, 40, 2, 3, 0, 0, 30.43%, 0, 0, 2, 334.94, 92960, 7
284, 40, 2, 3, 0, 0, 30.43%, 0, 0, 2, 335.62, 94658, 7
289, 41, 2, 3, 0, 0, 30.43%, 0, 0, 2, 334.57, 96352, 7
294, 42, 2, 3, 0, 0, 30.43%, 0, 0, 2, 334.30, 98040, 7
299, 43, 2, 3, 0, 0, 30.43%, 0, 0, 2, 334.59, 99722, 7
304, 44, 1, 3, 0, 0, 30.43%, 0, 0, 2, 333.38, 101422, 7
309, 44, 0, 3, 0, 0, 30.43%, 0, 0, 2, 328.69, 103116, 7
314, 45, 2, 3, 0, 0, 30.43%, 0, 0, 2, 333.47, 104813, 7
319, 46, 2, 3, 0, 0, 30.43%, 0, 0, 2, 333.62, 106513, 7
324, 47, 2, 3, 0, 0, 30.43%, 0, 0, 2, 335.09, 108213, 7
330, 47, 0, 3, 0, 0, 30.43%, 0, 0, 2, 329.12, 109915, 7
335, 48, 2, 3, 0, 0, 30.43%, 0, 0, 2, 332.13, 111600, 7
340, 49, 2, 3, 0, 0, 30.43%, 0, 0, 2, 333.04, 113288, 7
345, 49, 0, 3, 0, 0, 30.43%, 0, 0, 2, 327.90, 115002, 7
350, 50, 2, 3, 0, 0, 30.43%, 0, 0, 2, 332.27, 116685, 7
355, 50, 0, 3, 0, 0, 30.43%, 0, 0, 2, 328.55, 118395, 7
360, 51, 2, 3, 0, 0, 30.43%, 0, 0, 2, 332.16, 120066, 7
365, 52, 2, 3, 0, 0, 30.43%, 0, 0, 2, 333.50, 121754, 7
370, 53, 2, 3, 0, 0, 30.43%, 0, 0, 2, 330.45, 123430, 7
375, 54, 2, 3, 0, 0, 30.43%, 0, 0, 2, 332.36, 125112, 7
380, 54, 2, 3, 0, 0, 30.43%, 0, 0, 2, 334.34, 126800, 7
386, 55, 2, 3, 0, 0, 30.43%, 0, 0, 2, 333.14, 128486, 7
391, 56, 2, 3, 0, 0, 30.43%, 0, 0, 2, 332.88, 130168, 7
396, 57, 2, 3, 0, 0, 30.43%, 0, 0, 2, 332.10, 131862, 7
401, 57, 2, 3, 0, 0, 30.43%, 0, 0, 2, 329.37, 133555, 7
406, 58, 2, 3, 0, 0, 30.43%, 0, 0, 2, 333.08, 135249, 7
411, 59, 2, 3, 0, 0, 30.43%, 0, 0, 2, 334.38, 136949, 7
416, 59, 2, 3, 0, 0, 30.43%, 0, 0, 2, 334.54, 138637, 7
421, 60, 2, 3, 0, 0, 30.43%, 0, 0, 2, 332.58, 140325, 7
426, 61, 2, 3, 0, 0, 30.43%, 0, 0, 2, 334.03, 142005, 7
431, 62, 2, 3, 0, 0, 30.43%, 0, 0, 2, 333.95, 143693, 7
436, 62, 2, 3, 0, 0, 30.43%, 0, 0, 2, 334.07, 145381, 7
441, 63, 2, 3, 0, 0, 30.43%, 0, 0, 2, 334.11, 147063, 7
446, 64, 2, 3, 0, 0, 30.43%, 0, 0, 2, 333.95, 148745, 7
451, 65, 2, 3, 0, 0, 30.43%, 0, 0, 2, 333.54, 150437, 7
456, 66, 2, 3, 0, 0, 30.43%, 0, 0, 2, 333.99, 152137, 7
461, 66, 2, 3, 0, 0, 30.43%, 0, 0, 2, 334.64, 153825, 7
466, 67, 2, 3, 0, 0, 30.43%, 0, 0, 2, 334.15, 155495, 7
472, 68, 2, 3, 0, 0, 30.43%, 0, 0, 2, 335.48, 157189, 7
477, 69, 2, 3, 0, 0, 30.43%, 0, 0, 2, 333.13, 158859, 7
482, 69, 2, 3, 0, 0, 30.43%, 0, 0, 2, 327.51, 160546, 7
487, 70, 2, 3, 0, 0, 30.43%, 0, 0, 2, 333.07, 162232, 7
492, 71, 2, 3, 0, 0, 30.43%, 0, 0, 2, 334.75, 163944, 7
497, 72, 2, 3, 0, 0, 30.43%, 0, 0, 2, 335.04, 165644, 7
502, 73, 2, 3, 0, 0, 30.43%, 0, 0, 2, 333.69, 167326, 7
507, 73, 2, 3, 0, 0, 30.43%, 0, 0, 2, 333.84, 169006, 7
512, 74, 2, 3, 0, 0, 30.43%, 0, 0, 2, 334.04, 170676, 7
517, 75, 2, 3, 0, 0, 30.43%, 0, 0, 2, 334.42, 172358, 7
522, 76, 2, 3, 0, 0, 30.43%, 0, 0, 2, 334.73, 174052, 7
527, 77, 2, 3, 0, 0, 30.43%, 0, 0, 2, 334.37, 175740, 7
532, 77, 0, 3, 0, 0, 30.43%, 0, 0, 2, 329.45, 177454, 7
534, 77, 0, 3, 0, 0, 30.43%, 1, 0, 2, 316.87, 177881, 7
