# relative_time, cycles_done, cur_item, corpus_count, pending_total, pending_favs, map_size, saved_crashes, saved_hangs, max_depth, execs_per_sec, total_execs, edges_found
60, 8, 2, 3, 0, 0, 30.43%, 0, 0, 2, 330.24, 20290, 7
66, 9, 2, 3, 0, 0, 30.43%, 0, 0, 2, 333.13, 21990, 7
71, 9, 2, 3, 0, 0, 30.43%, 0, 0, 2, 334.40, 23684, 7
76, 10, 2, 3, 0, 0, 30.43%, 0, 0, 2, 334.64, 25372, 7
81, 11, 2, 3, 0, 0, 30.43%, 0, 0, 2, 332.39, 27052, 7
86, 12, 2, 3, 0, 0, 30.43%, 0, 0, 2, 334.03, 28740, 7
91, 13, 2, 3, 0, 0, 30.43%, 0, 0, 2, 333.20, 30404, 7
96, 14, 1, 3, 0, 0, 30.43%, 0, 0, 2, 334.62, 32086, 7
101, 15, 2, 3, 0, 0, 30.43%, 0, 0, 2, 333.54, 33766, 7
106, 15, 2, 3, 0, 0, 30.43%, 0, 0, 2, 332.79, 35442, 7
111, 16, 2, 3, 0, 0, 30.43%, 0, 0, 2, 333.99, 37148, 7
116, 17, 2, 3, 0, 0, 30.43%, 0, 0, 2, 335.31, 38848, 7
121, 18, 2, 3, 0, 0, 30.43%, 0, 0, 2, 334.38, 40546, 7
126, 18, 2, 3, 0, 0, 30.43%, 0, 0, 2, 331.43, 42197, 7
131, 19, 2, 3, 0, 0, 30.43%, 0, 0, 2, 333.66, 43873, 7
136, 19, 0, 3, 0, 0, 30.43%, 0, 0, 2, 324.63, 45542, 7
141, 20, 2, 3, 0, 0, 30.43%, 0, 0, 2, 327.86, 47181, 7
146, 21, 2, 3, 0, 0, 30.43%, 0, 0, 2, 331.51, 48857, 7
152, 21, 0, 3, 0, 0, 30.43%, 0, 0, 2, 328.31, 50567, 7
157, 22, 2, 3, 0, 0, 30.43%, 0, 0, 2, 332.27, 52232, 7
162, 22, 0, 3, 0, 0, 30.43%, 0, 0, 2, 327.79, 53934, 7
167, 23, 2, 3, 0, 0, 30.43%, 0, 0, 2, 332.31, 55607, 7
172, 24, 0, 3, 0, 0, 30.43%, 0, 0, 2, 328.38, 57297, 7
177, 25, 2, 3, 0, 0, 30.43%, 0, 0, 2, 331.90, 58964, 7
182, 25, 2, 3, 0, 0, 30.43%, 0, 0, 2, 333.61, 60662, 7
187, 26, 2, 3, 0, 0, 30.43%, 0, 0, 2, 333.40, 62344, 7
192, 27, 2, 3, 0, 0, 30.43%, 0, 0, 2, 333.86, 64038, 7
197, 28, 2, 3, 0, 0, 30.43%, 0, 0, 2, 331.01, 65708, 7
202, 28, 0, 3, 0, 0, 30.43%, 0, 0, 2, 328.24, 67410, 7
207, 29, 2, 3, 0, 0, 30.43%, 0, 0, 2, 332.43, 69099, 7
213, 30, 2, 3, 0, 0, 30.43%, 0, 0, 2, 333.58, 70787, 7
218, 30, 0, 3, 0, 0, 30.43%, 0, 0, 2, 328.00, 72471, 7
223, 31, 2, 3, 0, 0, 30.43%, 0, 0, 2, 332.43, 74144, 7
228, 32, 0, 3, 0, 0, 30.43%, 0, 0, 2, 332.88, 75820, 7
233, 33, 2, 3, 0, 0, 30.43%, 0, 0, 2, 331.28, 77519, 7
238, 33, 2, 3, 0, 0, 30.43%, 0, 0, 2, 332.88, 79195, 7
243, 34, 0, 3, 0, 0, 30.43%, 0, 0, 2, 328.20, 80897, 7
248, 35, 2, 3, 0, 0, 30.43%, 0, 0, 2, 332.46, 82576, 7
253, 35, 2, 3, 0, 0, 30.43%, 0, 0, 2, 333.74, 84250, 7
258, 36, 2, 3, 0, 0, 30.43%, 0, 0, 2, 332.96, 85926, 7
263, 37, 0, 3, 0, 0, 30.43%, 0, 0, 2, 328.58, 87576, 7
268, 37, 2, 3, 0, 0, 30.43%, 0, 0, 2, 329.76, 89277, 7
273, 38, 2, 3, 0, 0, 30.43%, 0, 0, 2, 330.72, 90935, 7
278, 39, 2, 3, 0, 0, 30.43%, 0, 0, 2, 332.92, 92629, 7
284, 39, 2, 3, 0, 0, 30.43%, 0, 0, 2, 327.65, 94316, 7
289, 40, 2, 3, 0, 0, 30.43%, 0, 0, 2, 331.67, 96004, 7
294, 41, 2, 3, 0, 0, 30.43%, 0, 0, 2, 333.35, 97672, 7
299, 42, 2, 3, 0, 0, 30.43%, 0, 0, 2, 333.45, 99354, 7
304, 43, 2, 3, 0, 0, 30.43%, 0, 0, 2, 333.86, 101048, 7
309, 43, 2, 3, 0, 0, 30.43%, 0, 0, 2, 334.75, 102742, 7
314, 44, 2, 3, 0, 0, 30.43%, 0, 0, 2, 335.30, 104446, 7
319, 45, 2, 3, 0, 0, 30.43%, 0, 0, 2, 332.68, 106128, 7
324, 46, 2, 3, 0, 0, 30.43%, 0, 0, 2, 333.64, 107820, 7
329, 47, 0, 3, 0, 0, 30.43%, 0, 0, 2, 329.31, 109470, 7
334, 47, 2, 3, 0, 0, 30.43%, 0, 0, 2, 331.65, 111129, 7
339, 48, 0, 3, 0, 0, 30.43%, 0, 0, 2, 327.74, 112819, 7
344, 48, 0, 3, 0, 0, 30.43%, 0, 0, 2, 328.83, 114472, 7
349, 49, 2, 3, 0, 0, 30.43%, 0, 0, 2, 331.43, 116131, 7
354, 50, 1, 3, 0, 0, 30.43%, 0, 0, 2, 333.30, 117818, 7
359, 51, 2, 3, 0, 0, 30.43%, 0, 0, 2, 333.71, 119511, 7
364, 51, 0, 3, 0, 0, 30.43%, 0, 0, 2, 327.64, 121191, 7
370, 52, 2, 3, 0, 0, 30.43%, 0, 0, 2, 332.76, 122862, 7
375, 53, 2, 3, 0, 0, 30.43%, 0, 0, 2, 332.69, 124544, 7
380, 54, 2, 3, 0, 0, 30.43%, 0, 0, 2, 331.79, 126226, 7
385, 55, 2, 3, 0, 0, 30.43%, 0, 0, 2, 334.88, 127926, 7
390, 55, 2, 3, 0, 0, 30.43%, 0, 0, 2, 334.11, 129612, 7
395, 56, 2, 3, 0, 0, 30.43%, 0, 0, 2, 334.31, 131312, 7
400, 57, 2, 3, 0, 0, 30.43%, 0, 0, 2, 334.89, 133000, 7
405, 58, 2, 3, 0, 0, 30.43%, 0, 0, 2, 332.85, 134694, 7
410, 59, 2, 3, 0, 0, 30.43%, 0, 0, 2, 333.26, 136364, 7
415, 59, 2, 3, 0, 0, 30.43%, 0, 0, 2, 333.72, 138056, 7
420, 60, 2, 3, 0, 0, 30.43%, 0, 0, 2, 333.90, 139750, 7
425, 60, 2, 3, 0, 0, 30.43%, 0, 0, 2, 327.22, 141413, 7
430, 61, 2, 3, 0, 0, 30.43%, 0, 0, 2, 332.72, 143089, 7
435, 62, 2, 3, 0, 0, 30.43%, 0, 0, 2, 333.27, 144771, 7
440, 63, 2, 3, 0, 0, 30.43%, 0, 0, 2, 332.48, 146463, 7
445, 64, 2, 3, 0, 0, 30.43%, 0, 0, 2, 331.91, 148133, 7
450, 65, 2, 3, 0, 0, 30.43%, 0, 0, 2, 332.41, 149809, 7
455, 65, 2, 3, 0, 0, 30.43%, 0, 0, 2, 333.04, 151485, 7
460, 66, 2, 3, 0, 0, 30.43%, 0, 0, 2, 333.50, 153167, 7
466, 67, 2, 3, 0, 0, 30.43%, 0, 0, 2, 332.83, 154847, 7
471, 68, 2, 3, 0, 0, 30.43%, 0, 0, 2, 335.58, 156559, 7
476, 69, 2, 3, 0, 0, 30.43%, 0, 0, 2, 334.70, 158247, 7
481, 69, 2, 3, 0, 0, 30.43%, 0, 0, 2, 328.14, 159940, 7
484, 70, 2, 3, 0, 0, 30.43%, 1, 0, 2, 0.00, 161030, 7
