# relative_time, cycles_done, cur_item, corpus_count, pending_total, pending_favs, map_size, saved_crashes, saved_hangs, max_depth, execs_per_sec, total_execs, edges_found
61, 5, 0, 1, 0, 0, 25.00%, 0, 0, 1, 326.83, 20139, 2
66, 6, 0, 1, 0, 0, 25.00%, 0, 0, 1, 326.97, 21811, 2
71, 6, 0, 1, 0, 0, 25.00%, 0, 0, 1, 324.04, 23478, 2
76, 7, 0, 1, 0, 0, 25.00%, 0, 0, 1, 326.56, 25150, 2
82, 7, 0, 1, 0, 0, 25.00%, 0, 0, 1, 327.03, 26829, 2
87, 8, 0, 1, 0, 0, 25.00%, 0, 0, 1, 326.64, 28501, 2
92, 8, 0, 1, 0, 0, 25.00%, 0, 0, 1, 312.32, 30108, 2
97, 9, 0, 1, 0, 0, 25.00%, 0, 0, 1, 323.63, 31781, 2
102, 9, 0, 1, 0, 0, 25.00%, 0, 0, 1, 325.76, 33453, 2
107, 10, 0, 1, 0, 0, 25.00%, 0, 0, 1, 325.62, 35144, 2
108, 10, 0, 1, 0, 0, 25.00%, 1, 0, 1, 309.80, 35358, 2
