# relative_time, cycles_done, cur_item, corpus_count, pending_total, pending_favs, map_size, saved_crashes, saved_hangs, max_depth, execs_per_sec, total_execs, edges_found
61, 5, 0, 1, 0, 0, 25.00%, 0, 0, 1, 324.96, 20049, 2
66, 6, 0, 1, 0, 0, 25.00%, 0, 0, 1, 324.43, 21703, 2
71, 6, 0, 1, 0, 0, 25.00%, 0, 0, 1, 325.88, 23376, 2
76, 7, 0, 1, 0, 0, 25.00%, 0, 0, 1, 325.60, 25042, 2
81, 7, 0, 1, 0, 0, 25.00%, 0, 0, 1, 324.97, 26703, 2
87, 8, 0, 1, 0, 0, 25.00%, 0, 0, 1, 326.08, 28364, 2
92, 8, 0, 1, 0, 0, 25.00%, 0, 0, 1, 325.61, 30024, 2
97, 9, 0, 1, 0, 0, 25.00%, 0, 0, 1, 324.24, 31679, 2
102, 9, 0, 1, 0, 0, 25.00%, 0, 0, 1, 326.95, 33357, 2
107, 10, 0, 1, 0, 0, 25.00%, 0, 0, 1, 325.66, 35018, 2
112, 10, 0, 1, 0, 0, 25.00%, 0, 0, 1, 326.32, 36690, 2
117, 11, 0, 1, 0, 0, 25.00%, 0, 0, 1, 325.94, 38369, 2
122, 11, 0, 1, 0, 0, 25.00%, 0, 0, 1, 324.69, 40024, 2
127, 12, 0, 1, 0, 0, 25.00%, 0, 0, 1, 325.31, 41678, 2
133, 12, 0, 1, 0, 0, 25.00%, 0, 0, 1, 325.16, 43345, 2
138, 13, 0, 1, 0, 0, 25.00%, 0, 0, 1, 325.91, 44999, 2
143, 13, 0, 1, 0, 0, 25.00%, 0, 0, 1, 325.22, 46660, 2
148, 13, 0, 1, 0, 0, 25.00%, 0, 0, 1, 325.34, 48321, 2
153, 14, 0, 1, 0, 0, 25.00%, 0, 0, 1, 324.21, 49981, 2
158, 14, 0, 1, 0, 0, 25.00%, 0, 0, 1, 323.83, 51636, 2
163, 15, 0, 1, 0, 0, 25.00%, 0, 0, 1, 326.05, 53308, 2
168, 15, 0, 1, 0, 0, 25.00%, 0, 0, 1, 325.70, 54969, 2
173, 16, 0, 1, 0, 0, 25.00%, 0, 0, 1, 325.54, 56636, 2
179, 16, 0, 1, 0, 0, 25.00%, 0, 0, 1, 326.02, 58296, 2
184, 17, 0, 1, 0, 0, 25.00%, 0, 0, 1, 324.88, 59957, 2
189, 17, 0, 1, 0, 0, 25.00%, 0, 0, 1, 325.56, 61617, 2
194, 18, 0, 1, 0, 0, 25.00%, 0, 0, 1, 324.83, 63266, 2
199, 18, 0, 1, 0, 0, 25.00%, 0, 0, 1, 322.37, 64920, 2
204, 19, 0, 1, 0, 0, 25.00%, 0, 0, 1, 325.45, 66581, 2
209, 19, 0, 1, 0, 0, 25.00%, 0, 0, 1, 324.67, 68254, 2
214, 20, 0, 1, 0, 0, 25.00%, 0, 0, 1, 326.37, 69938, 2
218, 20, 0, 1, 0, 0, 25.00%, 1, 0, 1, 313.43, 71158, 2
