# relative_time, cycles_done, cur_item, corpus_count, pending_total, pending_favs, map_size, saved_crashes, saved_hangs, max_depth, execs_per_sec, total_execs, edges_found
61, 10, 2, 3, 0, 0, 32.26%, 0, 0, 2, 322.08, 20094, 10
66, 11, 2, 3, 0, 0, 32.26%, 0, 0, 2, 327.97, 21741, 10
71, 13, 2, 3, 0, 0, 32.26%, 0, 0, 2, 328.32, 23445, 10
76, 13, 2, 3, 0, 0, 32.26%, 0, 0, 2, 322.03, 25100, 10
82, 14, 2, 3, 0, 0, 32.26%, 0, 0, 2, 322.30, 26752, 10
87, 15, 2, 3, 0, 0, 32.26%, 0, 0, 2, 327.39, 28393, 10
92, 16, 2, 3, 0, 0, 32.26%, 0, 0, 2, 327.02, 30073, 10
97, 17, 0, 3, 0, 0, 32.26%, 0, 0, 2, 326.32, 31750, 10
102, 18, 2, 3, 0, 0, 32.26%, 0, 0, 2, 326.33, 33369, 10
107, 19, 2, 3, 0, 0, 32.26%, 0, 0, 2, 327.04, 35061, 10
112, 20, 2, 3, 0, 0, 32.26%, 0, 0, 2, 326.58, 36750, 10
117, 21, 0, 3, 0, 0, 32.26%, 0, 0, 2, 321.13, 38421, 10
123, 22, 0, 3, 0, 0, 32.26%, 0, 0, 2, 320.81, 40091, 10
128, 23, 2, 3, 0, 0, 32.26%, 0, 0, 2, 324.76, 41782, 10
133, 24, 0, 3, 0, 0, 32.26%, 0, 0, 2, 325.37, 43426, 10
138, 25, 2, 3, 0, 0, 32.26%, 0, 0, 2, 325.31, 45093, 10
143, 26, 0, 3, 0, 0, 32.26%, 0, 0, 2, 324.09, 46773, 10
148, 26, 0, 3, 0, 0, 32.26%, 0, 0, 2, 319.64, 48422, 10
154, 27, 1, 3, 0, 0, 32.26%, 0, 0, 2, 321.18, 50091, 10
159, 28, 0, 3, 0, 0, 32.26%, 0, 0, 2, 323.43, 51771, 10
164, 28, 2, 3, 0, 0, 32.26%, 0, 0, 2, 324.19, 53435, 10
169, 29, 0, 3, 0, 0, 32.26%, 0, 0, 2, 320.32, 55085, 10
174, 29, 2, 3, 0, 0, 32.26%, 0, 0, 2, 322.53, 56742, 10
179, 30, 0, 3, 0, 0, 32.26%, 0, 0, 2, 323.85, 58377, 10
184, 31, 0, 3, 0, 0, 32.26%, 0, 0, 2, 318.94, 60026, 10
190, 32, 0, 3, 0, 0, 32.26%, 0, 0, 2, 322.67, 61702, 10
195, 32, 2, 3, 0, 0, 32.26%, 0, 0, 2, 324.89, 63363, 10
200, 34, 2, 3, 0, 0, 32.26%, 0, 0, 2, 326.64, 65043, 10
205, 35, 0, 3, 0, 0, 32.26%, 0, 0, 2, 325.89, 66678, 10
210, 35, 0, 3, 0, 0, 32.26%, 0, 0, 2, 319.85, 68327, 10
215, 36, 2, 3, 0, 0, 32.26%, 0, 0, 2, 323.77, 69994, 10
220, 37, 2, 3, 0, 0, 32.26%, 0, 0, 2, 326.81, 71683, 10
225, 38, 0, 3, 0, 0, 32.26%, 0, 0, 2, 322.85, 73309, 10
230, 39, 2, 3, 0, 0, 32.26%, 0, 0, 2, 325.44, 74973, 10
236, 39, 0, 3, 0, 0, 32.26%, 0, 0, 2, 321.94, 76631, 10
241, 40, 2, 3, 0, 0, 32.26%, 0, 0, 2, 324.14, 78298, 10
246, 41, 0, 3, 0, 0, 32.26%, 0, 0, 2, 322.38, 79978, 10
251, 42, 2, 3, 0, 0, 32.26%, 0, 0, 2, 325.11, 81654, 10
256, 43, 0, 3, 0, 0, 32.26%, 0, 0, 2, 324.34, 83283, 10
261, 43, 0, 3, 0, 0, 32.26%, 0, 0, 2, 321.68, 84947, 10
266, 44, 0, 3, 0, 0, 32.26%, 0, 0, 2, 320.80, 86599, 10
271, 45, 0, 3, 0, 0, 32.26%, 0, 0, 2, 323.24, 88215, 10
277, 45, 2, 3, 0, 0, 32.26%, 0, 0, 2, 325.10, 89888, 10
282, 46, 2, 3, 0, 0, 32.26%, 0, 0, 2, 321.78, 91549, 10
287, 46, 2, 3, 0, 0, 32.26%, 0, 0, 2, 321.31, 93207, 10
292, 47, 2, 3, 0, 0, 32.26%, 0, 0, 2, 326.39, 94887, 10
297, 49, 2, 3, 0, 0, 32.26%, 0, 0, 2, 326.63, 96564, 10
302, 50, 0, 3, 0, 0, 32.26%, 0, 0, 2, 324.54, 98259, 10
308, 50, 2, 3, 0, 0, 32.26%, 0, 0, 2, 324.68, 99929, 10
313, 51, 0, 3, 0, 0, 32.26%, 0, 0, 2, 323.05, 101606, 10
318, 51, 0, 3, 0, 0, 32.26%, 0, 0, 2, 319.47, 103254, 10
323, 52, 0, 3, 0, 0, 32.26%, 0, 0, 2, 318.63, 104903, 10
328, 53, 0, 3, 0, 0, 32.26%, 0, 0, 2, 323.96, 106582, 10
333, 53, 0, 3, 0, 0, 32.26%, 0, 0, 2, 313.67, 108117, 10
338, 54, 2, 3, 0, 0, 32.26%, 0, 0, 2, 322.20, 109787, 10
344, 55, 2, 3, 0, 0, 32.26%, 0, 0, 2, 326.78, 111464, 10
349, 56, 0, 3, 0, 0, 32.26%, 0, 0, 2, 322.56, 113144, 10
354, 56, 0, 3, 0, 0, 32.26%, 0, 0, 2, 318.55, 114787, 10
359, 57, 2, 3, 0, 0, 32.26%, 0, 0, 2, 324.18, 116457, 10
364, 58, 2, 3, 0, 0, 32.26%, 0, 0, 2, 322.95, 118127, 10
369, 59, 2, 3, 0, 0, 32.26%, 0, 0, 2, 326.63, 119765, 10
374, 59, 0, 3, 0, 0, 32.26%, 0, 0, 2, 323.01, 121424, 10
380, 60, 2, 3, 0, 0, 32.26%, 0, 0, 2, 325.43, 123097, 10
385, 61, 2, 3, 0, 0, 32.26%, 0, 0, 2, 322.66, 124758, 10
390, 62, 0, 3, 0, 0, 32.26%, 0, 0, 2, 322.29, 126423, 10
395, 63, 2, 3, 0, 0, 32.26%, 0, 0, 2, 324.49, 128090, 10
400, 64, 2, 3, 0, 0, 32.26%, 0, 0, 2, 322.14, 129742, 10
405, 64, 2, 3, 0, 0, 32.26%, 0, 0, 2, 323.59, 131421, 10
411, 65, 2, 3, 0, 0, 32.26%, 0, 0, 2, 325.82, 133110, 10
416, 66, 2, 3, 0, 0, 32.26%, 0, 0, 2, 321.80, 134771, 10
421, 66, 0, 3, 0, 0, 32.26%, 0, 0, 2, 319.66, 136373, 10
426, 68, 2, 3, 0, 0, 32.26%, 0, 0, 2, 325.77, 138061, 10
431, 69, 2, 3, 0, 0, 32.26%, 0, 0, 2, 327.58, 139753, 10
436, 70, 0, 3, 0, 0, 32.26%, 0, 0, 2, 327.87, 141457, 10
441, 70, 0, 3, 0, 0, 32.26%, 0, 0, 2, 321.50, 143106, 10
446, 71, 2, 3, 0, 0, 32.26%, 0, 0, 2, 323.24, 144710, 10
452, 72, 0, 3, 0, 0, 32.26%, 0, 0, 2, 322.36, 146381, 10
457, 73, 2, 3, 0, 0, 32.26%, 0, 0, 2, 324.84, 148072, 10
462, 74, 0, 3, 0, 0, 32.26%, 0, 0, 2, 323.73, 149743, 10
467, 74, 0, 3, 0, 0, 32.26%, 0, 0, 2, 319.55, 151401, 10
472, 75, 2, 3, 0, 0, 32.26%, 0, 0, 2, 319.30, 153049, 10
478, 76, 2, 3, 0, 0, 32.26%, 0, 0, 2, 327.73, 154753, 10
483, 77, 2, 3, 0, 0, 32.26%, 0, 0, 2, 327.67, 156433, 10
488, 78, 2, 3, 0, 0, 32.26%, 0, 0, 2, 327.89, 158119, 10
493, 79, 2, 3, 0, 0, 32.26%, 0, 0, 2, 326.63, 159802, 10
498, 81, 2, 3, 0, 0, 32.26%, 0, 0, 2, 327.03, 161464, 10
503, 82, 2, 3, 0, 0, 32.26%, 0, 0, 2, 327.88, 163168, 10
508, 82, 0, 3, 0, 0, 32.26%, 0, 0, 2, 321.20, 164836, 10
514, 83, 0, 3, 0, 0, 32.26%, 0, 0, 2, 319.56, 166490, 10
519, 83, 0, 3, 0, 0, 32.26%, 0, 0, 2, 318.45, 168145, 10
524, 84, 2, 3, 0, 0, 32.26%, 0, 0, 2, 323.80, 169824, 10
529, 85, 2, 3, 0, 0, 32.26%, 0, 0, 2, 324.75, 171501, 10
534, 86, 2, 3, 0, 0, 32.26%, 0, 0, 2, 323.29, 173156, 10
539, 87, 2, 3, 0, 0, 32.26%, 0, 0, 2, 325.86, 174830, 10
545, 88, 0, 3, 0, 0, 32.26%, 0, 0, 2, 321.10, 176494, 10
550, 88, 2, 3, 0, 0, 32.26%, 0, 0, 2, 321.40, 178143, 10
555, 89, 0, 3, 0, 0, 32.26%, 0, 0, 2, 319.37, 179795, 10
560, 89, 2, 3, 0, 0, 32.26%, 0, 0, 2, 323.35, 181462, 10
565, 91, 0, 3, 0, 0, 32.26%, 0, 0, 2, 326.14, 183106, 10
570, 91, 2, 3, 0, 0, 32.26%, 0, 0, 2, 321.11, 184752, 10
575, 92, 0, 3, 0, 0, 32.26%, 0, 0, 2, 323.95, 186438, 10
581, 93, 0, 3, 0, 0, 32.26%, 0, 0, 2, 321.35, 188096, 10
586, 93, 2, 3, 0, 0, 32.26%, 0, 0, 2, 323.49, 189757, 10
591, 95, 2, 3, 0, 0, 32.26%, 0, 0, 2, 327.72, 191401, 10
596, 96, 2, 3, 0, 0, 32.26%, 0, 0, 2, 327.08, 193078, 10
601, 97, 2, 3, 0, 0, 32.26%, 0, 0, 2, 326.04, 194776, 10
606, 98, 2, 3, 0, 0, 32.26%, 0, 0, 2, 325.49, 196444, 10
611, 99, 2, 3, 0, 0, 32.26%, 0, 0, 2, 325.69, 198133, 10
617, 100, 0, 3, 0, 0, 32.26%, 0, 0, 2, 323.08, 199801, 10
622, 101, 0, 3, 0, 0, 32.26%, 0, 0, 2, 320.94, 201456, 10
627, 102, 2, 3, 0, 0, 32.26%, 0, 0, 2, 324.76, 203132, 10
632, 103, 2, 3, 0, 0, 32.26%, 0, 0, 2, 325.99, 204824, 10
637, 104, 0, 3, 0, 0, 32.26%, 0, 0, 2, 323.65, 206495, 10
642, 105, 2, 3, 0, 0, 32.26%, 0, 0, 2, 323.68, 208162, 10
648, 105, 2, 3, 0, 0, 32.26%, 0, 0, 2, 318.90, 209817, 10
653, 106, 2, 3, 0, 0, 32.26%, 0, 0, 2, 323.86, 211491, 10
658, 108, 2, 3, 0, 0, 32.26%, 0, 0, 2, 325.64, 213162, 10
663, 109, 2, 3, 0, 0, 32.26%, 0, 0, 2, 323.79, 214824, 10
668, 110, 2, 3, 0, 0, 32.26%, 0, 0, 2, 325.36, 216501, 10
673, 111, 2, 3, 0, 0, 32.26%, 0, 0, 2, 326.30, 218181, 10
679, 112, 0, 3, 0, 0, 32.26%, 0, 0, 2, 321.61, 219852, 10
684, 113, 0, 3, 0, 0, 32.26%, 0, 0, 2, 322.11, 221513, 10
689, 113, 0, 3, 0, 0, 32.26%, 0, 0, 2, 321.42, 223114, 10
694, 114, 0, 3, 0, 0, 32.26%, 0, 0, 2, 317.88, 224763, 10
699, 114, 2, 3, 0, 0, 32.26%, 0, 0, 2, 323.93, 226439, 10
704, 116, 2, 3, 0, 0, 32.26%, 0, 0, 2, 325.56, 228119, 10
709, 117, 2, 3, 0, 0, 32.26%, 0, 0, 2, 325.34, 229799, 10
715, 117, 2, 3, 0, 0, 32.26%, 0, 0, 2, 321.01, 231451, 10
720, 118, 2, 3, 0, 0, 32.26%, 0, 0, 2, 324.57, 233131, 10
725, 120, 0, 3, 0, 0, 32.26%, 0, 0, 2, 324.57, 234808, 10
730, 120, 0, 3, 0, 0, 32.26%, 0, 0, 2, 319.33, 236457, 10
735, 121, 2, 3, 0, 0, 32.26%, 0, 0, 2, 324.13, 238142, 10
740, 122, 2, 3, 0, 0, 32.26%, 0, 0, 2, 324.40, 239813, 10
746, 123, 0, 3, 0, 0, 32.26%, 0, 0, 2, 319.84, 241478, 10
751, 123, 2, 3, 0, 0, 32.26%, 0, 0, 2, 319.94, 243132, 10
756, 124, 0, 3, 0, 0, 32.26%, 0, 0, 2, 317.77, 244776, 10
761, 124, 0, 3, 0, 0, 32.26%, 0, 0, 2, 318.17, 246431, 10
766, 126, 2, 3, 0, 0, 32.26%, 0, 0, 2, 322.91, 248101, 10
771, 127, 0, 3, 0, 0, 32.26%, 0, 0, 2, 325.19, 249781, 10
777, 127, 2, 3, 0, 0, 32.26%, 0, 0, 2, 324.19, 251445, 10
782, 128, 0, 3, 0, 0, 32.26%, 0, 0, 2, 323.53, 253116, 10
787, 129, 2, 3, 0, 0, 32.26%, 0, 0, 2, 323.15, 254777, 10
792, 130, 0, 3, 0, 0, 32.26%, 0, 0, 2, 321.28, 256435, 10
797, 131, 2, 3, 0, 0, 32.26%, 0, 0, 2, 321.68, 258096, 10
802, 132, 2, 3, 0, 0, 32.26%, 0, 0, 2, 325.65, 259791, 10
808, 132, 2, 3, 0, 0, 32.26%, 0, 0, 2, 320.29, 261422, 10
813, 133, 2, 3, 0, 0, 32.26%, 0, 0, 2, 320.86, 263077, 10
818, 134, 2, 3, 0, 0, 32.26%, 0, 0, 2, 325.13, 264748, 10
823, 135, 2, 3, 0, 0, 32.26%, 0, 0, 2, 321.29, 266409, 10
828, 136, 2, 3, 0, 0, 32.26%, 0, 0, 2, 322.75, 268074, 10
833, 136, 2, 3, 0, 0, 32.26%, 0, 0, 2, 320.16, 269723, 10
839, 137, 2, 3, 0, 0, 32.26%, 0, 0, 2, 323.72, 271388, 10
844, 138, 0, 3, 0, 0, 32.26%, 0, 0, 2, 322.26, 273008, 10
849, 139, 0, 3, 0, 0, 32.26%, 0, 0, 2, 322.03, 274666, 10
854, 140, 2, 3, 0, 0, 32.26%, 0, 0, 2, 321.09, 276321, 10
859, 141, 2, 3, 0, 0, 32.26%, 0, 0, 2, 326.34, 278022, 10
864, 142, 2, 3, 0, 0, 32.26%, 0, 0, 2, 324.57, 279690, 10
869, 143, 2, 3, 0, 0, 32.26%, 0, 0, 2, 317.69, 281339, 10
875, 143, 0, 3, 0, 0, 32.26%, 0, 0, 2, 319.28, 283006, 10
880, 144, 2, 3, 0, 0, 32.26%, 0, 0, 2, 321.00, 284664, 10
885, 144, 2, 3, 0, 0, 32.26%, 0, 0, 2, 322.13, 286331, 10
890, 146, 2, 3, 0, 0, 32.26%, 0, 0, 2, 323.68, 287999, 10
895, 147, 2, 3, 0, 0, 32.26%, 0, 0, 2, 333.22, 289727, 10
900, 148, 0, 3, 0, 0, 32.26%, 0, 0, 2, 334.47, 291419, 10
901, 148, 0, 3, 0, 0, 32.26%, 1, 0, 2, 324.92, 291681, 10
