# relative_time, cycles_done, cur_item, corpus_count, pending_total, pending_favs, map_size, saved_crashes, saved_hangs, max_depth, execs_per_sec, total_execs, edges_found
61, 12, 1, 3, 0, 0, 32.26%, 0, 0, 2, 329.74, 20182, 10
66, 12, 0, 3, 0, 0, 32.26%, 0, 0, 2, 322.69, 21839, 10
71, 13, 2, 3, 0, 0, 32.26%, 0, 0, 2, 328.49, 23499, 10
76, 15, 2, 3, 0, 0, 32.26%, 0, 0, 2, 329.95, 25215, 10
82, 15, 0, 3, 0, 0, 32.26%, 0, 0, 2, 318.23, 26826, 10
87, 16, 0, 3, 0, 0, 32.26%, 0, 0, 2, 320.78, 28474, 10
92, 16, 2, 3, 0, 0, 32.26%, 0, 0, 2, 325.61, 30099, 10
97, 17, 0, 3, 0, 0, 32.26%, 0, 0, 2, 325.76, 31800, 10
102, 18, 2, 3, 0, 0, 32.26%, 0, 0, 2, 327.00, 33491, 10
107, 19, 2, 3, 0, 0, 32.26%, 0, 0, 2, 322.37, 35146, 10
112, 19, 0, 3, 0, 0, 32.26%, 0, 0, 2, 320.96, 36798, 10
118, 20, 2, 3, 0, 0, 32.26%, 0, 0, 2, 325.72, 38483, 10
123, 21, 2, 3, 0, 0, 32.26%, 0, 0, 2, 328.50, 40190, 10
128, 22, 2, 3, 0, 0, 32.26%, 0, 0, 2, 325.49, 41857, 10
133, 23, 2, 3, 0, 0, 32.26%, 0, 0, 2, 327.72, 43564, 10
138, 24, 2, 3, 0, 0, 32.26%, 0, 0, 2, 328.70, 45268, 10
143, 25, 0, 3, 0, 0, 32.26%, 0, 0, 2, 326.90, 46963, 10
149, 26, 2, 3, 0, 0, 32.26%, 0, 0, 2, 327.42, 48642, 10
154, 27, 0, 3, 0, 0, 32.26%, 0, 0, 2, 325.02, 50319, 10
159, 28, 2, 3, 0, 0, 32.26%, 0, 0, 2, 325.72, 52004, 10
164, 29, 2, 3, 0, 0, 32.26%, 0, 0, 2, 330.58, 53732, 10
169, 30, 2, 3, 0, 0, 32.26%, 0, 0, 2, 321.45, 55393, 10
175, 31, 2, 3, 0, 0, 32.26%, 0, 0, 2, 329.13, 57114, 10
180, 32, 0, 3, 0, 0, 32.26%, 0, 0, 2, 326.57, 58813, 10
185, 33, 2, 3, 0, 0, 32.26%, 0, 0, 2, 326.40, 60507, 10
190, 33, 2, 3, 0, 0, 32.26%, 0, 0, 2, 324.54, 62180, 10
195, 34, 2, 3, 0, 0, 32.26%, 0, 0, 2, 328.31, 63827, 10
200, 36, 2, 3, 0, 0, 32.26%, 0, 0, 2, 330.48, 65531, 10
205, 36, 2, 3, 0, 0, 32.26%, 0, 0, 2, 325.73, 67207, 10
210, 37, 2, 3, 0, 0, 32.26%, 0, 0, 2, 329.50, 68863, 10
215, 38, 0, 3, 0, 0, 32.26%, 0, 0, 2, 325.16, 70501, 10
221, 39, 2, 3, 0, 0, 32.26%, 0, 0, 2, 326.76, 72195, 10
226, 40, 2, 3, 0, 0, 32.26%, 0, 0, 2, 330.31, 73875, 10
231, 42, 2, 3, 0, 0, 32.26%, 0, 0, 2, 329.85, 75585, 10
236, 43, 2, 3, 0, 0, 32.26%, 0, 0, 2, 330.20, 77244, 10
241, 43, 2, 3, 0, 0, 32.26%, 0, 0, 2, 324.78, 78917, 10
246, 44, 2, 3, 0, 0, 32.26%, 0, 0, 2, 328.59, 80627, 10
251, 46, 2, 3, 0, 0, 32.26%, 0, 0, 2, 331.50, 82304, 10
257, 47, 2, 3, 0, 0, 32.26%, 0, 0, 2, 329.99, 84014, 10
262, 48, 2, 3, 0, 0, 32.26%, 0, 0, 2, 322.89, 85678, 10
267, 49, 2, 3, 0, 0, 32.26%, 0, 0, 2, 327.80, 87328, 10
272, 50, 0, 3, 0, 0, 32.26%, 0, 0, 2, 325.66, 88966, 10
277, 51, 2, 3, 0, 0, 32.26%, 0, 0, 2, 326.95, 90648, 10
282, 52, 2, 3, 0, 0, 32.26%, 0, 0, 2, 329.26, 92304, 10
287, 53, 2, 3, 0, 0, 32.26%, 0, 0, 2, 329.62, 94014, 10
292, 54, 0, 3, 0, 0, 32.26%, 0, 0, 2, 323.25, 95670, 10
297, 54, 0, 3, 0, 0, 32.26%, 0, 0, 2, 321.95, 97328, 10
303, 55, 2, 3, 0, 0, 32.26%, 0, 0, 2, 321.48, 98979, 10
308, 56, 0, 3, 0, 0, 32.26%, 0, 0, 2, 325.01, 100641, 10
313, 56, 2, 3, 0, 0, 32.26%, 0, 0, 2, 325.81, 102311, 10
318, 58, 2, 3, 0, 0, 32.26%, 0, 0, 2, 326.34, 103991, 10
323, 58, 0, 3, 0, 0, 32.26%, 0, 0, 2, 322.38, 105665, 10
328, 59, 2, 3, 0, 0, 32.26%, 0, 0, 2, 324.60, 107328, 10
333, 60, 0, 3, 0, 0, 32.26%, 0, 0, 2, 325.84, 108975, 10
338, 60, 0, 3, 0, 0, 32.26%, 0, 0, 2, 322.30, 110633, 10
344, 60, 0, 3, 0, 0, 32.26%, 0, 0, 2, 321.18, 112282, 10
349, 62, 2, 3, 0, 0, 32.26%, 0, 0, 2, 325.61, 113919, 10
354, 62, 2, 3, 0, 0, 32.26%, 0, 0, 2, 320.75, 115574, 10
359, 63, 2, 3, 0, 0, 32.26%, 0, 0, 2, 327.36, 117227, 10
364, 64, 2, 3, 0, 0, 32.26%, 0, 0, 2, 324.49, 118900, 10
369, 65, 2, 3, 0, 0, 32.26%, 0, 0, 2, 328.64, 120598, 10
374, 66, 0, 3, 0, 0, 32.26%, 0, 0, 2, 323.15, 122260, 10
379, 66, 2, 3, 0, 0, 32.26%, 0, 0, 2, 323.65, 123881, 10
384, 67, 2, 3, 0, 0, 32.26%, 0, 0, 2, 323.39, 125560, 10
390, 67, 0, 3, 0, 0, 32.26%, 0, 0, 2, 322.71, 127231, 10
395, 68, 2, 3, 0, 0, 32.26%, 0, 0, 2, 320.76, 128879, 10
400, 68, 2, 3, 0, 0, 32.26%, 0, 0, 2, 322.63, 130543, 10
405, 69, 0, 3, 0, 0, 32.26%, 0, 0, 2, 324.14, 132223, 10
410, 70, 0, 3, 0, 0, 32.26%, 0, 0, 2, 325.32, 133899, 10
415, 71, 2, 3, 0, 0, 32.26%, 0, 0, 2, 327.86, 135530, 10
420, 72, 0, 3, 0, 0, 32.26%, 0, 0, 2, 324.83, 137207, 10
425, 73, 2, 3, 0, 0, 32.26%, 0, 0, 2, 326.57, 138898, 10
427, 73, 2, 3, 0, 0, 32.26%, 1, 0, 2, 0.00, 139480, 10
