# relative_time, cycles_done, cur_item, corpus_count, pending_total, pending_favs, map_size, saved_crashes, saved_hangs, max_depth, execs_per_sec, total_execs, edges_found
61, 5, 0, 1, 0, 0, 25.00%, 0, 0, 1, 325.45, 20019, 2
66, 6, 0, 1, 0, 0, 25.00%, 0, 0, 1, 324.47, 21673, 2
71, 6, 0, 1, 0, 0, 25.00%, 0, 0, 1, 326.00, 23346, 2
76, 7, 0, 1, 0, 0, 25.00%, 0, 0, 1, 325.03, 25006, 2
81, 7, 0, 1, 0, 0, 25.00%, 0, 0, 1, 325.44, 26667, 2
87, 8, 0, 1, 0, 0, 25.00%, 0, 0, 1, 325.10, 28322, 2
92, 8, 0, 1, 0, 0, 25.00%, 0, 0, 1, 325.41, 29976, 2
97, 9, 0, 1, 0, 0, 25.00%, 0, 0, 1, 324.74, 31643, 2
102, 9, 0, 1, 0, 0, 25.00%, 0, 0, 1, 326.01, 33309, 2
107, 10, 0, 1, 0, 0, 25.00%, 0, 0, 1, 326.15, 34970, 2
112, 10, 0, 1, 0, 0, 25.00%, 0, 0, 1, 324.66, 36625, 2
117, 11, 0, 1, 0, 0, 25.00%, 0, 0, 1, 325.65, 38303, 2
122, 11, 0, 1, 0, 0, 25.00%, 0, 0, 1, 323.90, 39970, 2
127, 12, 0, 1, 0, 0, 25.00%, 0, 0, 1, 324.22, 41630, 2
132, 12, 0, 1, 0, 0, 25.00%, 0, 0, 1, 325.80, 43291, 2
138, 13, 0, 1, 0, 0, 25.00%, 0, 0, 1, 324.01, 44945, 2
143, 13, 0, 1, 0, 0, 25.00%, 0, 0, 1, 326.43, 46624, 2
148, 13, 0, 1, 0, 0, 25.00%, 0, 0, 1, 325.03, 48279, 2
153, 14, 0, 1, 0, 0, 25.00%, 0, 0, 1, 324.91, 49939, 2
158, 14, 0, 1, 0, 0, 25.00%, 0, 0, 1, 326.60, 51606, 2
163, 15, 0, 1, 0, 0, 25.00%, 0, 0, 1, 325.34, 53272, 2
168, 15, 0, 1, 0, 0, 25.00%, 0, 0, 1, 325.93, 54927, 2
173, 16, 0, 1, 0, 0, 25.00%, 0, 0, 1, 326.87, 56600, 2
178, 16, 0, 1, 0, 0, 25.00%, 0, 0, 1, 325.37, 58260, 2
184, 17, 0, 1, 0, 0, 25.00%, 0, 0, 1, 326.02, 59927, 2
189, 17, 0, 1, 0, 0, 25.00%, 0, 0, 1, 326.15, 61611, 2
194, 18, 0, 1, 0, 0, 25.00%, 0, 0, 1, 325.65, 63266, 2
199, 18, 0, 1, 0, 0, 25.00%, 0, 0, 1, 324.85, 64920, 2
204, 19, 0, 1, 0, 0, 25.00%, 0, 0, 1, 325.11, 66569, 2
208, 19, 0, 1, 0, 0, 25.00%, 1, 0, 1, 310.03, 67844, 2
