# relative_time, cycles_done, cur_item, corpus_count, pending_total, pending_favs, map_size, saved_crashes, saved_hangs, max_depth, execs_per_sec, total_execs, edges_found
61, 9, 2, 3, 0, 0, 32.26%, 0, 0, 2, 319.92, 19714, 10
66, 10, 2, 3, 0, 0, 32.26%, 0, 0, 2, 319.72, 21313, 10
71, 12, 0, 3, 0, 0, 32.26%, 0, 0, 2, 318.85, 22966, 10
77, 12, 0, 3, 0, 0, 32.26%, 0, 0, 2, 319.76, 24618, 10
82, 13, 2, 3, 0, 0, 32.26%, 0, 0, 2, 319.77, 26276, 10
87, 13, 0, 3, 0, 0, 32.26%, 0, 0, 2, 319.64, 27932, 10
92, 14, 2, 3, 0, 0, 32.26%, 0, 0, 2, 320.33, 29583, 10
97, 15, 2, 3, 0, 0, 32.26%, 0, 0, 2, 319.79, 31242, 10
103, 16, 0, 3, 0, 0, 32.26%, 0, 0, 2, 318.91, 32901, 10
108, 17, 0, 3, 0, 0, 32.26%, 0, 0, 2, 318.98, 34556, 10
113, 17, 2, 3, 0, 0, 32.26%, 0, 0, 2, 320.28, 36211, 10
118, 18, 0, 3, 0, 0, 32.26%, 0, 0, 2, 319.89, 37867, 10
123, 19, 0, 3, 0, 0, 32.26%, 0, 0, 2, 319.64, 39525, 10
128, 19, 2, 3, 0, 0, 32.26%, 0, 0, 2, 319.50, 41174, 10
134, 20, 0, 3, 0, 0, 32.26%, 0, 0, 2, 319.87, 42833, 10
139, 21, 0, 3, 0, 0, 32.26%, 0, 0, 2, 317.62, 44416, 10
144, 22, 2, 3, 0, 0, 32.26%, 0, 0, 2, 318.64, 46074, 10
149, 23, 0, 3, 0, 0, 32.26%, 0, 0, 2, 317.46, 47715, 10
154, 24, 0, 3, 0, 0, 32.26%, 0, 0, 2, 319.80, 49370, 10
159, 24, 0, 3, 0, 0, 32.26%, 0, 0, 2, 316.94, 51010, 10
165, 25, 1, 3, 0, 0, 32.26%, 0, 0, 2, 318.35, 52668, 10
170, 26, 0, 3, 0, 0, 32.26%, 0, 0, 2, 320.34, 54321, 10
175, 26, 2, 3, 0, 0, 32.26%, 0, 0, 2, 318.40, 55913, 10
180, 28, 2, 3, 0, 0, 32.26%, 0, 0, 2, 319.81, 57572, 10
185, 29, 2, 3, 0, 0, 32.26%, 0, 0, 2, 319.69, 59231, 10
190, 30, 2, 3, 0, 0, 32.26%, 0, 0, 2, 319.74, 60886, 10
195, 30, 2, 3, 0, 0, 32.26%, 0, 0, 2, 319.75, 62541, 10
201, 31, 0, 3, 0, 0, 32.26%, 0, 0, 2, 320.45, 64203, 10
205, 32, 2, 3, 0, 0, 32.26%, 1, 0, 2, 306.85, 65415, 10
