# relative_time, cycles_done, cur_item, corpus_count, pending_total, pending_favs, map_size, saved_crashes, saved_hangs, max_depth, execs_per_sec, total_execs, edges_found
61, 10, 2, 3, 0, 0, 36.00%, 0, 0, 2, 327.55, 19979, 9
66, 11, 2, 3, 0, 0, 36.00%, 0, 0, 2, 325.53, 21603, 9
71, 11, 0, 3, 0, 0, 36.00%, 0, 0, 2, 323.35, 23274, 9
76, 12, 0, 3, 0, 0, 36.00%, 0, 0, 2, 321.31, 24935, 9
82, 13, 0, 3, 0, 0, 36.00%, 0, 0, 2, 322.09, 26596, 9
87, 14, 0, 3, 0, 0, 36.00%, 0, 0, 2, 323.52, 28269, 9
92, 14, 0, 3, 0, 0, 36.00%, 0, 0, 2, 320.68, 29927, 9
97, 15, 0, 3, 0, 0, 36.00%, 0, 0, 2, 322.43, 31588, 9
102, 15, 0, 3, 0, 0, 36.00%, 0, 0, 2, 322.60, 33261, 9
107, 16, 2, 3, 0, 0, 36.00%, 0, 0, 2, 323.55, 34916, 9
113, 17, 0, 3, 0, 0, 36.00%, 0, 0, 2, 323.88, 36599, 9
118, 18, 2, 3, 0, 0, 36.00%, 0, 0, 2, 325.36, 38227, 9
123, 18, 0, 3, 0, 0, 36.00%, 0, 0, 2, 322.24, 39901, 9
128, 20, 2, 3, 0, 0, 36.00%, 0, 0, 2, 327.53, 41559, 9
133, 20, 0, 3, 0, 0, 36.00%, 0, 0, 2, 322.21, 43233, 9
138, 22, 2, 3, 0, 0, 36.00%, 0, 0, 2, 326.49, 44924, 9
143, 22, 0, 3, 0, 0, 36.00%, 0, 0, 2, 322.53, 46585, 9
149, 23, 0, 3, 0, 0, 36.00%, 0, 0, 2, 321.20, 48243, 9
154, 23, 2, 3, 0, 0, 36.00%, 0, 0, 2, 324.05, 49916, 9
159, 25, 2, 3, 0, 0, 36.00%, 0, 0, 2, 325.95, 51608, 9
164, 25, 0, 3, 0, 0, 36.00%, 0, 0, 2, 323.16, 53273, 9
169, 26, 2, 3, 0, 0, 36.00%, 0, 0, 2, 319.74, 54927, 9
174, 27, 2, 3, 0, 0, 36.00%, 0, 0, 2, 325.97, 56625, 9
180, 28, 0, 3, 0, 0, 36.00%, 0, 0, 2, 325.10, 58311, 9
185, 29, 2, 3, 0, 0, 36.00%, 0, 0, 2, 325.15, 59981, 9
190, 30, 1, 3, 0, 0, 36.00%, 0, 0, 2, 328.42, 61685, 9
195, 31, 0, 3, 0, 0, 36.00%, 0, 0, 2, 325.07, 63317, 9
200, 32, 2, 3, 0, 0, 36.00%, 0, 0, 2, 325.67, 65005, 9
205, 32, 0, 3, 0, 0, 36.00%, 0, 0, 2, 321.84, 66673, 9
210, 33, 2, 3, 0, 0, 36.00%, 0, 0, 2, 321.41, 68330, 9
216, 34, 0, 3, 0, 0, 36.00%, 0, 0, 2, 323.45, 70016, 9
221, 35, 2, 3, 0, 0, 36.00%, 0, 0, 2, 324.15, 71692, 9
226, 36, 0, 3, 0, 0, 36.00%, 0, 0, 2, 322.79, 73381, 9
231, 37, 2, 3, 0, 0, 36.00%, 0, 0, 2, 324.44, 75057, 9
236, 37, 0, 3, 0, 0, 36.00%, 0, 0, 2, 322.35, 76716, 9
242, 38, 0, 3, 0, 0, 36.00%, 0, 0, 2, 323.75, 78386, 9
247, 39, 2, 3, 0, 0, 36.00%, 0, 0, 2, 327.42, 80083, 9
252, 39, 2, 3, 0, 0, 36.00%, 0, 0, 2, 320.04, 81723, 9
257, 40, 0, 3, 0, 0, 36.00%, 0, 0, 2, 321.37, 83406, 9
262, 41, 1, 3, 0, 0, 36.00%, 0, 0, 2, 324.40, 85031, 9
267, 42, 0, 3, 0, 0, 36.00%, 0, 0, 2, 321.08, 86693, 9
272, 43, 2, 3, 0, 0, 36.00%, 0, 0, 2, 325.18, 88375, 9
278, 44, 0, 3, 0, 0, 36.00%, 0, 0, 2, 324.87, 90064, 9
283, 45, 2, 3, 0, 0, 36.00%, 0, 0, 2, 323.75, 91725, 9
288, 46, 0, 3, 0, 0, 36.00%, 0, 0, 2, 323.72, 93408, 9
293, 47, 2, 3, 0, 0, 36.00%, 0, 0, 2, 324.12, 95081, 9
298, 47, 0, 3, 0, 0, 36.00%, 0, 0, 2, 321.20, 96733, 9
303, 48, 2, 3, 0, 0, 36.00%, 0, 0, 2, 324.75, 98415, 9
309, 49, 2, 3, 0, 0, 36.00%, 0, 0, 2, 328.09, 100122, 9
314, 50, 0, 3, 0, 0, 36.00%, 0, 0, 2, 321.85, 101787, 9
319, 51, 0, 3, 0, 0, 36.00%, 0, 0, 2, 320.10, 103439, 9
324, 52, 0, 3, 0, 0, 36.00%, 0, 0, 2, 323.82, 105118, 9
329, 52, 0, 3, 0, 0, 36.00%, 0, 0, 2, 322.29, 106782, 9
335, 52, 0, 3, 0, 0, 36.00%, 0, 0, 2, 319.26, 108431, 9
340, 54, 2, 3, 0, 0, 36.00%, 0, 0, 2, 325.80, 110065, 9
345, 55, 0, 3, 0, 0, 36.00%, 0, 0, 2, 325.57, 111745, 9
350, 55, 0, 3, 0, 0, 36.00%, 0, 0, 2, 320.70, 113394, 9
355, 56, 2, 3, 0, 0, 36.00%, 0, 0, 2, 322.89, 115076, 9
360, 56, 0, 3, 0, 0, 36.00%, 0, 0, 2, 320.58, 116737, 9
365, 57, 2, 3, 0, 0, 36.00%, 0, 0, 2, 325.01, 118404, 9
371, 58, 2, 3, 0, 0, 36.00%, 0, 0, 2, 328.11, 120120, 9
376, 59, 2, 3, 0, 0, 36.00%, 0, 0, 2, 328.95, 121812, 9
381, 61, 0, 3, 0, 0, 36.00%, 0, 0, 2, 326.66, 123498, 9
386, 61, 1, 3, 0, 0, 36.00%, 0, 0, 2, 321.45, 125099, 9
391, 63, 2, 3, 0, 0, 36.00%, 0, 0, 2, 327.48, 126746, 9
396, 64, 2, 3, 0, 0, 36.00%, 0, 0, 2, 324.91, 128429, 9
401, 65, 0, 3, 0, 0, 36.00%, 0, 0, 2, 322.63, 130109, 9
407, 66, 2, 3, 0, 0, 36.00%, 0, 0, 2, 325.37, 131794, 9
412, 67, 0, 3, 0, 0, 36.00%, 0, 0, 2, 323.94, 133480, 9
417, 67, 2, 3, 0, 0, 36.00%, 0, 0, 2, 327.35, 135180, 9
422, 68, 2, 3, 0, 0, 36.00%, 0, 0, 2, 323.36, 136847, 9
427, 69, 0, 3, 0, 0, 36.00%, 0, 0, 2, 326.07, 138548, 9
432, 70, 2, 3, 0, 0, 36.00%, 0, 0, 2, 324.18, 140215, 9
438, 71, 2, 3, 0, 0, 36.00%, 0, 0, 2, 326.97, 141907, 9
443, 72, 2, 3, 0, 0, 36.00%, 0, 0, 2, 329.34, 143560, 9
448, 73, 0, 3, 0, 0, 36.00%, 0, 0, 2, 323.02, 145237, 9
453, 73, 2, 3, 0, 0, 36.00%, 0, 0, 2, 322.38, 146894, 9
458, 74, 0, 3, 0, 0, 36.00%, 0, 0, 2, 324.04, 148586, 9
463, 74, 0, 3, 0, 0, 36.00%, 0, 0, 2, 321.08, 150235, 9
468, 75, 0, 3, 0, 0, 36.00%, 0, 0, 2, 322.99, 151911, 9
474, 76, 0, 3, 0, 0, 36.00%, 0, 0, 2, 321.52, 153581, 9
479, 77, 0, 3, 0, 0, 36.00%, 0, 0, 2, 324.14, 155263, 9
484, 77, 2, 3, 0, 0, 36.00%, 0, 0, 2, 324.65, 156945, 9
489, 78, 2, 3, 0, 0, 36.00%, 0, 0, 2, 327.12, 158646, 9
494, 79, 2, 3, 0, 0, 36.00%, 0, 0, 2, 323.23, 160313, 9
499, 80, 2, 3, 0, 0, 36.00%, 0, 0, 2, 327.35, 161957, 9
505, 81, 0, 3, 0, 0, 36.00%, 0, 0, 2, 322.63, 163622, 9
510, 81, 2, 3, 0, 0, 36.00%, 0, 0, 2, 320.91, 165276, 9
515, 82, 0, 3, 0, 0, 36.00%, 0, 0, 2, 324.21, 166959, 9
520, 83, 0, 3, 0, 0, 36.00%, 0, 0, 2, 325.53, 168635, 9
525, 83, 2, 3, 0, 0, 36.00%, 0, 0, 2, 324.90, 170299, 9
530, 85, 2, 3, 0, 0, 36.00%, 0, 0, 2, 328.62, 171991, 9
535, 85, 0, 3, 0, 0, 36.00%, 0, 0, 2, 324.49, 173658, 9
541, 86, 0, 3, 0, 0, 36.00%, 0, 0, 2, 320.27, 175316, 9
546, 86, 2, 3, 0, 0, 36.00%, 0, 0, 2, 323.85, 176977, 9
551, 87, 0, 3, 0, 0, 36.00%, 0, 0, 2, 324.27, 178651, 9
556, 88, 2, 3, 0, 0, 36.00%, 0, 0, 2, 327.48, 180339, 9
561, 89, 2, 3, 0, 0, 36.00%, 0, 0, 2, 324.13, 182000, 9
566, 90, 2, 3, 0, 0, 36.00%, 0, 0, 2, 328.52, 183704, 9
572, 91, 2, 3, 0, 0, 36.00%, 0, 0, 2, 327.27, 185387, 9
577, 92, 0, 3, 0, 0, 36.00%, 0, 0, 2, 325.01, 187082, 9
582, 92, 0, 3, 0, 0, 36.00%, 0, 0, 2, 318.78, 188731, 9
587, 93, 2, 3, 0, 0, 36.00%, 0, 0, 2, 326.21, 190410, 9
592, 94, 0, 3, 0, 0, 36.00%, 0, 0, 2, 324.33, 192087, 9
597, 95, 2, 3, 0, 0, 36.00%, 0, 0, 2, 327.53, 193775, 9
603, 96, 0, 3, 0, 0, 36.00%, 0, 0, 2, 324.12, 195452, 9
608, 97, 2, 3, 0, 0, 36.00%, 0, 0, 2, 324.14, 197134, 9
613, 98, 0, 3, 0, 0, 36.00%, 0, 0, 2, 322.69, 198814, 9
618, 98, 0, 3, 0, 0, 36.00%, 0, 0, 2, 319.95, 200460, 9
623, 98, 0, 3, 0, 0, 36.00%, 0, 0, 2, 318.12, 202107, 9
629, 99, 0, 3, 0, 0, 36.00%, 0, 0, 2, 320.58, 203782, 9
634, 100, 0, 3, 0, 0, 36.00%, 0, 0, 2, 324.16, 205464, 9
639, 101, 2, 3, 0, 0, 36.00%, 0, 0, 2, 323.39, 207128, 9
644, 101, 2, 3, 0, 0, 36.00%, 0, 0, 2, 320.11, 208789, 9
649, 102, 0, 3, 0, 0, 36.00%, 0, 0, 2, 319.73, 210460, 9
654, 103, 2, 3, 0, 0, 36.00%, 0, 0, 2, 323.98, 212133, 9
660, 104, 0, 3, 0, 0, 36.00%, 0, 0, 2, 320.78, 213795, 9
665, 105, 2, 3, 0, 0, 36.00%, 0, 0, 2, 324.36, 215453, 9
670, 106, 2, 3, 0, 0, 36.00%, 0, 0, 2, 324.68, 217127, 9
675, 107, 0, 3, 0, 0, 36.00%, 0, 0, 2, 320.16, 218783, 9
680, 108, 2, 3, 0, 0, 36.00%, 0, 0, 2, 325.24, 220459, 9
685, 109, 0, 3, 0, 0, 36.00%, 0, 0, 2, 324.78, 222136, 9
691, 110, 2, 3, 0, 0, 36.00%, 0, 0, 2, 322.46, 223788, 9
696, 111, 0, 3, 0, 0, 36.00%, 0, 0, 2, 323.97, 225477, 9
701, 112, 2, 3, 0, 0, 36.00%, 0, 0, 2, 325.65, 227147, 9
706, 113, 2, 3, 0, 0, 36.00%, 0, 0, 2, 327.04, 228788, 9
711, 113, 0, 3, 0, 0, 36.00%, 0, 0, 2, 323.06, 230447, 9
716, 114, 0, 3, 0, 0, 36.00%, 0, 0, 2, 319.62, 232051, 9
721, 115, 0, 3, 0, 0, 36.00%, 0, 0, 2, 321.78, 233724, 9
726, 116, 2, 3, 0, 0, 36.00%, 0, 0, 2, 323.64, 235391, 9
732, 117, 2, 3, 0, 0, 36.00%, 0, 0, 2, 326.12, 237077, 9
737, 118, 0, 3, 0, 0, 36.00%, 0, 0, 2, 325.42, 238766, 9
742, 119, 2, 3, 0, 0, 36.00%, 0, 0, 2, 324.75, 240433, 9
747, 119, 2, 3, 0, 0, 36.00%, 0, 0, 2, 321.46, 242094, 9
752, 120, 0, 3, 0, 0, 36.00%, 0, 0, 2, 321.07, 243759, 9
757, 120, 2, 3, 0, 0, 36.00%, 0, 0, 2, 319.92, 245407, 9
763, 122, 2, 3, 0, 0, 36.00%, 0, 0, 2, 323.14, 247078, 9
768, 122, 0, 3, 0, 0, 36.00%, 0, 0, 2, 322.43, 248746, 9
773, 123, 0, 3, 0, 0, 36.00%, 0, 0, 2, 320.99, 250407, 9
778, 124, 2, 3, 0, 0, 36.00%, 0, 0, 2, 324.40, 252077, 9
783, 124, 2, 3, 0, 0, 36.00%, 0, 0, 2, 321.84, 253732, 9
788, 126, 0, 3, 0, 0, 36.00%, 0, 0, 2, 322.55, 255397, 9
794, 126, 2, 3, 0, 0, 36.00%, 0, 0, 2, 322.73, 257058, 9
799, 127, 0, 3, 0, 0, 36.00%, 0, 0, 2, 320.16, 258726, 9
804, 127, 2, 3, 0, 0, 36.00%, 0, 0, 2, 319.24, 260377, 9
809, 129, 2, 3, 0, 0, 36.00%, 0, 0, 2, 325.36, 262057, 9
814, 129, 2, 3, 0, 0, 36.00%, 0, 0, 2, 321.51, 263715, 9
819, 130, 2, 3, 0, 0, 36.00%, 0, 0, 2, 322.07, 265370, 9
825, 131, 2, 3, 0, 0, 36.00%, 0, 0, 2, 325.59, 267050, 9
830, 131, 2, 3, 0, 0, 36.00%, 0, 0, 2, 320.00, 268711, 9
835, 132, 0, 3, 0, 0, 36.00%, 0, 0, 2, 319.58, 270363, 9
840, 133, 2, 3, 0, 0, 36.00%, 0, 0, 2, 322.40, 272024, 9
845, 133, 2, 3, 0, 0, 36.00%, 0, 0, 2, 320.58, 273676, 9
850, 134, 0, 3, 0, 0, 36.00%, 0, 0, 2, 323.80, 275350, 9
855, 135, 2, 3, 0, 0, 36.00%, 0, 0, 2, 321.05, 276942, 9
861, 135, 2, 3, 0, 0, 36.00%, 0, 0, 2, 322.55, 278615, 9
866, 136, 2, 3, 0, 0, 36.00%, 0, 0, 2, 326.79, 280295, 9
871, 138, 0, 3, 0, 0, 36.00%, 0, 0, 2, 325.19, 281981, 9
876, 138, 2, 3, 0, 0, 36.00%, 0, 0, 2, 323.98, 283651, 9
881, 139, 2, 3, 0, 0, 36.00%, 0, 0, 2, 321.90, 285312, 9
886, 140, 2, 3, 0, 0, 36.00%, 0, 0, 2, 324.66, 286995, 9
892, 141, 2, 3, 0, 0, 36.00%, 0, 0, 2, 327.01, 288675, 9
897, 142, 2, 3, 0, 0, 36.00%, 0, 0, 2, 326.94, 290349, 9
902, 143, 0, 3, 0, 0, 36.00%, 0, 0, 2, 322.74, 292014, 9
907, 144, 2, 3, 0, 0, 36.00%, 0, 0, 2, 325.24, 293678, 9
912, 145, 0, 3, 0, 0, 36.00%, 0, 0, 2, 322.28, 295358, 9
917, 146, 2, 3, 0, 0, 36.00%, 0, 0, 2, 325.02, 296983, 9
922, 147, 0, 3, 0, 0, 36.00%, 0, 0, 2, 323.32, 298651, 9
928, 147, 0, 3, 0, 0, 36.00%, 0, 0, 2, 319.10, 300300, 9
928, 147, 0, 3, 0, 0, 36.00%, 1, 0, 2, 308.32, 300532, 9
