# relative_time, cycles_done, cur_item, corpus_count, pending_total, pending_favs, map_size, saved_crashes, saved_hangs, max_depth, execs_per_sec, total_execs, edges_found
61, 5, 0, 1, 0, 0, 25.00%, 0, 0, 1, 323.47, 19845, 2
66, 6, 0, 1, 0, 0, 25.00%, 0, 0, 1, 324.19, 21493, 2
71, 6, 0, 1, 0, 0, 25.00%, 0, 0, 1, 324.76, 23154, 2
76, 7, 0, 1, 0, 0, 25.00%, 0, 0, 1, 325.08, 24815, 2
81, 7, 0, 1, 0, 0, 25.00%, 0, 0, 1, 324.27, 26475, 2
86, 8, 0, 1, 0, 0, 25.00%, 0, 0, 1, 325.49, 28130, 2
91, 8, 0, 1, 0, 0, 25.00%, 0, 0, 1, 324.71, 29784, 2
97, 9, 0, 1, 0, 0, 25.00%, 0, 0, 1, 324.90, 31439, 2
102, 9, 0, 1, 0, 0, 25.00%, 0, 0, 1, 323.84, 33094, 2
107, 10, 0, 1, 0, 0, 25.00%, 0, 0, 1, 324.72, 34742, 2
112, 10, 0, 1, 0, 0, 25.00%, 0, 0, 1, 325.37, 36397, 2
117, 11, 0, 1, 0, 0, 25.00%, 0, 0, 1, 324.00, 38051, 2
122, 11, 0, 1, 0, 0, 25.00%, 0, 0, 1, 324.02, 39712, 2
127, 11, 0, 1, 0, 0, 25.00%, 0, 0, 1, 324.45, 41373, 2
132, 12, 0, 1, 0, 0, 25.00%, 0, 0, 1, 315.00, 42973, 2
137, 12, 0, 1, 0, 0, 25.00%, 0, 0, 1, 316.54, 44610, 2
143, 13, 0, 1, 0, 0, 25.00%, 0, 0, 1, 320.69, 46264, 2
148, 13, 0, 1, 0, 0, 25.00%, 0, 0, 1, 322.02, 47913, 2
153, 14, 0, 1, 0, 0, 25.00%, 0, 0, 1, 322.96, 49568, 2
158, 14, 0, 1, 0, 0, 25.00%, 0, 0, 1, 323.78, 51228, 2
163, 15, 0, 1, 0, 0, 25.00%, 0, 0, 1, 322.17, 52883, 2
168, 15, 0, 1, 0, 0, 25.00%, 0, 0, 1, 322.71, 54531, 2
173, 16, 0, 1, 0, 0, 25.00%, 0, 0, 1, 322.48, 56180, 2
178, 16, 0, 1, 0, 0, 25.00%, 0, 0, 1, 324.21, 57835, 2
184, 17, 0, 1, 0, 0, 25.00%, 0, 0, 1, 323.83, 59501, 2
189, 17, 0, 1, 0, 0, 25.00%, 0, 0, 1, 323.80, 61156, 2
194, 18, 0, 1, 0, 0, 25.00%, 0, 0, 1, 324.80, 62810, 2
199, 18, 0, 1, 0, 0, 25.00%, 0, 0, 1, 323.47, 64465, 2
204, 19, 0, 1, 0, 0, 25.00%, 0, 0, 1, 323.72, 66119, 2
209, 19, 0, 1, 0, 0, 25.00%, 0, 0, 1, 323.76, 67774, 2
214, 19, 0, 1, 0, 0, 25.00%, 0, 0, 1, 322.26, 69429, 2
219, 20, 0, 1, 0, 0, 25.00%, 0, 0, 1, 324.26, 71083, 2
224, 20, 0, 1, 0, 0, 25.00%, 0, 0, 1, 322.27, 72732, 2
230, 21, 0, 1, 0, 0, 25.00%, 0, 0, 1, 324.68, 74392, 2
235, 21, 0, 1, 0, 0, 25.00%, 0, 0, 1, 323.82, 76047, 2
240, 22, 0, 1, 0, 0, 25.00%, 0, 0, 1, 324.25, 77708, 2
245, 22, 0, 1, 0, 0, 25.00%, 0, 0, 1, 324.80, 79368, 2
250, 23, 0, 1, 0, 0, 25.00%, 0, 0, 1, 325.47, 81023, 2
255, 23, 0, 1, 0, 0, 25.00%, 0, 0, 1, 325.33, 82683, 2
260, 24, 0, 1, 0, 0, 25.00%, 0, 0, 1, 324.32, 84344, 2
265, 24, 0, 1, 0, 0, 25.00%, 0, 0, 1, 323.20, 85993, 2
270, 25, 0, 1, 0, 0, 25.00%, 0, 0, 1, 324.57, 87659, 2
276, 25, 0, 1, 0, 0, 25.00%, 0, 0, 1, 323.92, 89326, 2
281, 26, 0, 1, 0, 0, 25.00%, 0, 0, 1, 324.74, 90980, 2
286, 26, 0, 1, 0, 0, 25.00%, 0, 0, 1, 324.04, 92635, 2
291, 27, 0, 1, 0, 0, 25.00%, 0, 0, 1, 324.51, 94301, 2
296, 27, 0, 1, 0, 0, 25.00%, 0, 0, 1, 325.64, 95962, 2
301, 27, 0, 1, 0, 0, 25.00%, 0, 0, 1, 320.63, 97605, 2
304, 28, 0, 1, 0, 0, 25.00%, 1, 0, 1, 314.71, 98331, 2
