# relative_time, cycles_done, cur_item, corpus_count, pending_total, pending_favs, map_size, saved_crashes, saved_hangs, max_depth, execs_per_sec, total_execs, edges_found
61, 7, 0, 3, 0, 0, 36.00%, 0, 0, 2, 321.95, 20102, 9
66, 8, 2, 3, 0, 0, 36.00%, 0, 0, 2, 329.14, 21811, 9
72, 9, 2, 3, 0, 0, 36.00%, 0, 0, 2, 325.20, 23490, 9
77, 10, 2, 3, 0, 0, 36.00%, 0, 0, 2, 330.79, 25170, 9
82, 10, 2, 3, 0, 0, 36.00%, 0, 0, 2, 324.37, 26831, 9
87, 11, 2, 3, 0, 0, 36.00%, 0, 0, 2, 325.10, 28513, 9
92, 12, 2, 3, 0, 0, 36.00%, 0, 0, 2, 330.68, 30241, 9
97, 13, 2, 3, 0, 0, 36.00%, 0, 0, 2, 325.33, 31914, 9
103, 14, 2, 3, 0, 0, 36.00%, 0, 0, 2, 328.40, 33630, 9
108, 15, 2, 3, 0, 0, 36.00%, 0, 0, 2, 331.51, 35301, 9
113, 16, 0, 3, 0, 0, 36.00%, 0, 0, 2, 326.37, 36987, 9
118, 17, 2, 3, 0, 0, 36.00%, 0, 0, 2, 329.40, 38636, 9
123, 18, 2, 3, 0, 0, 36.00%, 0, 0, 2, 331.45, 40301, 9
128, 18, 0, 3, 0, 0, 36.00%, 0, 0, 2, 325.78, 41990, 9
133, 20, 2, 3, 0, 0, 36.00%, 0, 0, 2, 327.57, 43636, 9
138, 21, 2, 3, 0, 0, 36.00%, 0, 0, 2, 330.13, 45349, 9
143, 22, 2, 3, 0, 0, 36.00%, 0, 0, 2, 330.82, 47005, 9
148, 23, 2, 3, 0, 0, 36.00%, 0, 0, 2, 325.90, 48687, 9
154, 23, 2, 3, 0, 0, 36.00%, 0, 0, 2, 324.65, 50360, 9
159, 24, 0, 3, 0, 0, 36.00%, 0, 0, 2, 323.97, 52034, 9
164, 24, 2, 3, 0, 0, 36.00%, 0, 0, 2, 325.05, 53709, 9
169, 25, 0, 3, 0, 0, 36.00%, 0, 0, 2, 326.19, 55416, 9
174, 26, 0, 3, 0, 0, 36.00%, 0, 0, 2, 322.51, 57080, 9
179, 26, 0, 3, 0, 0, 36.00%, 0, 0, 2, 320.91, 58723, 9
185, 27, 2, 3, 0, 0, 36.00%, 0, 0, 2, 325.49, 60404, 9
190, 27, 0, 3, 0, 0, 36.00%, 0, 0, 2, 323.55, 62084, 9
195, 28, 2, 3, 0, 0, 36.00%, 0, 0, 2, 322.00, 63747, 9
200, 29, 2, 3, 0, 0, 36.00%, 0, 0, 2, 326.21, 65430, 9
205, 30, 2, 3, 0, 0, 36.00%, 0, 0, 2, 319.11, 67091, 9
210, 31, 2, 3, 0, 0, 36.00%, 0, 0, 2, 321.67, 68767, 9
216, 32, 0, 3, 0, 0, 36.00%, 0, 0, 2, 326.94, 70468, 9
221, 33, 2, 3, 0, 0, 36.00%, 0, 0, 2, 323.14, 72120, 9
226, 33, 0, 3, 0, 0, 36.00%, 0, 0, 2, 322.16, 73803, 9
231, 34, 0, 3, 0, 0, 36.00%, 0, 0, 2, 323.80, 75482, 9
236, 35, 2, 3, 0, 0, 36.00%, 0, 0, 2, 328.36, 77137, 9
241, 35, 2, 3, 0, 0, 36.00%, 0, 0, 2, 323.57, 78804, 9
246, 36, 2, 3, 0, 0, 36.00%, 0, 0, 2, 324.28, 80483, 9
251, 37, 2, 3, 0, 0, 36.00%, 0, 0, 2, 329.21, 82148, 9
257, 38, 2, 3, 0, 0, 36.00%, 0, 0, 2, 324.97, 83821, 9
262, 39, 2, 3, 0, 0, 36.00%, 0, 0, 2, 329.39, 85474, 9
267, 40, 0, 3, 0, 0, 36.00%, 0, 0, 2, 327.61, 87121, 9
272, 41, 2, 3, 0, 0, 36.00%, 0, 0, 2, 326.27, 88794, 9
277, 42, 2, 3, 0, 0, 36.00%, 0, 0, 2, 330.15, 90459, 9
282, 43, 2, 3, 0, 0, 36.00%, 0, 0, 2, 329.76, 92115, 9
287, 44, 0, 3, 0, 0, 36.00%, 0, 0, 2, 325.44, 93798, 9
292, 45, 2, 3, 0, 0, 36.00%, 0, 0, 2, 329.40, 95504, 9
297, 46, 2, 3, 0, 0, 36.00%, 0, 0, 2, 330.99, 97220, 9
303, 47, 0, 3, 0, 0, 36.00%, 0, 0, 2, 326.29, 98903, 9
308, 48, 2, 3, 0, 0, 36.00%, 0, 0, 2, 329.36, 100600, 9
313, 49, 2, 3, 0, 0, 36.00%, 0, 0, 2, 328.82, 102310, 9
318, 50, 2, 3, 0, 0, 36.00%, 0, 0, 2, 331.35, 103981, 9
323, 51, 0, 3, 0, 0, 36.00%, 0, 0, 2, 325.39, 105652, 9
328, 52, 2, 3, 0, 0, 36.00%, 0, 0, 2, 323.27, 107321, 9
333, 53, 2, 3, 0, 0, 36.00%, 0, 0, 2, 330.18, 108983, 9
338, 53, 0, 3, 0, 0, 36.00%, 0, 0, 2, 325.82, 110666, 9
344, 55, 2, 3, 0, 0, 36.00%, 0, 0, 2, 330.03, 112381, 9
349, 56, 0, 3, 0, 0, 36.00%, 0, 0, 2, 325.03, 114058, 9
354, 56, 0, 3, 0, 0, 36.00%, 0, 0, 2, 322.36, 115722, 9
359, 57, 2, 3, 0, 0, 36.00%, 0, 0, 2, 328.11, 117377, 9
364, 58, 2, 3, 0, 0, 36.00%, 0, 0, 2, 330.28, 119084, 9
369, 59, 0, 3, 0, 0, 36.00%, 0, 0, 2, 319.57, 120740, 9
374, 60, 2, 3, 0, 0, 36.00%, 0, 0, 2, 325.05, 122368, 9
379, 61, 0, 3, 0, 0, 36.00%, 0, 0, 2, 325.40, 124006, 9
385, 62, 0, 3, 0, 0, 36.00%, 0, 0, 2, 323.46, 125676, 9
390, 63, 2, 3, 0, 0, 36.00%, 0, 0, 2, 326.25, 127373, 9
395, 63, 0, 3, 0, 0, 36.00%, 0, 0, 2, 326.65, 129077, 9
400, 64, 2, 3, 0, 0, 36.00%, 0, 0, 2, 326.98, 130765, 9
405, 66, 2, 3, 0, 0, 36.00%, 0, 0, 2, 330.14, 132433, 9
410, 67, 2, 3, 0, 0, 36.00%, 0, 0, 2, 329.63, 134149, 9
416, 68, 0, 3, 0, 0, 36.00%, 0, 0, 2, 328.52, 135856, 9
421, 68, 0, 3, 0, 0, 36.00%, 0, 0, 2, 321.95, 137505, 9
426, 69, 2, 3, 0, 0, 36.00%, 0, 0, 2, 322.27, 139153, 9
431, 70, 0, 3, 0, 0, 36.00%, 0, 0, 2, 327.38, 140866, 9
436, 70, 2, 3, 0, 0, 36.00%, 0, 0, 2, 326.45, 142545, 9
441, 72, 2, 3, 0, 0, 36.00%, 0, 0, 2, 329.17, 144210, 9
446, 73, 0, 3, 0, 0, 36.00%, 0, 0, 2, 327.02, 145851, 9
451, 73, 0, 3, 0, 0, 36.00%, 0, 0, 2, 328.38, 147539, 9
457, 74, 2, 3, 0, 0, 36.00%, 0, 0, 2, 326.87, 149215, 9
462, 74, 2, 3, 0, 0, 36.00%, 0, 0, 2, 324.78, 150900, 9
467, 75, 0, 3, 0, 0, 36.00%, 0, 0, 2, 326.19, 152544, 9
472, 76, 0, 3, 0, 0, 36.00%, 0, 0, 2, 321.44, 154193, 9
477, 77, 0, 3, 0, 0, 36.00%, 0, 0, 2, 323.64, 155884, 9
482, 77, 2, 3, 0, 0, 36.00%, 0, 0, 2, 327.19, 157521, 9
487, 79, 2, 3, 0, 0, 36.00%, 0, 0, 2, 331.37, 159195, 9
492, 80, 2, 3, 0, 0, 36.00%, 0, 0, 2, 328.68, 160896, 9
497, 80, 2, 3, 0, 0, 36.00%, 0, 0, 2, 324.90, 162575, 9
503, 81, 0, 3, 0, 0, 36.00%, 0, 0, 2, 324.08, 164237, 9
508, 82, 2, 3, 0, 0, 36.00%, 0, 0, 2, 326.26, 165924, 9
513, 83, 2, 3, 0, 0, 36.00%, 0, 0, 2, 330.21, 167598, 9
518, 83, 2, 3, 0, 0, 36.00%, 0, 0, 2, 323.99, 169265, 9
523, 85, 2, 3, 0, 0, 36.00%, 0, 0, 2, 330.41, 170987, 9
528, 85, 0, 3, 0, 0, 36.00%, 0, 0, 2, 325.35, 172673, 9
534, 86, 0, 3, 0, 0, 36.00%, 0, 0, 2, 324.87, 174352, 9
539, 87, 0, 3, 0, 0, 36.00%, 0, 0, 2, 324.17, 176028, 9
544, 88, 2, 3, 0, 0, 36.00%, 0, 0, 2, 326.10, 177710, 9
549, 88, 2, 3, 0, 0, 36.00%, 0, 0, 2, 326.47, 179389, 9
554, 89, 2, 3, 0, 0, 36.00%, 0, 0, 2, 323.97, 181065, 9
559, 89, 2, 3, 0, 0, 36.00%, 0, 0, 2, 323.02, 182738, 9
564, 90, 2, 3, 0, 0, 36.00%, 0, 0, 2, 328.04, 184397, 9
570, 91, 2, 3, 0, 0, 36.00%, 0, 0, 2, 327.37, 186064, 9
575, 92, 2, 3, 0, 0, 36.00%, 0, 0, 2, 325.60, 187725, 9
580, 92, 0, 3, 0, 0, 36.00%, 0, 0, 2, 323.20, 189405, 9
585, 93, 0, 3, 0, 0, 36.00%, 0, 0, 2, 323.30, 191090, 9
590, 94, 0, 3, 0, 0, 36.00%, 0, 0, 2, 324.63, 192790, 9
595, 94, 0, 3, 0, 0, 36.00%, 0, 0, 2, 321.09, 194439, 9
601, 94, 2, 3, 0, 0, 36.00%, 0, 0, 2, 323.39, 196102, 9
606, 96, 2, 3, 0, 0, 36.00%, 0, 0, 2, 326.45, 197800, 9
611, 96, 0, 3, 0, 0, 36.00%, 0, 0, 2, 322.86, 199483, 9
616, 97, 0, 3, 0, 0, 36.00%, 0, 0, 2, 321.35, 201147, 9
621, 97, 2, 3, 0, 0, 36.00%, 0, 0, 2, 324.32, 202816, 9
626, 98, 2, 3, 0, 0, 36.00%, 0, 0, 2, 322.74, 204483, 9
631, 99, 2, 3, 0, 0, 36.00%, 0, 0, 2, 328.83, 206142, 9
637, 100, 2, 3, 0, 0, 36.00%, 0, 0, 2, 330.37, 207855, 9
642, 102, 2, 3, 0, 0, 36.00%, 0, 0, 2, 329.10, 209499, 9
647, 103, 2, 3, 0, 0, 36.00%, 0, 0, 2, 327.98, 211194, 9
652, 104, 2, 3, 0, 0, 36.00%, 0, 0, 2, 324.28, 212855, 9
657, 104, 0, 3, 0, 0, 36.00%, 0, 0, 2, 320.22, 214511, 9
662, 105, 2, 3, 0, 0, 36.00%, 0, 0, 2, 326.63, 216217, 9
667, 106, 0, 3, 0, 0, 36.00%, 0, 0, 2, 322.19, 217885, 9
673, 106, 0, 3, 0, 0, 36.00%, 0, 0, 2, 320.13, 219546, 9
678, 107, 0, 3, 0, 0, 36.00%, 0, 0, 2, 320.42, 221210, 9
683, 108, 2, 3, 0, 0, 36.00%, 0, 0, 2, 327.08, 222916, 9
688, 110, 2, 3, 0, 0, 36.00%, 0, 0, 2, 329.92, 224581, 9
693, 110, 2, 3, 0, 0, 36.00%, 0, 0, 2, 324.03, 226248, 9
698, 112, 2, 3, 0, 0, 36.00%, 0, 0, 2, 329.44, 227967, 9
703, 113, 2, 3, 0, 0, 36.00%, 0, 0, 2, 329.22, 229617, 9
709, 114, 2, 3, 0, 0, 36.00%, 0, 0, 2, 326.05, 231281, 9
714, 114, 0, 3, 0, 0, 36.00%, 0, 0, 2, 324.88, 232967, 9
719, 115, 2, 3, 0, 0, 36.00%, 0, 0, 2, 328.25, 234625, 9
724, 116, 0, 3, 0, 0, 36.00%, 0, 0, 2, 325.99, 236320, 9
729, 117, 0, 3, 0, 0, 36.00%, 0, 0, 2, 323.43, 237984, 9
734, 117, 2, 3, 0, 0, 36.00%, 0, 0, 2, 326.05, 239618, 9
739, 118, 0, 3, 0, 0, 36.00%, 0, 0, 2, 323.46, 241292, 9
744, 119, 2, 3, 0, 0, 36.00%, 0, 0, 2, 327.34, 242974, 9
749, 121, 2, 3, 0, 0, 36.00%, 0, 0, 2, 329.94, 244642, 9
755, 121, 2, 3, 0, 0, 36.00%, 0, 0, 2, 323.01, 246306, 9
760, 122, 2, 3, 0, 0, 36.00%, 0, 0, 2, 322.45, 247961, 9
765, 123, 0, 3, 0, 0, 36.00%, 0, 0, 2, 323.98, 249638, 9
770, 123, 0, 3, 0, 0, 36.00%, 0, 0, 2, 321.80, 251302, 9
775, 124, 2, 3, 0, 0, 36.00%, 0, 0, 2, 323.09, 252962, 9
780, 124, 0, 3, 0, 0, 36.00%, 0, 0, 2, 322.22, 254630, 9
786, 125, 2, 3, 0, 0, 36.00%, 0, 0, 2, 327.74, 256336, 9
791, 126, 0, 3, 0, 0, 36.00%, 0, 0, 2, 323.48, 257995, 9
796, 127, 2, 3, 0, 0, 36.00%, 0, 0, 2, 323.56, 259658, 9
801, 128, 0, 3, 0, 0, 36.00%, 0, 0, 2, 324.74, 261347, 9
806, 128, 0, 3, 0, 0, 36.00%, 0, 0, 2, 320.69, 262995, 9
811, 128, 0, 3, 0, 0, 36.00%, 0, 0, 2, 322.63, 264653, 9
817, 129, 2, 3, 0, 0, 36.00%, 0, 0, 2, 325.30, 266326, 9
822, 130, 2, 3, 0, 0, 36.00%, 0, 0, 2, 328.13, 268030, 9
827, 131, 0, 3, 0, 0, 36.00%, 0, 0, 2, 322.95, 269692, 9
832, 132, 2, 3, 0, 0, 36.00%, 0, 0, 2, 327.93, 271338, 9
837, 133, 2, 3, 0, 0, 36.00%, 0, 0, 2, 327.06, 273018, 9
842, 134, 2, 3, 0, 0, 36.00%, 0, 0, 2, 326.80, 274659, 9
847, 135, 2, 3, 0, 0, 36.00%, 0, 0, 2, 328.65, 276357, 9
852, 136, 2, 3, 0, 0, 36.00%, 0, 0, 2, 323.95, 278030, 9
857, 136, 2, 3, 0, 0, 36.00%, 0, 0, 2, 322.21, 279640, 9
862, 137, 0, 3, 0, 0, 36.00%, 0, 0, 2, 323.55, 281299, 9
868, 138, 0, 3, 0, 0, 36.00%, 0, 0, 2, 324.99, 282993, 9
873, 139, 0, 3, 0, 0, 36.00%, 0, 0, 2, 326.24, 284675, 9
878, 139, 0, 3, 0, 0, 36.00%, 0, 0, 2, 323.55, 286345, 9
883, 140, 2, 3, 0, 0, 36.00%, 0, 0, 2, 324.55, 288006, 9
888, 141, 0, 3, 0, 0, 36.00%, 0, 0, 2, 323.48, 289692, 9
894, 142, 2, 3, 0, 0, 36.00%, 0, 0, 2, 325.88, 291368, 9
899, 143, 0, 3, 0, 0, 36.00%, 0, 0, 2, 324.85, 293063, 9
904, 144, 2, 3, 0, 0, 36.00%, 0, 0, 2, 328.87, 294769, 9
909, 145, 2, 3, 0, 0, 36.00%, 0, 0, 2, 324.67, 296436, 9
914, 145, 1, 3, 0, 0, 36.00%, 0, 0, 2, 322.77, 298091, 9
919, 146, 0, 3, 0, 0, 36.00%, 0, 0, 2, 324.22, 299780, 9
924, 147, 0, 3, 0, 0, 36.00%, 0, 0, 2, 322.54, 301399, 9
929, 147, 0, 3, 0, 0, 36.00%, 0, 0, 2, 320.35, 303006, 9
935, 148, 0, 3, 0, 0, 36.00%, 0, 0, 2, 321.17, 304673, 9
940, 149, 2, 3, 0, 0, 36.00%, 0, 0, 2, 323.27, 306334, 9
945, 150, 0, 3, 0, 0, 36.00%, 0, 0, 2, 325.54, 308035, 9
950, 150, 0, 3, 0, 0, 36.00%, 0, 0, 2, 325.12, 309717, 9
955, 151, 2, 3, 0, 0, 36.00%, 0, 0, 2, 325.50, 311390, 9
960, 151, 0, 3, 0, 0, 36.00%, 0, 0, 2, 322.38, 313064, 9
966, 152, 0, 3, 0, 0, 36.00%, 0, 0, 2, 323.95, 314755, 9
971, 153, 2, 3, 0, 0, 36.00%, 0, 0, 2, 325.16, 316419, 9
976, 154, 2, 3, 0, 0, 36.00%, 0, 0, 2, 327.85, 318129, 9
981, 155, 0, 3, 0, 0, 36.00%, 0, 0, 2, 324.22, 319818, 9
986, 156, 0, 3, 0, 0, 36.00%, 0, 0, 2, 326.10, 321503, 9
992, 156, 0, 3, 0, 0, 36.00%, 0, 0, 2, 320.81, 323152, 9
997, 157, 2, 3, 0, 0, 36.00%, 0, 0, 2, 326.26, 324855, 9
1002, 158, 2, 3, 0, 0, 36.00%, 0, 0, 2, 327.94, 326562, 9
1007, 159, 0, 3, 0, 0, 36.00%, 0, 0, 2, 324.28, 328227, 9
1012, 160, 2, 3, 0, 0, 36.00%, 0, 0, 2, 328.40, 329927, 9
1017, 161, 0, 3, 0, 0, 36.00%, 0, 0, 2, 326.42, 331622, 9
1023, 162, 0, 3, 0, 0, 36.00%, 0, 0, 2, 324.98, 333295, 9
1028, 162, 0, 3, 0, 0, 36.00%, 0, 0, 2, 321.37, 334944, 9
1033, 163, 2, 3, 0, 0, 36.00%, 0, 0, 2, 326.26, 336641, 9
1038, 164, 2, 3, 0, 0, 36.00%, 0, 0, 2, 328.33, 338332, 9
1043, 165, 0, 3, 0, 0, 36.00%, 0, 0, 2, 328.58, 340034, 9
1048, 166, 2, 3, 0, 0, 36.00%, 0, 0, 2, 326.13, 341707, 9
1054, 166, 0, 3, 0, 0, 36.00%, 0, 0, 2, 320.11, 343355, 9
1059, 168, 1, 3, 0, 0, 36.00%, 0, 0, 2, 327.22, 345028, 9
1064, 169, 2, 3, 0, 0, 36.00%, 0, 0, 2, 328.39, 346669, 9
1069, 170, 2, 3, 0, 0, 36.00%, 0, 0, 2, 325.33, 348351, 9
1074, 171, 2, 3, 0, 0, 36.00%, 0, 0, 2, 327.60, 350055, 9
1079, 172, 0, 3, 0, 0, 36.00%, 0, 0, 2, 317.67, 351684, 9
1084, 173, 2, 3, 0, 0, 36.00%, 0, 0, 2, 324.75, 353357, 9
1086, 173, 2, 3, 0, 0, 36.00%, 1, 0, 2, 316.28, 353876, 9
