# relative_time, cycles_done, cur_item, corpus_count, pending_total, pending_favs, map_size, saved_crashes, saved_hangs, max_depth, execs_per_sec, total_execs, edges_found
61, 7, 2, 3, 0, 0, 30.43%, 0, 0, 2, 325.21, 20044, 7
66, 8, 2, 3, 0, 0, 30.43%, 0, 0, 2, 324.71, 21708, 7
71, 9, 2, 3, 0, 0, 30.43%, 0, 0, 2, 327.16, 23400, 7
76, 10, 2, 3, 0, 0, 30.43%, 0, 0, 2, 325.52, 25064, 7
82, 10, 2, 3, 0, 0, 30.43%, 0, 0, 2, 325.66, 26732, 7
87, 11, 0, 3, 0, 0, 30.43%, 0, 0, 2, 325.98, 28406, 7
92, 11, 2, 3, 0, 0, 30.43%, 0, 0, 2, 325.79, 30077, 7
97, 12, 2, 3, 0, 0, 30.43%, 0, 0, 2, 324.89, 31747, 7
102, 13, 0, 3, 0, 0, 30.43%, 0, 0, 2, 324.88, 33409, 7
107, 13, 0, 3, 0, 0, 30.43%, 0, 0, 2, 325.34, 35074, 7
112, 14, 2, 3, 0, 0, 30.43%, 0, 0, 2, 324.44, 36737, 7
117, 15, 1, 3, 0, 0, 30.43%, 0, 0, 2, 326.08, 38407, 7
123, 16, 0, 3, 0, 0, 30.43%, 0, 0, 2, 326.15, 40085, 7
128, 16, 2, 3, 0, 0, 30.43%, 0, 0, 2, 324.17, 41756, 7
133, 17, 2, 3, 0, 0, 30.43%, 0, 0, 2, 326.52, 43432, 7
138, 18, 2, 3, 0, 0, 30.43%, 0, 0, 2, 325.05, 45088, 7
143, 19, 0, 3, 0, 0, 30.43%, 0, 0, 2, 325.06, 46770, 7
148, 20, 2, 3, 0, 0, 30.43%, 0, 0, 2, 324.83, 48427, 7
153, 20, 0, 3, 0, 0, 30.43%, 0, 0, 2, 325.50, 50091, 7
158, 21, 1, 3, 0, 0, 30.43%, 0, 0, 2, 325.48, 51748, 7
164, 22, 2, 3, 0, 0, 30.43%, 0, 0, 2, 326.25, 53422, 7
169, 23, 2, 3, 0, 0, 30.43%, 0, 0, 2, 325.25, 55084, 7
174, 23, 2, 3, 0, 0, 30.43%, 0, 0, 2, 319.82, 56706, 7
179, 24, 2, 3, 0, 0, 30.43%, 0, 0, 2, 325.17, 58381, 7
184, 25, 1, 3, 0, 0, 30.43%, 0, 0, 2, 326.38, 60051, 7
189, 26, 2, 3, 0, 0, 30.43%, 0, 0, 2, 324.51, 61719, 7
194, 27, 2, 3, 0, 0, 30.43%, 0, 0, 2, 324.97, 63377, 7
199, 28, 0, 3, 0, 0, 30.43%, 0, 0, 2, 325.26, 65035, 7
205, 28, 2, 3, 0, 0, 30.43%, 0, 0, 2, 325.16, 66698, 7
210, 29, 2, 3, 0, 0, 30.43%, 0, 0, 2, 325.30, 68360, 7
215, 30, 2, 3, 0, 0, 30.43%, 0, 0, 2, 325.96, 70030, 7
220, 31, 2, 3, 0, 0, 30.43%, 0, 0, 2, 324.30, 71694, 7
225, 31, 2, 3, 0, 0, 30.43%, 0, 0, 2, 323.55, 73350, 7
230, 32, 0, 3, 0, 0, 30.43%, 0, 0, 2, 325.10, 75010, 7
235, 33, 0, 3, 0, 0, 30.43%, 0, 0, 2, 324.65, 76689, 7
240, 33, 2, 3, 0, 0, 30.43%, 0, 0, 2, 322.10, 78346, 7
246, 34, 2, 3, 0, 0, 30.43%, 0, 0, 2, 324.48, 80016, 7
251, 35, 0, 3, 0, 0, 30.43%, 0, 0, 2, 325.16, 81672, 7
256, 35, 0, 3, 0, 0, 30.43%, 0, 0, 2, 324.61, 83333, 7
261, 36, 2, 3, 0, 0, 30.43%, 0, 0, 2, 326.15, 85004, 7
266, 37, 2, 3, 0, 0, 30.43%, 0, 0, 2, 326.18, 86680, 7
271, 38, 2, 3, 0, 0, 30.43%, 0, 0, 2, 325.13, 88344, 7
276, 38, 2, 3, 0, 0, 30.43%, 0, 0, 2, 325.12, 90000, 7
281, 39, 2, 3, 0, 0, 30.43%, 0, 0, 2, 326.94, 91682, 7
287, 40, 2, 3, 0, 0, 30.43%, 0, 0, 2, 326.20, 93350, 7
292, 41, 2, 3, 0, 0, 30.43%, 0, 0, 2, 325.93, 95020, 7
297, 42, 2, 3, 0, 0, 30.43%, 0, 0, 2, 325.48, 96684, 7
302, 43, 2, 3, 0, 0, 30.43%, 0, 0, 2, 324.08, 98340, 7
306, 43, 2, 3, 0, 0, 30.43%, 1, 0, 2, 314.06, 99457, 7
