# relative_time, cycles_done, cur_item, corpus_count, pending_total, pending_favs, map_size, saved_crashes, saved_hangs, max_depth, execs_per_sec, total_execs, edges_found
61, 12, 1, 3, 0, 0, 32.26%, 0, 0, 2, 324.76, 20320, 10
66, 13, 2, 3, 0, 0, 32.26%, 0, 0, 2, 329.90, 21982, 10
72, 14, 2, 3, 0, 0, 32.26%, 0, 0, 2, 327.00, 23677, 10
77, 15, 1, 3, 0, 0, 32.26%, 0, 0, 2, 330.43, 25351, 10
82, 16, 1, 3, 0, 0, 32.26%, 0, 0, 2, 329.41, 27055, 10
87, 17, 0, 3, 0, 0, 32.26%, 0, 0, 2, 322.73, 28714, 10
92, 18, 2, 3, 0, 0, 32.26%, 0, 0, 2, 325.78, 30414, 10
97, 19, 1, 3, 0, 0, 32.26%, 0, 0, 2, 318.51, 32055, 10
103, 20, 0, 3, 0, 0, 32.26%, 0, 0, 2, 320.05, 33735, 10
108, 21, 1, 3, 0, 0, 32.26%, 0, 0, 2, 326.58, 35432, 10
113, 22, 1, 3, 0, 0, 32.26%, 0, 0, 2, 329.15, 37085, 10
118, 23, 1, 3, 0, 0, 32.26%, 0, 0, 2, 329.23, 38729, 10
123, 24, 1, 3, 0, 0, 32.26%, 0, 0, 2, 328.53, 40439, 10
128, 25, 2, 3, 0, 0, 32.26%, 0, 0, 2, 321.41, 42100, 10
133, 26, 1, 3, 0, 0, 32.26%, 0, 0, 2, 328.33, 43809, 10
138, 27, 1, 3, 0, 0, 32.26%, 0, 0, 2, 325.10, 45474, 10
144, 27, 2, 3, 0, 0, 32.26%, 0, 0, 2, 323.12, 47153, 10
149, 28, 1, 3, 0, 0, 32.26%, 0, 0, 2, 322.73, 48820, 10
154, 29, 1, 3, 0, 0, 32.26%, 0, 0, 2, 329.24, 50479, 10
159, 30, 1, 3, 0, 0, 32.26%, 0, 0, 2, 328.67, 52165, 10
164, 31, 1, 3, 0, 0, 32.26%, 0, 0, 2, 329.56, 53875, 10
169, 32, 2, 3, 0, 0, 32.26%, 0, 0, 2, 327.83, 55573, 10
174, 33, 1, 3, 0, 0, 32.26%, 0, 0, 2, 324.05, 57237, 10
180, 34, 0, 3, 0, 0, 32.26%, 0, 0, 2, 324.91, 58926, 10
185, 35, 1, 3, 0, 0, 32.26%, 0, 0, 2, 327.66, 60620, 10
190, 36, 2, 3, 0, 0, 32.26%, 0, 0, 2, 320.59, 62265, 10
195, 37, 0, 3, 0, 0, 32.26%, 0, 0, 2, 323.47, 63939, 10
200, 37, 1, 3, 0, 0, 32.26%, 0, 0, 2, 325.20, 65621, 10
206, 38, 0, 3, 0, 0, 32.26%, 0, 0, 2, 324.48, 67304, 10
211, 39, 0, 3, 0, 0, 32.26%, 0, 0, 2, 320.16, 68956, 10
216, 40, 1, 3, 0, 0, 32.26%, 0, 0, 2, 326.22, 70638, 10
221, 41, 1, 3, 0, 0, 32.26%, 0, 0, 2, 328.56, 72294, 10
226, 42, 2, 3, 0, 0, 32.26%, 0, 0, 2, 327.03, 73926, 10
231, 43, 0, 3, 0, 0, 32.26%, 0, 0, 2, 324.19, 75591, 10
236, 44, 1, 3, 0, 0, 32.26%, 0, 0, 2, 326.45, 77264, 10
241, 45, 1, 3, 0, 0, 32.26%, 0, 0, 2, 328.98, 78962, 10
246, 46, 2, 3, 0, 0, 32.26%, 0, 0, 2, 326.28, 80648, 10
252, 46, 1, 3, 0, 0, 32.26%, 0, 0, 2, 324.57, 82318, 10
257, 48, 2, 3, 0, 0, 32.26%, 0, 0, 2, 327.85, 83968, 10
262, 49, 0, 3, 0, 0, 32.26%, 0, 0, 2, 326.05, 85663, 10
267, 49, 0, 3, 0, 0, 32.26%, 0, 0, 2, 323.75, 87333, 10
272, 50, 1, 3, 0, 0, 32.26%, 0, 0, 2, 324.02, 89009, 10
277, 51, 2, 3, 0, 0, 32.26%, 0, 0, 2, 327.40, 90659, 10
282, 52, 2, 3, 0, 0, 32.26%, 0, 0, 2, 319.88, 92302, 10
288, 52, 1, 3, 0, 0, 32.26%, 0, 0, 2, 321.84, 93966, 10
293, 53, 1, 3, 0, 0, 32.26%, 0, 0, 2, 322.93, 95627, 10
298, 54, 1, 3, 0, 0, 32.26%, 0, 0, 2, 326.98, 97319, 10
303, 55, 1, 3, 0, 0, 32.26%, 0, 0, 2, 328.51, 99011, 10
308, 56, 0, 3, 0, 0, 32.26%, 0, 0, 2, 325.12, 100700, 10
313, 56, 1, 3, 0, 0, 32.26%, 0, 0, 2, 322.71, 102366, 10
319, 57, 0, 3, 0, 0, 32.26%, 0, 0, 2, 323.07, 104040, 10
324, 58, 0, 3, 0, 0, 32.26%, 0, 0, 2, 325.48, 105725, 10
329, 58, 1, 3, 0, 0, 32.26%, 0, 0, 2, 324.74, 107401, 10
334, 59, 0, 3, 0, 0, 32.26%, 0, 0, 2, 322.51, 109069, 10
339, 59, 1, 3, 0, 0, 32.26%, 0, 0, 2, 321.13, 110717, 10
344, 60, 1, 3, 0, 0, 32.26%, 0, 0, 2, 325.78, 112412, 10
350, 62, 1, 3, 0, 0, 32.26%, 0, 0, 2, 328.22, 114122, 10
355, 62, 1, 3, 0, 0, 32.26%, 0, 0, 2, 324.42, 115783, 10
360, 63, 0, 3, 0, 0, 32.26%, 0, 0, 2, 323.08, 117463, 10
365, 64, 0, 3, 0, 0, 32.26%, 0, 0, 2, 325.32, 119139, 10
370, 64, 1, 3, 0, 0, 32.26%, 0, 0, 2, 324.09, 120800, 10
375, 66, 2, 3, 0, 0, 32.26%, 0, 0, 2, 328.27, 122450, 10
380, 66, 2, 3, 0, 0, 32.26%, 0, 0, 2, 323.63, 124123, 10
386, 67, 1, 3, 0, 0, 32.26%, 0, 0, 2, 328.53, 125830, 10
391, 68, 1, 3, 0, 0, 32.26%, 0, 0, 2, 324.80, 127497, 10
396, 69, 1, 3, 0, 0, 32.26%, 0, 0, 2, 321.76, 129171, 10
401, 70, 0, 3, 0, 0, 32.26%, 0, 0, 2, 323.40, 130845, 10
406, 70, 0, 3, 0, 0, 32.26%, 0, 0, 2, 321.52, 132494, 10
411, 71, 1, 3, 0, 0, 32.26%, 0, 0, 2, 326.57, 134170, 10
417, 72, 0, 3, 0, 0, 32.26%, 0, 0, 2, 322.18, 135844, 10
422, 73, 1, 3, 0, 0, 32.26%, 0, 0, 2, 325.96, 137526, 10
427, 73, 2, 3, 0, 0, 32.26%, 0, 0, 2, 324.36, 139181, 10
432, 74, 0, 3, 0, 0, 32.26%, 0, 0, 2, 326.59, 140888, 10
437, 75, 2, 3, 0, 0, 32.26%, 0, 0, 2, 326.85, 142564, 10
442, 76, 2, 3, 0, 0, 32.26%, 0, 0, 2, 327.97, 144211, 10
447, 77, 1, 3, 0, 0, 32.26%, 0, 0, 2, 326.99, 145836, 10
452, 78, 1, 3, 0, 0, 32.26%, 0, 0, 2, 329.23, 147486, 10
457, 79, 2, 3, 0, 0, 32.26%, 0, 0, 2, 329.06, 149133, 10
462, 80, 1, 3, 0, 0, 32.26%, 0, 0, 2, 326.74, 150819, 10
468, 81, 1, 3, 0, 0, 32.26%, 0, 0, 2, 328.55, 152535, 10
473, 82, 0, 3, 0, 0, 32.26%, 0, 0, 2, 323.87, 154218, 10
478, 83, 0, 3, 0, 0, 32.26%, 0, 0, 2, 325.03, 155909, 10
483, 83, 0, 3, 0, 0, 32.26%, 0, 0, 2, 322.75, 157573, 10
488, 84, 2, 3, 0, 0, 32.26%, 0, 0, 2, 325.61, 159255, 10
493, 85, 1, 3, 0, 0, 32.26%, 0, 0, 2, 327.89, 160953, 10
499, 87, 1, 3, 0, 0, 32.26%, 0, 0, 2, 328.81, 162663, 10
504, 88, 1, 3, 0, 0, 32.26%, 0, 0, 2, 330.71, 164328, 10
509, 89, 1, 3, 0, 0, 32.26%, 0, 0, 2, 329.63, 165978, 10
514, 90, 1, 3, 0, 0, 32.26%, 0, 0, 2, 329.94, 167700, 10
519, 91, 2, 3, 0, 0, 32.26%, 0, 0, 2, 328.35, 169398, 10
524, 92, 0, 3, 0, 0, 32.26%, 0, 0, 2, 323.65, 171081, 10
529, 93, 1, 3, 0, 0, 32.26%, 0, 0, 2, 325.45, 172760, 10
535, 93, 0, 3, 0, 0, 32.26%, 0, 0, 2, 321.89, 174412, 10
540, 94, 1, 3, 0, 0, 32.26%, 0, 0, 2, 324.84, 176088, 10
545, 94, 1, 3, 0, 0, 32.26%, 0, 0, 2, 325.01, 177776, 10
550, 95, 1, 3, 0, 0, 32.26%, 0, 0, 2, 322.59, 179443, 10
555, 96, 2, 3, 0, 0, 32.26%, 0, 0, 2, 326.94, 181141, 10
560, 97, 1, 3, 0, 0, 32.26%, 0, 0, 2, 322.61, 182796, 10
566, 98, 0, 3, 0, 0, 32.26%, 0, 0, 2, 324.54, 184461, 10
571, 98, 0, 3, 0, 0, 32.26%, 0, 0, 2, 323.63, 186113, 10
576, 98, 0, 3, 0, 0, 32.26%, 0, 0, 2, 321.60, 187762, 10
581, 99, 2, 3, 0, 0, 32.26%, 0, 0, 2, 323.77, 189447, 10
586, 100, 1, 3, 0, 0, 32.26%, 0, 0, 2, 324.68, 191114, 10
591, 101, 1, 3, 0, 0, 32.26%, 0, 0, 2, 323.79, 192769, 10
596, 102, 1, 3, 0, 0, 32.26%, 0, 0, 2, 328.31, 194470, 10
602, 103, 1, 3, 0, 0, 32.26%, 0, 0, 2, 329.16, 196186, 10
607, 104, 1, 3, 0, 0, 32.26%, 0, 0, 2, 327.89, 197884, 10
612, 105, 2, 3, 0, 0, 32.26%, 0, 0, 2, 327.31, 199576, 10
617, 106, 0, 3, 0, 0, 32.26%, 0, 0, 2, 325.52, 201265, 10
622, 107, 1, 3, 0, 0, 32.26%, 0, 0, 2, 324.18, 202935, 10
628, 107, 1, 3, 0, 0, 32.26%, 0, 0, 2, 323.32, 204617, 10
633, 108, 2, 3, 0, 0, 32.26%, 0, 0, 2, 321.77, 206278, 10
638, 109, 1, 3, 0, 0, 32.26%, 0, 0, 2, 326.44, 207916, 10
643, 110, 2, 3, 0, 0, 32.26%, 0, 0, 2, 326.94, 209617, 10
648, 111, 1, 3, 0, 0, 32.26%, 0, 0, 2, 325.82, 211309, 10
653, 112, 0, 3, 0, 0, 32.26%, 0, 0, 2, 324.69, 212998, 10
658, 113, 0, 3, 0, 0, 32.26%, 0, 0, 2, 324.59, 214668, 10
664, 114, 1, 3, 0, 0, 32.26%, 0, 0, 2, 324.09, 216326, 10
669, 115, 2, 3, 0, 0, 32.26%, 0, 0, 2, 326.66, 218030, 10
674, 115, 2, 3, 0, 0, 32.26%, 0, 0, 2, 323.18, 219697, 10
679, 117, 1, 3, 0, 0, 32.26%, 0, 0, 2, 324.09, 221365, 10
684, 117, 0, 3, 0, 0, 32.26%, 0, 0, 2, 321.59, 223027, 10
689, 118, 1, 3, 0, 0, 32.26%, 0, 0, 2, 320.75, 224696, 10
695, 119, 1, 3, 0, 0, 32.26%, 0, 0, 2, 324.55, 226364, 10
700, 119, 1, 3, 0, 0, 32.26%, 0, 0, 2, 323.96, 228034, 10
705, 120, 0, 3, 0, 0, 32.26%, 0, 0, 2, 323.77, 229720, 10
710, 121, 0, 3, 0, 0, 32.26%, 0, 0, 2, 320.36, 231360, 10
715, 121, 1, 3, 0, 0, 32.26%, 0, 0, 2, 325.12, 232985, 10
720, 123, 1, 3, 0, 0, 32.26%, 0, 0, 2, 327.08, 234683, 10
725, 124, 1, 3, 0, 0, 32.26%, 0, 0, 2, 328.47, 236381, 10
730, 125, 1, 3, 0, 0, 32.26%, 0, 0, 2, 328.17, 238025, 10
736, 126, 1, 3, 0, 0, 32.26%, 0, 0, 2, 325.47, 239717, 10
741, 127, 2, 3, 0, 0, 32.26%, 0, 0, 2, 322.02, 241369, 10
746, 128, 1, 3, 0, 0, 32.26%, 0, 0, 2, 327.15, 243067, 10
751, 129, 1, 3, 0, 0, 32.26%, 0, 0, 2, 328.72, 244771, 10
756, 130, 0, 3, 0, 0, 32.26%, 0, 0, 2, 324.47, 246448, 10
761, 131, 1, 3, 0, 0, 32.26%, 0, 0, 2, 325.64, 248115, 10
767, 132, 0, 3, 0, 0, 32.26%, 0, 0, 2, 325.77, 249801, 10
772, 132, 0, 3, 0, 0, 32.26%, 0, 0, 2, 319.72, 251447, 10
777, 133, 1, 3, 0, 0, 32.26%, 0, 0, 2, 327.20, 253141, 10
782, 133, 1, 3, 0, 0, 32.26%, 0, 0, 2, 324.11, 254805, 10
787, 135, 1, 3, 0, 0, 32.26%, 0, 0, 2, 327.08, 256509, 10
793, 136, 1, 3, 0, 0, 32.26%, 0, 0, 2, 326.89, 258201, 10
798, 137, 1, 3, 0, 0, 32.26%, 0, 0, 2, 326.63, 259893, 10
803, 138, 0, 3, 0, 0, 32.26%, 0, 0, 2, 324.46, 261573, 10
808, 139, 1, 3, 0, 0, 32.26%, 0, 0, 2, 325.34, 263255, 10
813, 139, 1, 3, 0, 0, 32.26%, 0, 0, 2, 323.48, 264910, 10
818, 140, 1, 3, 0, 0, 32.26%, 0, 0, 2, 326.64, 266590, 10
824, 141, 0, 3, 0, 0, 32.26%, 0, 0, 2, 322.49, 268252, 10
829, 142, 1, 3, 0, 0, 32.26%, 0, 0, 2, 325.06, 269934, 10
834, 143, 0, 3, 0, 0, 32.26%, 0, 0, 2, 324.98, 271605, 10
839, 144, 2, 3, 0, 0, 32.26%, 0, 0, 2, 323.33, 273260, 10
844, 144, 0, 3, 0, 0, 32.26%, 0, 0, 2, 321.05, 274919, 10
849, 145, 2, 3, 0, 0, 32.26%, 0, 0, 2, 325.94, 276619, 10
854, 146, 1, 3, 0, 0, 32.26%, 0, 0, 2, 322.86, 278274, 10
860, 147, 1, 3, 0, 0, 32.26%, 0, 0, 2, 327.80, 279975, 10
865, 148, 2, 3, 0, 0, 32.26%, 0, 0, 2, 326.02, 281661, 10
870, 149, 2, 3, 0, 0, 32.26%, 0, 0, 2, 328.02, 283317, 10
875, 151, 1, 3, 0, 0, 32.26%, 0, 0, 2, 328.26, 285009, 10
880, 152, 1, 3, 0, 0, 32.26%, 0, 0, 2, 327.22, 286713, 10
885, 153, 2, 3, 0, 0, 32.26%, 0, 0, 2, 326.64, 288396, 10
890, 153, 0, 3, 0, 0, 32.26%, 0, 0, 2, 320.55, 290007, 10
895, 155, 2, 3, 0, 0, 32.26%, 0, 0, 2, 325.93, 291641, 10
901, 156, 1, 3, 0, 0, 32.26%, 0, 0, 2, 327.24, 293336, 10
906, 157, 1, 3, 0, 0, 32.26%, 0, 0, 2, 326.79, 295022, 10
911, 158, 0, 3, 0, 0, 32.26%, 0, 0, 2, 327.61, 296708, 10
916, 159, 1, 3, 0, 0, 32.26%, 0, 0, 2, 325.70, 298375, 10
921, 160, 1, 3, 0, 0, 32.26%, 0, 0, 2, 328.62, 300070, 10
926, 161, 1, 3, 0, 0, 32.26%, 0, 0, 2, 328.53, 301744, 10
931, 162, 1, 3, 0, 0, 32.26%, 0, 0, 2, 328.73, 303454, 10
937, 163, 1, 3, 0, 0, 32.26%, 0, 0, 2, 324.62, 305128, 10
942, 164, 0, 3, 0, 0, 32.26%, 0, 0, 2, 321.45, 306795, 10
947, 164, 1, 3, 0, 0, 32.26%, 0, 0, 2, 324.32, 308459, 10
952, 165, 2, 3, 0, 0, 32.26%, 0, 0, 2, 328.85, 310175, 10
957, 167, 1, 3, 0, 0, 32.26%, 0, 0, 2, 330.46, 311831, 10
962, 168, 1, 3, 0, 0, 32.26%, 0, 0, 2, 326.91, 313505, 10
967, 168, 0, 3, 0, 0, 32.26%, 0, 0, 2, 323.62, 315179, 10
973, 169, 1, 3, 0, 0, 32.26%, 0, 0, 2, 327.78, 316867, 10
978, 171, 0, 3, 0, 0, 32.26%, 0, 0, 2, 327.53, 318511, 10
983, 171, 1, 3, 0, 0, 32.26%, 0, 0, 2, 325.35, 320169, 10
988, 172, 0, 3, 0, 0, 32.26%, 0, 0, 2, 326.59, 321819, 10
993, 173, 1, 3, 0, 0, 32.26%, 0, 0, 2, 324.72, 323474, 10
998, 174, 1, 3, 0, 0, 32.26%, 0, 0, 2, 326.78, 325172, 10
1003, 175, 1, 3, 0, 0, 32.26%, 0, 0, 2, 325.87, 326861, 10
1008, 176, 1, 3, 0, 0, 32.26%, 0, 0, 2, 326.24, 328553, 10
1014, 177, 0, 3, 0, 0, 32.26%, 0, 0, 2, 323.96, 330227, 10
1019, 178, 1, 3, 0, 0, 32.26%, 0, 0, 2, 324.75, 331894, 10
1024, 179, 1, 3, 0, 0, 32.26%, 0, 0, 2, 327.13, 333589, 10
1029, 180, 1, 3, 0, 0, 32.26%, 0, 0, 2, 327.36, 335287, 10
1034, 181, 0, 3, 0, 0, 32.26%, 0, 0, 2, 324.73, 336979, 10
1039, 182, 1, 3, 0, 0, 32.26%, 0, 0, 2, 326.72, 338670, 10
1045, 183, 1, 3, 0, 0, 32.26%, 0, 0, 2, 327.66, 340326, 10
1050, 184, 1, 3, 0, 0, 32.26%, 0, 0, 2, 328.24, 342021, 10
1055, 185, 2, 3, 0, 0, 32.26%, 0, 0, 2, 323.08, 343688, 10
1060, 186, 1, 3, 0, 0, 32.26%, 0, 0, 2, 326.92, 345368, 10
1065, 187, 1, 3, 0, 0, 32.26%, 0, 0, 2, 326.08, 347060, 10
1070, 188, 0, 3, 0, 0, 32.26%, 0, 0, 2, 323.92, 348737, 10
1075, 189, 1, 3, 0, 0, 32.26%, 0, 0, 2, 325.76, 350404, 10
1081, 190, 0, 3, 0, 0, 32.26%, 0, 0, 2, 325.48, 352099, 10
1085, 190, 1, 3, 0, 0, 32.26%, 1, 0, 2, 313.11, 353537, 10
