# relative_time, cycles_done, cur_item, corpus_count, pending_total, pending_favs, map_size, saved_crashes, saved_hangs, max_depth, execs_per_sec, total_execs, edges_found
61, 5, 0, 1, 0, 0, 25.00%, 0, 0, 1, 323.38, 19983, 2
66, 6, 0, 1, 0, 0, 25.00%, 0, 0, 1, 324.62, 21661, 2
71, 6, 0, 1, 0, 0, 25.00%, 0, 0, 1, 325.76, 23334, 2
76, 7, 0, 1, 0, 0, 25.00%, 0, 0, 1, 324.59, 24988, 2
81, 7, 0, 1, 0, 0, 25.00%, 0, 0, 1, 324.66, 26649, 2
87, 8, 0, 1, 0, 0, 25.00%, 0, 0, 1, 325.52, 28316, 2
92, 8, 0, 1, 0, 0, 25.00%, 0, 0, 1, 321.07, 29970, 2
97, 9, 0, 1, 0, 0, 25.00%, 0, 0, 1, 324.13, 31631, 2
102, 9, 0, 1, 0, 0, 25.00%, 0, 0, 1, 325.95, 33297, 2
107, 10, 0, 1, 0, 0, 25.00%, 0, 0, 1, 325.26, 34952, 2
112, 10, 0, 1, 0, 0, 25.00%, 0, 0, 1, 325.34, 36619, 2
117, 11, 0, 1, 0, 0, 25.00%, 0, 0, 1, 326.62, 38291, 2
122, 11, 0, 1, 0, 0, 25.00%, 0, 0, 1, 325.34, 39952, 2
128, 12, 0, 1, 0, 0, 25.00%, 0, 0, 1, 325.21, 41612, 2
133, 12, 0, 1, 0, 0, 25.00%, 0, 0, 1, 325.29, 43261, 2
138, 12, 0, 1, 0, 0, 25.00%, 0, 0, 1, 322.17, 44898, 2
143, 13, 0, 1, 0, 0, 25.00%, 0, 0, 1, 326.01, 46576, 2
148, 13, 0, 1, 0, 0, 25.00%, 0, 0, 1, 325.10, 48231, 2
153, 14, 0, 1, 0, 0, 25.00%, 0, 0, 1, 326.23, 49891, 2
158, 14, 0, 1, 0, 0, 25.00%, 0, 0, 1, 325.78, 51558, 2
163, 15, 0, 1, 0, 0, 25.00%, 0, 0, 1, 324.26, 53212, 2
168, 15, 0, 1, 0, 0, 25.00%, 0, 0, 1, 325.66, 54867, 2
173, 16, 0, 1, 0, 0, 25.00%, 0, 0, 1, 305.88, 56420, 2
178, 16, 0, 1, 0, 0, 25.00%, 0, 0, 1, 317.60, 58062, 2
184, 17, 0, 1, 0, 0, 25.00%, 0, 0, 1, 323.59, 59723, 2
189, 17, 0, 1, 0, 0, 25.00%, 0, 0, 1, 324.29, 61389, 2
194, 18, 0, 1, 0, 0, 25.00%, 0, 0, 1, 322.56, 63044, 2
199, 18, 0, 1, 0, 0, 25.00%, 0, 0, 1, 323.47, 64705, 2
204, 19, 0, 1, 0, 0, 25.00%, 0, 0, 1, 324.31, 66365, 2
209, 19, 0, 1, 0, 0, 25.00%, 0, 0, 1, 324.50, 68020, 2
214, 20, 0, 1, 0, 0, 25.00%, 0, 0, 1, 325.82, 69686, 2
219, 20, 0, 1, 0, 0, 25.00%, 0, 0, 1, 326.31, 71353, 2
225, 20, 0, 1, 0, 0, 25.00%, 0, 0, 1, 325.27, 73008, 2
230, 21, 0, 1, 0, 0, 25.00%, 0, 0, 1, 324.17, 74662, 2
235, 21, 0, 1, 0, 0, 25.00%, 0, 0, 1, 324.12, 76329, 2
240, 22, 0, 1, 0, 0, 25.00%, 0, 0, 1, 324.07, 77977, 2
245, 22, 0, 1, 0, 0, 25.00%, 0, 0, 1, 325.81, 79638, 2
250, 23, 0, 1, 0, 0, 25.00%, 0, 0, 1, 326.18, 81305, 2
255, 23, 0, 1, 0, 0, 25.00%, 0, 0, 1, 325.57, 82983, 2
260, 24, 0, 1, 0, 0, 25.00%, 0, 0, 1, 327.23, 84656, 2
265, 24, 0, 1, 0, 0, 25.00%, 0, 0, 1, 325.71, 86310, 2
271, 25, 0, 1, 0, 0, 25.00%, 0, 0, 1, 323.64, 87965, 2
276, 25, 0, 1, 0, 0, 25.00%, 0, 0, 1, 324.54, 89631, 2
281, 26, 0, 1, 0, 0, 25.00%, 0, 0, 1, 325.93, 91286, 2
286, 26, 0, 1, 0, 0, 25.00%, 0, 0, 1, 324.99, 92947, 2
291, 27, 0, 1, 0, 0, 25.00%, 0, 0, 1, 326.11, 94613, 2
296, 27, 0, 1, 0, 0, 25.00%, 0, 0, 1, 325.57, 96274, 2
301, 28, 0, 1, 0, 0, 25.00%, 0, 0, 1, 324.38, 97928, 2
306, 28, 0, 1, 0, 0, 25.00%, 0, 0, 1, 325.54, 99583, 2
311, 28, 0, 1, 0, 0, 25.00%, 0, 0, 1, 324.39, 101232, 2
316, 29, 0, 1, 0, 0, 25.00%, 0, 0, 1, 323.67, 102904, 2
322, 29, 0, 1, 0, 0, 25.00%, 0, 0, 1, 325.18, 104559, 2
327, 30, 0, 1, 0, 0, 25.00%, 0, 0, 1, 324.98, 106213, 2
332, 30, 0, 1, 0, 0, 25.00%, 0, 0, 1, 324.60, 107862, 2
337, 31, 0, 1, 0, 0, 25.00%, 0, 0, 1, 325.64, 109535, 2
342, 31, 0, 1, 0, 0, 25.00%, 0, 0, 1, 325.30, 111189, 2
347, 32, 0, 1, 0, 0, 25.00%, 0, 0, 1, 324.27, 112862, 2
352, 32, 0, 1, 0, 0, 25.00%, 0, 0, 1, 325.75, 114516, 2
357, 33, 0, 1, 0, 0, 25.00%, 0, 0, 1, 324.83, 116183, 2
362, 33, 0, 1, 0, 0, 25.00%, 0, 0, 1, 324.38, 117843, 2
368, 34, 0, 1, 0, 0, 25.00%, 0, 0, 1, 325.33, 119504, 2
373, 34, 0, 1, 0, 0, 25.00%, 0, 0, 1, 325.26, 121159, 2
378, 35, 0, 1, 0, 0, 25.00%, 0, 0, 1, 324.03, 122813, 2
383, 35, 0, 1, 0, 0, 25.00%, 0, 0, 1, 324.79, 124480, 2
388, 36, 0, 1, 0, 0, 25.00%, 0, 0, 1, 324.78, 126146, 2
393, 36, 0, 1, 0, 0, 25.00%, 0, 0, 1, 325.30, 127807, 2
398, 36, 0, 1, 0, 0, 25.00%, 0, 0, 1, 325.86, 129474, 2
403, 37, 0, 1, 0, 0, 25.00%, 0, 0, 1, 325.94, 131128, 2
408, 37, 0, 1, 0, 0, 25.00%, 0, 0, 1, 324.52, 132783, 2
414, 38, 0, 1, 0, 0, 25.00%, 0, 0, 1, 325.25, 134437, 2
419, 38, 0, 1, 0, 0, 25.00%, 0, 0, 1, 324.73, 136086, 2
424, 39, 0, 1, 0, 0, 25.00%, 0, 0, 1, 323.90, 137739, 2
429, 39, 0, 1, 0, 0, 25.00%, 0, 0, 1, 326.49, 139413, 2
434, 40, 0, 1, 0, 0, 25.00%, 0, 0, 1, 324.80, 141074, 2
439, 40, 0, 1, 0, 0, 25.00%, 0, 0, 1, 325.50, 142740, 2
444, 41, 0, 1, 0, 0, 25.00%, 0, 0, 1, 325.34, 144401, 2
449, 41, 0, 1, 0, 0, 25.00%, 0, 0, 1, 325.24, 146073, 2
454, 42, 0, 1, 0, 0, 25.00%, 0, 0, 1, 325.31, 147728, 2
460, 42, 0, 1, 0, 0, 25.00%, 0, 0, 1, 324.50, 149383, 2
465, 43, 0, 1, 0, 0, 25.00%, 0, 0, 1, 324.39, 151043, 2
470, 43, 0, 1, 0, 0, 25.00%, 0, 0, 1, 324.21, 152698, 2
475, 44, 0, 1, 0, 0, 25.00%, 0, 0, 1, 325.49, 154358, 2
480, 44, 0, 1, 0, 0, 25.00%, 0, 0, 1, 324.78, 156007, 2
485, 44, 0, 1, 0, 0, 25.00%, 0, 0, 1, 323.20, 157650, 2
490, 45, 0, 1, 0, 0, 25.00%, 0, 0, 1, 323.48, 159316, 2
495, 45, 0, 1, 0, 0, 25.00%, 0, 0, 1, 324.25, 160971, 2
500, 46, 0, 1, 0, 0, 25.00%, 0, 0, 1, 325.12, 162637, 2
506, 46, 0, 1, 0, 0, 25.00%, 0, 0, 1, 324.87, 164298, 2
511, 47, 0, 1, 0, 0, 25.00%, 0, 0, 1, 325.38, 165958, 2
516, 47, 0, 1, 0, 0, 25.00%, 0, 0, 1, 325.60, 167619, 2
521, 48, 0, 1, 0, 0, 25.00%, 0, 0, 1, 325.04, 169280, 2
526, 48, 0, 1, 0, 0, 25.00%, 0, 0, 1, 324.99, 170940, 2
531, 49, 0, 1, 0, 0, 25.00%, 0, 0, 1, 324.71, 172601, 2
536, 49, 0, 1, 0, 0, 25.00%, 0, 0, 1, 323.81, 174255, 2
536, 49, 0, 1, 0, 0, 25.00%, 1, 0, 1, 34.25, 174260, 2
