# relative_time, cycles_done, cur_item, corpus_count, pending_total, pending_favs, map_size, saved_crashes, saved_hangs, max_depth, execs_per_sec, total_execs, edges_found
61, 8, 0, 3, 0, 0, 32.26%, 0, 0, 2, 310.30, 19903, 10
66, 9, 0, 3, 0, 0, 32.26%, 0, 0, 2, 318.20, 21555, 10
71, 10, 1, 3, 0, 0, 32.26%, 0, 0, 2, 327.12, 23255, 10
76, 11, 2, 3, 0, 0, 32.26%, 0, 0, 2, 324.93, 24925, 10
81, 11, 2, 3, 0, 0, 32.26%, 0, 0, 2, 323.28, 26592, 10
87, 12, 0, 3, 0, 0, 32.26%, 0, 0, 2, 324.92, 28278, 10
92, 13, 2, 3, 0, 0, 32.26%, 0, 0, 2, 326.95, 29966, 10
97, 14, 2, 3, 0, 0, 32.26%, 0, 0, 2, 324.97, 31627, 10
102, 14, 0, 3, 0, 0, 32.26%, 0, 0, 2, 323.00, 33307, 10
107, 15, 0, 3, 0, 0, 32.26%, 0, 0, 2, 323.57, 34989, 10
112, 16, 2, 3, 0, 0, 32.26%, 0, 0, 2, 327.36, 36626, 10
117, 17, 2, 3, 0, 0, 32.26%, 0, 0, 2, 328.29, 38327, 10
123, 18, 0, 3, 0, 0, 32.26%, 0, 0, 2, 324.54, 40019, 10
128, 19, 0, 3, 0, 0, 32.26%, 0, 0, 2, 321.20, 41680, 10
133, 19, 0, 3, 0, 0, 32.26%, 0, 0, 2, 320.63, 43329, 10
138, 20, 2, 3, 0, 0, 32.26%, 0, 0, 2, 321.85, 44983, 10
143, 20, 0, 3, 0, 0, 32.26%, 0, 0, 2, 321.89, 46660, 10
148, 21, 2, 3, 0, 0, 32.26%, 0, 0, 2, 327.43, 48351, 10
154, 23, 2, 3, 0, 0, 32.26%, 0, 0, 2, 327.94, 50055, 10
159, 24, 2, 3, 0, 0, 32.26%, 0, 0, 2, 329.04, 51768, 10
164, 25, 2, 3, 0, 0, 32.26%, 0, 0, 2, 329.04, 53466, 10
169, 26, 2, 3, 0, 0, 32.26%, 0, 0, 2, 327.89, 55164, 10
174, 27, 2, 3, 0, 0, 32.26%, 0, 0, 2, 326.22, 56846, 10
179, 28, 2, 3, 0, 0, 32.26%, 1, 0, 2, 314.87, 58232, 10
