# relative_time, cycles_done, cur_item, corpus_count, pending_total, pending_favs, map_size, saved_crashes, saved_hangs, max_depth, execs_per_sec, total_execs, edges_found
61, 9, 2, 3, 0, 0, 36.00%, 0, 0, 2, 324.93, 20200, 9
66, 10, 0, 3, 0, 0, 36.00%, 0, 0, 2, 328.00, 21853, 9
71, 11, 0, 3, 0, 0, 36.00%, 0, 0, 2, 323.77, 23502, 9
77, 12, 0, 3, 0, 0, 36.00%, 0, 0, 2, 324.62, 25187, 9
82, 12, 0, 3, 0, 0, 36.00%, 0, 0, 2, 322.12, 26836, 9
87, 13, 2, 3, 0, 0, 36.00%, 0, 0, 2, 327.57, 28479, 9
92, 13, 0, 3, 0, 0, 36.00%, 0, 0, 2, 323.47, 30162, 9
97, 15, 0, 3, 0, 0, 36.00%, 0, 0, 2, 326.48, 31850, 9
102, 15, 2, 3, 0, 0, 36.00%, 0, 0, 2, 324.97, 33514, 9
107, 16, 0, 3, 0, 0, 36.00%, 0, 0, 2, 325.44, 35209, 9
113, 17, 2, 3, 0, 0, 36.00%, 0, 0, 2, 328.90, 36915, 9
118, 18, 0, 3, 0, 0, 36.00%, 0, 0, 2, 324.79, 38580, 9
123, 19, 2, 3, 0, 0, 36.00%, 0, 0, 2, 328.57, 40283, 9
128, 19, 2, 3, 0, 0, 36.00%, 0, 0, 2, 323.71, 41944, 9
133, 20, 1, 3, 0, 0, 36.00%, 0, 0, 2, 329.57, 43612, 9
138, 21, 2, 3, 0, 0, 36.00%, 0, 0, 2, 323.67, 45282, 9
144, 22, 2, 3, 0, 0, 36.00%, 0, 0, 2, 323.17, 46952, 9
149, 23, 2, 3, 0, 0, 36.00%, 0, 0, 2, 330.15, 48620, 9
154, 23, 0, 3, 0, 0, 36.00%, 0, 0, 2, 324.05, 50282, 9
159, 24, 2, 3, 0, 0, 36.00%, 0, 0, 2, 320.72, 51939, 9
164, 25, 2, 3, 0, 0, 36.00%, 0, 0, 2, 328.50, 53655, 9
169, 27, 2, 3, 0, 0, 36.00%, 0, 0, 2, 329.75, 55314, 9
174, 28, 2, 3, 0, 0, 36.00%, 0, 0, 2, 329.90, 56979, 9
179, 29, 0, 3, 0, 0, 36.00%, 0, 0, 2, 325.62, 58617, 9
184, 30, 0, 3, 0, 0, 36.00%, 0, 0, 2, 324.73, 60293, 9
189, 30, 2, 3, 0, 0, 36.00%, 0, 0, 2, 324.94, 61906, 9
194, 31, 0, 3, 0, 0, 36.00%, 0, 0, 2, 322.81, 63574, 9
199, 32, 2, 3, 0, 0, 36.00%, 0, 0, 2, 328.13, 65232, 9
205, 33, 2, 3, 0, 0, 36.00%, 0, 0, 2, 323.20, 66905, 9
210, 34, 2, 3, 0, 0, 36.00%, 0, 0, 2, 329.29, 68618, 9
215, 34, 2, 3, 0, 0, 36.00%, 0, 0, 2, 326.74, 70297, 9
220, 36, 0, 3, 0, 0, 36.00%, 0, 0, 2, 326.91, 71989, 9
225, 36, 2, 3, 0, 0, 36.00%, 0, 0, 2, 326.34, 73659, 9
230, 37, 2, 3, 0, 0, 36.00%, 0, 0, 2, 329.82, 75327, 9
236, 38, 0, 3, 0, 0, 36.00%, 0, 0, 2, 322.88, 77000, 9
241, 38, 0, 3, 0, 0, 36.00%, 0, 0, 2, 320.74, 78649, 9
246, 39, 2, 3, 0, 0, 36.00%, 0, 0, 2, 325.57, 80337, 9
251, 40, 0, 3, 0, 0, 36.00%, 0, 0, 2, 323.26, 82002, 9
256, 41, 2, 3, 0, 0, 36.00%, 0, 0, 2, 328.02, 83693, 9
261, 42, 2, 3, 0, 0, 36.00%, 0, 0, 2, 316.32, 85298, 9
266, 43, 2, 3, 0, 0, 36.00%, 0, 0, 2, 327.32, 86948, 9
271, 44, 0, 3, 0, 0, 36.00%, 0, 0, 2, 323.91, 88606, 9
276, 44, 0, 3, 0, 0, 36.00%, 0, 0, 2, 319.33, 90249, 9
282, 45, 2, 3, 0, 0, 36.00%, 0, 0, 2, 328.37, 91958, 9
287, 46, 0, 3, 0, 0, 36.00%, 0, 0, 2, 324.51, 93626, 9
292, 47, 2, 3, 0, 0, 36.00%, 0, 0, 2, 328.37, 95293, 9
297, 48, 2, 3, 0, 0, 36.00%, 0, 0, 2, 325.04, 96948, 9
302, 48, 0, 3, 0, 0, 36.00%, 0, 0, 2, 324.29, 98616, 9
307, 49, 2, 3, 0, 0, 36.00%, 0, 0, 2, 324.49, 100279, 9
312, 50, 0, 3, 0, 0, 36.00%, 0, 0, 2, 324.58, 101920, 9
317, 50, 0, 3, 0, 0, 36.00%, 0, 0, 2, 322.23, 103569, 9
323, 51, 2, 3, 0, 0, 36.00%, 0, 0, 2, 327.43, 105266, 9
328, 52, 2, 3, 0, 0, 36.00%, 0, 0, 2, 330.58, 106931, 9
329, 52, 2, 3, 0, 0, 36.00%, 1, 0, 2, 63.29, 107286, 9
