# relative_time, cycles_done, cur_item, corpus_count, pending_total, pending_favs, map_size, saved_crashes, saved_hangs, max_depth, execs_per_sec, total_execs, edges_found
61, 8, 2, 3, 0, 0, 30.43%, 0, 0, 2, 321.80, 19922, 7
66, 9, 2, 3, 0, 0, 30.43%, 0, 0, 2, 323.81, 21586, 7
71, 10, 2, 3, 0, 0, 30.43%, 0, 0, 2, 325.08, 23248, 7
76, 11, 2, 3, 0, 0, 30.43%, 0, 0, 2, 324.63, 24924, 7
82, 12, 2, 3, 0, 0, 30.43%, 0, 0, 2, 324.70, 26586, 7
87, 12, 0, 3, 0, 0, 30.43%, 0, 0, 2, 320.40, 28204, 7
92, 13, 2, 3, 0, 0, 30.43%, 0, 0, 2, 323.34, 29877, 7
97, 14, 2, 3, 0, 0, 30.43%, 0, 0, 2, 324.48, 31535, 7
102, 14, 2, 3, 0, 0, 30.43%, 0, 0, 2, 322.19, 33180, 7
107, 14, 2, 3, 0, 0, 30.43%, 0, 0, 2, 325.04, 34849, 7
112, 15, 2, 3, 0, 0, 30.43%, 0, 0, 2, 323.66, 36513, 7
117, 16, 2, 3, 0, 0, 30.43%, 0, 0, 2, 323.27, 38177, 7
123, 17, 0, 3, 0, 0, 30.43%, 0, 0, 2, 324.24, 39839, 7
128, 18, 2, 3, 0, 0, 30.43%, 0, 0, 2, 324.19, 41496, 7
133, 18, 2, 3, 0, 0, 30.43%, 0, 0, 2, 324.94, 43152, 7
138, 20, 2, 3, 0, 0, 30.43%, 0, 0, 2, 325.82, 44834, 7
143, 20, 0, 3, 0, 0, 30.43%, 0, 0, 2, 323.13, 46494, 7
148, 21, 0, 3, 0, 0, 30.43%, 0, 0, 2, 325.04, 48159, 7
153, 21, 0, 3, 0, 0, 30.43%, 0, 0, 2, 324.49, 49816, 7
158, 22, 2, 3, 0, 0, 30.43%, 0, 0, 2, 324.69, 51479, 7
164, 23, 0, 3, 0, 0, 30.43%, 0, 0, 2, 324.50, 53143, 7
169, 23, 2, 3, 0, 0, 30.43%, 0, 0, 2, 324.18, 54800, 7
174, 24, 2, 3, 0, 0, 30.43%, 0, 0, 2, 324.68, 56462, 7
179, 25, 2, 3, 0, 0, 30.43%, 0, 0, 2, 324.62, 58126, 7
184, 26, 2, 3, 0, 0, 30.43%, 0, 0, 2, 322.58, 59778, 7
189, 27, 2, 3, 0, 0, 30.43%, 0, 0, 2, 321.51, 61434, 7
194, 28, 0, 3, 0, 0, 30.43%, 0, 0, 2, 324.22, 63092, 7
199, 28, 2, 3, 0, 0, 30.43%, 0, 0, 2, 323.25, 64743, 7
205, 29, 0, 3, 0, 0, 30.43%, 0, 0, 2, 323.36, 66415, 7
210, 30, 0, 3, 0, 0, 30.43%, 0, 0, 2, 324.40, 68074, 7
215, 30, 2, 3, 0, 0, 30.43%, 0, 0, 2, 325.05, 69731, 7
220, 30, 0, 3, 0, 0, 30.43%, 0, 0, 2, 324.74, 71391, 7
225, 31, 2, 3, 0, 0, 30.43%, 0, 0, 2, 323.67, 73046, 7
230, 32, 2, 3, 0, 0, 30.43%, 0, 0, 2, 324.14, 74710, 7
235, 33, 2, 3, 0, 0, 30.43%, 0, 0, 2, 324.08, 76373, 7
240, 33, 2, 3, 0, 0, 30.43%, 0, 0, 2, 322.85, 78023, 7
245, 34, 0, 3, 0, 0, 30.43%, 0, 0, 2, 324.34, 79681, 7
251, 34, 2, 3, 0, 0, 30.43%, 0, 0, 2, 323.96, 81332, 7
256, 35, 2, 3, 0, 0, 30.43%, 0, 0, 2, 324.11, 82996, 7
261, 36, 2, 3, 0, 0, 30.43%, 0, 0, 2, 324.56, 84660, 7
266, 37, 2, 3, 0, 0, 30.43%, 0, 0, 2, 325.93, 86329, 7
271, 37, 2, 3, 0, 0, 30.43%, 0, 0, 2, 323.50, 87985, 7
276, 38, 2, 3, 0, 0, 30.43%, 0, 0, 2, 323.27, 89643, 7
281, 39, 0, 3, 0, 0, 30.43%, 0, 0, 2, 324.33, 91301, 7
286, 40, 0, 3, 0, 0, 30.43%, 0, 0, 2, 324.36, 92958, 7
292, 40, 2, 3, 0, 0, 30.43%, 0, 0, 2, 325.01, 94621, 7
297, 41, 2, 3, 0, 0, 30.43%, 0, 0, 2, 324.62, 96289, 7
302, 42, 2, 3, 0, 0, 30.43%, 0, 0, 2, 324.27, 97947, 7
307, 42, 2, 3, 0, 0, 30.43%, 0, 0, 2, 323.57, 99604, 7
312, 43, 0, 3, 0, 0, 30.43%, 0, 0, 2, 324.84, 101272, 7
317, 44, 2, 3, 0, 0, 30.43%, 0, 0, 2, 323.48, 102937, 7
322, 44, 2, 3, 0, 0, 30.43%, 0, 0, 2, 323.46, 104593, 7
327, 45, 2, 3, 0, 0, 30.43%, 0, 0, 2, 324.12, 106251, 7
333, 46, 2, 3, 0, 0, 30.43%, 0, 0, 2, 323.55, 107909, 7
338, 47, 2, 3, 0, 0, 30.43%, 0, 0, 2, 325.33, 109577, 7
342, 48, 2, 3, 0, 0, 30.43%, 1, 0, 2, 15.04, 110971, 7
