# relative_time, cycles_done, cur_item, corpus_count, pending_total, pending_favs, map_size, saved_crashes, saved_hangs, max_depth, execs_per_sec, total_execs, edges_found
61, 8, 2, 3, 0, 0, 36.00%, 0, 0, 2, 320.89, 19891, 9
67, 8, 0, 3, 0, 0, 36.00%, 0, 0, 2, 319.94, 21549, 9
72, 9, 2, 3, 0, 0, 36.00%, 0, 0, 2, 320.13, 23202, 9
77, 10, 1, 3, 0, 0, 36.00%, 0, 0, 2, 321.43, 24860, 9
82, 11, 2, 3, 0, 0, 36.00%, 0, 0, 2, 321.81, 26528, 9
87, 12, 1, 3, 0, 0, 36.00%, 0, 0, 2, 321.53, 28192, 9
92, 13, 2, 3, 0, 0, 36.00%, 0, 0, 2, 321.17, 29852, 9
98, 13, 0, 3, 0, 0, 36.00%, 0, 0, 2, 320.18, 31516, 9
103, 14, 2, 3, 0, 0, 36.00%, 0, 0, 2, 319.48, 33166, 9
108, 14, 0, 3, 0, 0, 36.00%, 0, 0, 2, 320.70, 34829, 9
113, 15, 2, 3, 0, 0, 36.00%, 0, 0, 2, 320.29, 36476, 9
118, 16, 2, 3, 0, 0, 36.00%, 0, 0, 2, 321.34, 38139, 9
123, 17, 1, 3, 0, 0, 36.00%, 0, 0, 2, 321.92, 39799, 9
129, 18, 1, 3, 0, 0, 36.00%, 0, 0, 2, 320.81, 41459, 9
134, 19, 2, 3, 0, 0, 36.00%, 0, 0, 2, 321.03, 43122, 9
139, 20, 2, 3, 0, 0, 36.00%, 0, 0, 2, 319.98, 44774, 9
144, 20, 0, 3, 0, 0, 36.00%, 0, 0, 2, 319.34, 46427, 9
149, 20, 2, 3, 0, 0, 36.00%, 0, 0, 2, 320.10, 48074, 9
154, 21, 1, 3, 0, 0, 36.00%, 0, 0, 2, 320.13, 49723, 9
160, 22, 2, 3, 0, 0, 36.00%, 0, 0, 2, 319.78, 51388, 9
165, 23, 1, 3, 0, 0, 36.00%, 0, 0, 2, 319.74, 53044, 9
170, 23, 1, 3, 0, 0, 36.00%, 0, 0, 2, 319.65, 54693, 9
175, 24, 1, 3, 0, 0, 36.00%, 0, 0, 2, 320.00, 56348, 9
180, 24, 0, 3, 0, 0, 36.00%, 0, 0, 2, 319.57, 57996, 9
185, 25, 0, 3, 0, 0, 36.00%, 0, 0, 2, 318.65, 59645, 9
191, 26, 2, 3, 0, 0, 36.00%, 0, 0, 2, 322.45, 61315, 9
196, 26, 0, 3, 0, 0, 36.00%, 0, 0, 2, 320.62, 62963, 9
201, 27, 0, 3, 0, 0, 36.00%, 0, 0, 2, 319.77, 64613, 9
206, 27, 0, 3, 0, 0, 36.00%, 0, 0, 2, 320.63, 66271, 9
211, 28, 0, 3, 0, 0, 36.00%, 0, 0, 2, 320.56, 67932, 9
215, 28, 0, 3, 0, 0, 36.00%, 1, 0, 2, 308.92, 69031, 9
