# relative_time, cycles_done, cur_item, corpus_count, pending_total, pending_favs, map_size, saved_crashes, saved_hangs, max_depth, execs_per_sec, total_execs, edges_found
61, 5, 0, 1, 0, 0, 25.00%, 0, 0, 1, 324.20, 19965, 2
66, 6, 0, 1, 0, 0, 25.00%, 0, 0, 1, 325.02, 21625, 2
71, 6, 0, 1, 0, 0, 25.00%, 0, 0, 1, 324.95, 23280, 2
76, 7, 0, 1, 0, 0, 25.00%, 0, 0, 1, 324.47, 24952, 2
81, 7, 0, 1, 0, 0, 25.00%, 0, 0, 1, 324.30, 26607, 2
86, 8, 0, 1, 0, 0, 25.00%, 0, 0, 1, 323.64, 28262, 2
92, 8, 0, 1, 0, 0, 25.00%, 0, 0, 1, 324.65, 29916, 2
97, 9, 0, 1, 0, 0, 25.00%, 0, 0, 1, 325.69, 31577, 2
102, 9, 0, 1, 0, 0, 25.00%, 0, 0, 1, 325.28, 33237, 2
107, 10, 0, 1, 0, 0, 25.00%, 0, 0, 1, 325.94, 34910, 2
112, 10, 0, 1, 0, 0, 25.00%, 0, 0, 1, 324.82, 36583, 2
117, 11, 0, 1, 0, 0, 25.00%, 0, 0, 1, 323.77, 38249, 2
122, 11, 0, 1, 0, 0, 25.00%, 0, 0, 1, 325.57, 39916, 2
127, 12, 0, 1, 0, 0, 25.00%, 0, 0, 1, 324.12, 41570, 2
133, 12, 0, 1, 0, 0, 25.00%, 0, 0, 1, 325.65, 43243, 2
138, 13, 0, 1, 0, 0, 25.00%, 0, 0, 1, 325.78, 44915, 2
143, 13, 0, 1, 0, 0, 25.00%, 0, 0, 1, 325.10, 46588, 2
148, 13, 0, 1, 0, 0, 25.00%, 0, 0, 1, 325.79, 48243, 2
153, 14, 0, 1, 0, 0, 25.00%, 0, 0, 1, 324.24, 49897, 2
158, 14, 0, 1, 0, 0, 25.00%, 0, 0, 1, 324.22, 51552, 2
163, 15, 0, 1, 0, 0, 25.00%, 0, 0, 1, 325.44, 53218, 2
168, 15, 0, 1, 0, 0, 25.00%, 0, 0, 1, 324.97, 54867, 2
173, 16, 0, 1, 0, 0, 25.00%, 0, 0, 1, 324.91, 56516, 2
179, 16, 0, 1, 0, 0, 25.00%, 0, 0, 1, 324.42, 58176, 2
184, 17, 0, 1, 0, 0, 25.00%, 0, 0, 1, 324.78, 59837, 2
189, 17, 0, 1, 0, 0, 25.00%, 0, 0, 1, 326.37, 61515, 2
194, 18, 0, 1, 0, 0, 25.00%, 0, 0, 1, 325.89, 63170, 2
199, 18, 0, 1, 0, 0, 25.00%, 0, 0, 1, 323.85, 64819, 2
204, 19, 0, 1, 0, 0, 25.00%, 0, 0, 1, 325.23, 66491, 2
209, 19, 0, 1, 0, 0, 25.00%, 0, 0, 1, 324.41, 68146, 2
214, 20, 0, 1, 0, 0, 25.00%, 0, 0, 1, 325.85, 69806, 2
219, 20, 0, 1, 0, 0, 25.00%, 0, 0, 1, 325.47, 71461, 2
225, 21, 0, 1, 0, 0, 25.00%, 0, 0, 1, 325.10, 73115, 2
230, 21, 0, 1, 0, 0, 25.00%, 0, 0, 1, 326.28, 74776, 2
235, 21, 0, 1, 0, 0, 25.00%, 0, 0, 1, 326.49, 76437, 2
240, 22, 0, 1, 0, 0, 25.00%, 0, 0, 1, 324.36, 78091, 2
245, 22, 0, 1, 0, 0, 25.00%, 0, 0, 1, 324.50, 79740, 2
250, 23, 0, 1, 0, 0, 25.00%, 0, 0, 1, 325.18, 81400, 2
255, 23, 0, 1, 0, 0, 25.00%, 0, 0, 1, 325.14, 83049, 2
260, 24, 0, 1, 0, 0, 25.00%, 0, 0, 1, 324.69, 84698, 2
265, 24, 0, 1, 0, 0, 25.00%, 0, 0, 1, 325.11, 86364, 2
270, 25, 0, 1, 0, 0, 25.00%, 0, 0, 1, 325.86, 88019, 2
275, 25, 0, 1, 0, 0, 25.00%, 0, 0, 1, 325.52, 89673, 2
281, 26, 0, 1, 0, 0, 25.00%, 0, 0, 1, 324.47, 91334, 2
286, 26, 0, 1, 0, 0, 25.00%, 0, 0, 1, 325.03, 92995, 2
291, 27, 0, 1, 0, 0, 25.00%, 0, 0, 1, 325.50, 94655, 2
296, 27, 0, 1, 0, 0, 25.00%, 0, 0, 1, 324.47, 96322, 2
301, 28, 0, 1, 0, 0, 25.00%, 0, 0, 1, 324.23, 97994, 2
306, 28, 0, 1, 0, 0, 25.00%, 0, 0, 1, 325.06, 99655, 2
311, 29, 0, 1, 0, 0, 25.00%, 0, 0, 1, 326.82, 101327, 2
316, 29, 0, 1, 0, 0, 25.00%, 0, 0, 1, 325.96, 102988, 2
322, 29, 0, 1, 0, 0, 25.00%, 0, 0, 1, 322.32, 104649, 2
327, 30, 0, 1, 0, 0, 25.00%, 0, 0, 1, 325.67, 106315, 2
332, 30, 0, 1, 0, 0, 25.00%, 0, 0, 1, 325.08, 107976, 2
337, 31, 0, 1, 0, 0, 25.00%, 0, 0, 1, 326.49, 109642, 2
342, 31, 0, 1, 0, 0, 25.00%, 0, 0, 1, 324.12, 111285, 2
347, 32, 0, 1, 0, 0, 25.00%, 0, 0, 1, 324.55, 112940, 2
352, 32, 0, 1, 0, 0, 25.00%, 0, 0, 1, 326.13, 114600, 2
357, 33, 0, 1, 0, 0, 25.00%, 0, 0, 1, 323.49, 116255, 2
362, 33, 0, 1, 0, 0, 25.00%, 0, 0, 1, 324.98, 117927, 2
368, 34, 0, 1, 0, 0, 25.00%, 0, 0, 1, 325.76, 119600, 2
373, 34, 0, 1, 0, 0, 25.00%, 0, 0, 1, 324.67, 121249, 2
378, 35, 0, 1, 0, 0, 25.00%, 0, 0, 1, 324.78, 122909, 2
383, 35, 0, 1, 0, 0, 25.00%, 0, 0, 1, 326.26, 124570, 2
388, 36, 0, 1, 0, 0, 25.00%, 0, 0, 1, 326.10, 126248, 2
393, 36, 0, 1, 0, 0, 25.00%, 0, 0, 1, 324.84, 127909, 2
396, 36, 0, 1, 0, 0, 25.00%, 1, 0, 1, 315.83, 128753, 2
