# relative_time, cycles_done, cur_item, corpus_count, pending_total, pending_favs, map_size, saved_crashes, saved_hangs, max_depth, execs_per_sec, total_execs, edges_found
61, 10, 1, 2, 0, 0, 32.26%, 0, 0, 2, 324.83, 20038, 10
66, 10, 0, 2, 0, 0, 32.26%, 0, 0, 2, 322.97, 21705, 10
71, 11, 1, 2, 0, 0, 32.26%, 0, 0, 2, 325.44, 23378, 10
76, 12, 1, 2, 0, 0, 32.26%, 0, 0, 2, 329.28, 25031, 10
81, 14, 1, 2, 0, 0, 32.26%, 0, 0, 2, 329.48, 26693, 10
87, 14, 0, 2, 0, 0, 32.26%, 0, 0, 2, 324.05, 28351, 10
92, 15, 1, 2, 0, 0, 32.26%, 0, 0, 2, 327.36, 30039, 10
97, 16, 1, 2, 0, 0, 32.26%, 0, 0, 2, 323.40, 31703, 10
102, 17, 1, 2, 0, 0, 32.26%, 0, 0, 2, 329.37, 33371, 10
107, 18, 1, 2, 0, 0, 32.26%, 0, 0, 2, 324.56, 35062, 10
112, 19, 1, 2, 0, 0, 32.26%, 0, 0, 2, 323.53, 36732, 10
118, 19, 1, 2, 0, 0, 32.26%, 0, 0, 2, 325.08, 38405, 10
123, 20, 0, 2, 0, 0, 32.26%, 0, 0, 2, 323.34, 40082, 10
128, 21, 0, 2, 0, 0, 32.26%, 0, 0, 2, 323.23, 41745, 10
133, 21, 1, 2, 0, 0, 32.26%, 0, 0, 2, 323.68, 43409, 10
138, 22, 1, 2, 0, 0, 32.26%, 0, 0, 2, 323.56, 45088, 10
143, 23, 0, 2, 0, 0, 32.26%, 0, 0, 2, 324.62, 46786, 10
149, 23, 0, 2, 0, 0, 32.26%, 0, 0, 2, 321.40, 48435, 10
154, 24, 1, 2, 0, 0, 32.26%, 0, 0, 2, 324.45, 50116, 10
159, 25, 0, 2, 0, 0, 32.26%, 0, 0, 2, 325.45, 51817, 10
164, 26, 0, 2, 0, 0, 32.26%, 0, 0, 2, 322.90, 53475, 10
169, 26, 0, 2, 0, 0, 32.26%, 0, 0, 2, 322.67, 55145, 10
174, 28, 1, 2, 0, 0, 32.26%, 0, 0, 2, 328.28, 56800, 10
179, 28, 0, 2, 0, 0, 32.26%, 0, 0, 2, 325.16, 58473, 10
185, 29, 1, 2, 0, 0, 32.26%, 0, 0, 2, 325.29, 60149, 10
190, 30, 0, 2, 0, 0, 32.26%, 0, 0, 2, 326.87, 61847, 10
195, 31, 1, 2, 0, 0, 32.26%, 0, 0, 2, 326.58, 63514, 10
200, 32, 0, 2, 0, 0, 32.26%, 0, 0, 2, 322.07, 65185, 10
205, 32, 0, 2, 0, 0, 32.26%, 0, 0, 2, 320.97, 66849, 10
210, 33, 0, 2, 0, 0, 32.26%, 0, 0, 2, 322.27, 68506, 10
216, 34, 0, 2, 0, 0, 32.26%, 0, 0, 2, 321.28, 70152, 10
221, 34, 0, 2, 0, 0, 32.26%, 0, 0, 2, 321.08, 71801, 10
226, 34, 0, 2, 0, 0, 32.26%, 0, 0, 2, 322.01, 73465, 10
231, 35, 0, 2, 0, 0, 32.26%, 0, 0, 2, 321.94, 75144, 10
236, 36, 0, 2, 0, 0, 32.26%, 0, 0, 2, 323.59, 76811, 10
241, 36, 0, 2, 0, 0, 32.26%, 0, 0, 2, 322.04, 78475, 10
247, 37, 1, 2, 0, 0, 32.26%, 0, 0, 2, 322.43, 80144, 10
252, 38, 0, 2, 0, 0, 32.26%, 0, 0, 2, 321.74, 81818, 10
257, 38, 1, 2, 0, 0, 32.26%, 0, 0, 2, 320.91, 83493, 10
262, 39, 0, 2, 0, 0, 32.26%, 0, 0, 2, 322.81, 85170, 10
267, 40, 1, 2, 0, 0, 32.26%, 0, 0, 2, 324.53, 86830, 10
272, 41, 0, 2, 0, 0, 32.26%, 0, 0, 2, 324.36, 88465, 10
277, 41, 0, 2, 0, 0, 32.26%, 0, 0, 2, 322.37, 90114, 10
282, 42, 0, 2, 0, 0, 32.26%, 0, 0, 2, 324.18, 91778, 10
288, 43, 0, 2, 0, 0, 32.26%, 0, 0, 2, 328.19, 93436, 10
293, 44, 1, 2, 0, 0, 32.26%, 0, 0, 2, 326.40, 95115, 10
298, 44, 0, 2, 0, 0, 32.26%, 0, 0, 2, 322.96, 96779, 10
303, 45, 1, 2, 0, 0, 32.26%, 0, 0, 2, 326.07, 98470, 10
308, 46, 0, 2, 0, 0, 32.26%, 0, 0, 2, 323.75, 100137, 10
313, 46, 0, 2, 0, 0, 32.26%, 0, 0, 2, 321.74, 101786, 10
318, 47, 0, 2, 0, 0, 32.26%, 0, 0, 2, 325.71, 103420, 10
319, 47, 0, 2, 0, 0, 32.26%, 1, 0, 2, 0.00, 103660, 10
