# relative_time, cycles_done, cur_item, corpus_count, pending_total, pending_favs, map_size, saved_crashes, saved_hangs, max_depth, execs_per_sec, total_execs, edges_found
61, 9, 0, 3, 0, 0, 32.26%, 0, 0, 2, 323.21, 20109, 10
66, 10, 2, 3, 0, 0, 32.26%, 0, 0, 2, 323.22, 21772, 10
71, 10, 2, 3, 0, 0, 32.26%, 0, 0, 2, 323.27, 23442, 10
77, 11, 0, 3, 0, 0, 32.26%, 0, 0, 2, 325.65, 25125, 10
82, 12, 0, 3, 0, 0, 32.26%, 0, 0, 2, 324.23, 26792, 10
87, 13, 2, 3, 0, 0, 32.26%, 0, 0, 2, 325.44, 28459, 10
92, 14, 2, 3, 0, 0, 32.26%, 0, 0, 2, 328.70, 30169, 10
97, 15, 0, 3, 0, 0, 32.26%, 0, 0, 2, 325.61, 31867, 10
102, 16, 2, 3, 0, 0, 32.26%, 0, 0, 2, 326.97, 33501, 10
107, 17, 2, 3, 0, 0, 32.26%, 0, 0, 2, 328.26, 35199, 10
111, 17, 0, 3, 0, 0, 32.26%, 1, 0, 2, 315.01, 36315, 10
