# relative_time, cycles_done, cur_item, corpus_count, pending_total, pending_favs, map_size, saved_crashes, saved_hangs, max_depth, execs_per_sec, total_execs, edges_found
61, 7, 2, 3, 0, 0, 30.43%, 0, 0, 2, 323.90, 19937, 7
66, 7, 0, 3, 0, 0, 30.43%, 0, 0, 2, 323.76, 21599, 7
71, 8, 2, 3, 0, 0, 30.43%, 0, 0, 2, 324.34, 23258, 7
76, 9, 2, 3, 0, 0, 30.43%, 0, 0, 2, 324.60, 24932, 7
81, 10, 2, 3, 0, 0, 30.43%, 0, 0, 2, 324.61, 26590, 7
87, 11, 2, 3, 0, 0, 30.43%, 0, 0, 2, 323.09, 28242, 7
92, 11, 2, 3, 0, 0, 30.43%, 0, 0, 2, 324.02, 29898, 7
97, 12, 2, 3, 0, 0, 30.43%, 0, 0, 2, 323.99, 31556, 7
102, 13, 2, 3, 0, 0, 30.43%, 0, 0, 2, 323.36, 33220, 7
107, 14, 0, 3, 0, 0, 30.43%, 0, 0, 2, 324.04, 34890, 7
112, 14, 0, 3, 0, 0, 30.43%, 0, 0, 2, 323.54, 36541, 7
117, 15, 2, 3, 0, 0, 30.43%, 0, 0, 2, 323.37, 38198, 7
122, 15, 0, 3, 0, 0, 30.43%, 0, 0, 2, 323.26, 39870, 7
128, 16, 2, 3, 0, 0, 30.43%, 0, 0, 2, 323.87, 41529, 7
133, 16, 2, 3, 0, 0, 30.43%, 0, 0, 2, 324.08, 43188, 7
138, 17, 0, 3, 0, 0, 30.43%, 0, 0, 2, 324.24, 44842, 7
143, 17, 2, 3, 0, 0, 30.43%, 0, 0, 2, 324.44, 46501, 7
148, 18, 2, 3, 0, 0, 30.43%, 0, 0, 2, 324.44, 48159, 7
153, 19, 2, 3, 0, 0, 30.43%, 0, 0, 2, 322.39, 49823, 7
158, 20, 2, 3, 0, 0, 30.43%, 0, 0, 2, 323.45, 51481, 7
163, 20, 2, 3, 0, 0, 30.43%, 0, 0, 2, 322.92, 53132, 7
169, 21, 2, 3, 0, 0, 30.43%, 0, 0, 2, 323.39, 54783, 7
174, 21, 2, 3, 0, 0, 30.43%, 0, 0, 2, 323.66, 56439, 7
179, 22, 2, 3, 0, 0, 30.43%, 0, 0, 2, 324.65, 58103, 7
184, 23, 0, 3, 0, 0, 30.43%, 0, 0, 2, 324.73, 59765, 7
189, 24, 2, 3, 0, 0, 30.43%, 0, 0, 2, 324.57, 61418, 7
194, 24, 2, 3, 0, 0, 30.43%, 0, 0, 2, 324.36, 63080, 7
199, 25, 2, 3, 0, 0, 30.43%, 0, 0, 2, 323.35, 64744, 7
204, 25, 0, 3, 0, 0, 30.43%, 0, 0, 2, 323.07, 66398, 7
210, 26, 2, 3, 0, 0, 30.43%, 0, 0, 2, 323.15, 68053, 7
215, 27, 2, 3, 0, 0, 30.43%, 0, 0, 2, 323.98, 69710, 7
220, 28, 2, 3, 0, 0, 30.43%, 0, 0, 2, 323.00, 71368, 7
225, 29, 2, 3, 0, 0, 30.43%, 0, 0, 2, 324.14, 73030, 7
230, 29, 2, 3, 0, 0, 30.43%, 0, 0, 2, 324.22, 74682, 7
235, 30, 2, 3, 0, 0, 30.43%, 0, 0, 2, 322.57, 76340, 7
240, 31, 2, 3, 0, 0, 30.43%, 0, 0, 2, 320.94, 77978, 7
245, 32, 2, 3, 0, 0, 30.43%, 0, 0, 2, 323.90, 79636, 7
251, 32, 2, 3, 0, 0, 30.43%, 0, 0, 2, 322.89, 81287, 7
256, 33, 2, 3, 0, 0, 30.43%, 0, 0, 2, 323.13, 82945, 7
261, 34, 2, 3, 0, 0, 30.43%, 0, 0, 2, 324.04, 84601, 7
266, 34, 2, 3, 0, 0, 30.43%, 0, 0, 2, 322.86, 86259, 7
271, 35, 2, 3, 0, 0, 30.43%, 0, 0, 2, 324.08, 87923, 7
276, 36, 0, 3, 0, 0, 30.43%, 0, 0, 2, 322.12, 89579, 7
281, 37, 2, 3, 0, 0, 30.43%, 0, 0, 2, 322.80, 91230, 7
286, 37, 2, 3, 0, 0, 30.43%, 0, 0, 2, 324.47, 92881, 7
292, 38, 2, 3, 0, 0, 30.43%, 0, 0, 2, 323.44, 94539, 7
297, 39, 0, 3, 0, 0, 30.43%, 0, 0, 2, 322.17, 96197, 7
302, 39, 2, 3, 0, 0, 30.43%, 0, 0, 2, 324.07, 97848, 7
307, 40, 2, 3, 0, 0, 30.43%, 0, 0, 2, 324.12, 99512, 7
312, 40, 2, 3, 0, 0, 30.43%, 0, 0, 2, 323.68, 101169, 7
317, 41, 2, 3, 0, 0, 30.43%, 0, 0, 2, 323.81, 102827, 7
322, 42, 2, 3, 0, 0, 30.43%, 0, 0, 2, 323.43, 104483, 7
327, 42, 0, 3, 0, 0, 30.43%, 0, 0, 2, 323.29, 106135, 7
333, 43, 2, 3, 0, 0, 30.43%, 0, 0, 2, 317.10, 107750, 7
338, 44, 2, 3, 0, 0, 30.43%, 0, 0, 2, 322.21, 109408, 7
343, 44, 2, 3, 0, 0, 30.43%, 0, 0, 2, 322.21, 111066, 7
348, 45, 2, 3, 0, 0, 30.43%, 0, 0, 2, 323.63, 112728, 7
353, 46, 2, 3, 0, 0, 30.43%, 0, 0, 2, 323.73, 114386, 7
358, 47, 2, 3, 0, 0, 30.43%, 0, 0, 2, 323.62, 116050, 7
363, 48, 2, 3, 0, 0, 30.43%, 0, 0, 2, 323.62, 117706, 7
368, 49, 2, 3, 0, 0, 30.43%, 0, 0, 2, 322.91, 119364, 7
374, 49, 2, 3, 0, 0, 30.43%, 0, 0, 2, 323.61, 121028, 7
379, 50, 2, 3, 0, 0, 30.43%, 0, 0, 2, 323.89, 122679, 7
384, 51, 2, 3, 0, 0, 30.43%, 0, 0, 2, 324.42, 124349, 7
389, 51, 0, 3, 0, 0, 30.43%, 0, 0, 2, 323.83, 126003, 7
394, 52, 2, 3, 0, 0, 30.43%, 0, 0, 2, 324.72, 127656, 7
399, 53, 0, 3, 0, 0, 30.43%, 0, 0, 2, 324.88, 129320, 7
404, 53, 2, 3, 0, 0, 30.43%, 0, 0, 2, 324.85, 130977, 7
409, 54, 2, 3, 0, 0, 30.43%, 0, 0, 2, 323.15, 132635, 7
415, 55, 2, 3, 0, 0, 30.43%, 0, 0, 2, 325.92, 134303, 7
420, 55, 2, 3, 0, 0, 30.43%, 0, 0, 2, 324.09, 135967, 7
425, 56, 2, 3, 0, 0, 30.43%, 0, 0, 2, 321.32, 137619, 7
430, 57, 2, 3, 0, 0, 30.43%, 0, 0, 2, 323.96, 139283, 7
435, 58, 2, 3, 0, 0, 30.43%, 0, 0, 2, 324.74, 140945, 7
440, 58, 2, 3, 0, 0, 30.43%, 0, 0, 2, 324.92, 142609, 7
445, 59, 2, 3, 0, 0, 30.43%, 0, 0, 2, 325.25, 144273, 7
450, 60, 2, 3, 0, 0, 30.43%, 0, 0, 2, 324.04, 145931, 7
456, 60, 0, 3, 0, 0, 30.43%, 0, 0, 2, 324.20, 147591, 7
461, 61, 2, 3, 0, 0, 30.43%, 0, 0, 2, 323.27, 149245, 7
466, 62, 2, 3, 0, 0, 30.43%, 0, 0, 2, 323.73, 150903, 7
471, 62, 2, 3, 0, 0, 30.43%, 0, 0, 2, 322.53, 152553, 7
476, 63, 2, 3, 0, 0, 30.43%, 0, 0, 2, 323.34, 154211, 7
481, 64, 2, 3, 0, 0, 30.43%, 0, 0, 2, 323.46, 155875, 7
486, 65, 2, 3, 0, 0, 30.43%, 0, 0, 2, 323.76, 157545, 7
491, 65, 2, 3, 0, 0, 30.43%, 0, 0, 2, 323.78, 159201, 7
497, 66, 0, 3, 0, 0, 30.43%, 0, 0, 2, 325.15, 160863, 7
502, 67, 2, 3, 0, 0, 30.43%, 0, 0, 2, 323.21, 162516, 7
507, 68, 0, 3, 0, 0, 30.43%, 0, 0, 2, 323.68, 164180, 7
512, 68, 2, 3, 0, 0, 30.43%, 0, 0, 2, 322.82, 165843, 7
517, 69, 2, 3, 0, 0, 30.43%, 0, 0, 2, 321.85, 167499, 7
522, 70, 2, 3, 0, 0, 30.43%, 0, 0, 2, 323.09, 169157, 7
527, 71, 0, 3, 0, 0, 30.43%, 0, 0, 2, 322.78, 170815, 7
532, 71, 2, 3, 0, 0, 30.43%, 0, 0, 2, 323.67, 172478, 7
538, 72, 1, 3, 0, 0, 30.43%, 0, 0, 2, 322.05, 174130, 7
543, 73, 2, 3, 0, 0, 30.43%, 0, 0, 2, 322.68, 175786, 7
548, 74, 2, 3, 0, 0, 30.43%, 0, 0, 2, 323.34, 177450, 7
553, 74, 2, 3, 0, 0, 30.43%, 0, 0, 2, 323.08, 179112, 7
558, 76, 2, 3, 0, 0, 30.43%, 0, 0, 2, 324.10, 180782, 7
563, 76, 2, 3, 0, 0, 30.43%, 0, 0, 2, 324.00, 182438, 7
568, 77, 2, 3, 0, 0, 30.43%, 0, 0, 2, 323.03, 184096, 7
574, 78, 2, 3, 0, 0, 30.43%, 0, 0, 2, 323.90, 185754, 7
579, 79, 2, 3, 0, 0, 30.43%, 0, 0, 2, 323.93, 187410, 7
584, 80, 0, 3, 0, 0, 30.43%, 0, 0, 2, 323.06, 189064, 7
589, 80, 0, 3, 0, 0, 30.43%, 0, 0, 2, 324.24, 190719, 7
594, 81, 0, 3, 0, 0, 30.43%, 0, 0, 2, 324.44, 192380, 7
599, 81, 2, 3, 0, 0, 30.43%, 0, 0, 2, 323.16, 194039, 7
604, 82, 2, 3, 0, 0, 30.43%, 0, 0, 2, 323.91, 195697, 7
609, 82, 2, 3, 0, 0, 30.43%, 0, 0, 2, 321.06, 197336, 7
614, 83, 0, 3, 0, 0, 30.43%, 0, 0, 2, 323.02, 198993, 7
620, 83, 2, 3, 0, 0, 30.43%, 0, 0, 2, 324.47, 200650, 7
625, 84, 0, 3, 0, 0, 30.43%, 0, 0, 2, 321.17, 202304, 7
630, 84, 2, 3, 0, 0, 30.43%, 0, 0, 2, 322.99, 203959, 7
635, 85, 0, 3, 0, 0, 30.43%, 0, 0, 2, 322.14, 205615, 7
640, 86, 2, 3, 0, 0, 30.43%, 0, 0, 2, 321.55, 207266, 7
645, 86, 2, 3, 0, 0, 30.43%, 0, 0, 2, 323.21, 208924, 7
650, 87, 2, 3, 0, 0, 30.43%, 0, 0, 2, 322.90, 210582, 7
656, 88, 2, 3, 0, 0, 30.43%, 0, 0, 2, 323.98, 212240, 7
661, 89, 2, 3, 0, 0, 30.43%, 0, 0, 2, 319.03, 213878, 7
666, 89, 2, 3, 0, 0, 30.43%, 0, 0, 2, 322.26, 215536, 7
671, 90, 2, 3, 0, 0, 30.43%, 0, 0, 2, 321.29, 217194, 7
676, 91, 2, 3, 0, 0, 30.43%, 0, 0, 2, 322.80, 218850, 7
681, 92, 2, 3, 0, 0, 30.43%, 0, 0, 2, 322.97, 220514, 7
686, 93, 2, 3, 0, 0, 30.43%, 0, 0, 2, 321.96, 222172, 7
691, 93, 0, 3, 0, 0, 30.43%, 0, 0, 2, 323.67, 223832, 7
697, 94, 2, 3, 0, 0, 30.43%, 0, 0, 2, 322.67, 225485, 7
702, 95, 2, 3, 0, 0, 30.43%, 0, 0, 2, 322.26, 227149, 7
707, 96, 0, 3, 0, 0, 30.43%, 0, 0, 2, 321.54, 228807, 7
712, 96, 2, 3, 0, 0, 30.43%, 0, 0, 2, 321.95, 230458, 7
717, 97, 2, 3, 0, 0, 30.43%, 0, 0, 2, 322.51, 232114, 7
722, 98, 0, 3, 0, 0, 30.43%, 0, 0, 2, 322.66, 233776, 7
727, 98, 2, 3, 0, 0, 30.43%, 0, 0, 2, 323.43, 235441, 7
733, 99, 2, 3, 0, 0, 30.43%, 0, 0, 2, 323.18, 237099, 7
738, 100, 2, 3, 0, 0, 30.43%, 0, 0, 2, 321.19, 238745, 7
743, 100, 2, 3, 0, 0, 30.43%, 0, 0, 2, 322.82, 240401, 7
748, 101, 2, 3, 0, 0, 30.43%, 0, 0, 2, 320.88, 242040, 7
753, 102, 2, 3, 0, 0, 30.43%, 0, 0, 2, 322.02, 243698, 7
758, 103, 2, 3, 0, 0, 30.43%, 0, 0, 2, 322.89, 245356, 7
763, 103, 2, 3, 0, 0, 30.43%, 0, 0, 2, 322.43, 247006, 7
769, 104, 2, 3, 0, 0, 30.43%, 0, 0, 2, 322.53, 248664, 7
774, 105, 2, 3, 0, 0, 30.43%, 0, 0, 2, 321.88, 250322, 7
779, 106, 2, 3, 0, 0, 30.43%, 0, 0, 2, 322.16, 251980, 7
784, 107, 2, 3, 0, 0, 30.43%, 0, 0, 2, 323.20, 253642, 7
789, 107, 2, 3, 0, 0, 30.43%, 0, 0, 2, 320.65, 255293, 7
794, 108, 2, 3, 0, 0, 30.43%, 0, 0, 2, 322.76, 256951, 7
799, 109, 2, 3, 0, 0, 30.43%, 0, 0, 2, 318.18, 258573, 7
805, 109, 2, 3, 0, 0, 30.43%, 0, 0, 2, 320.92, 260235, 7
810, 110, 2, 3, 0, 0, 30.43%, 0, 0, 2, 322.05, 261887, 7
815, 110, 2, 3, 0, 0, 30.43%, 0, 0, 2, 323.29, 263538, 7
820, 111, 2, 3, 0, 0, 30.43%, 0, 0, 2, 320.39, 265190, 7
822, 111, 2, 3, 0, 0, 30.43%, 1, 0, 2, 312.96, 265646, 7
