# relative_time, cycles_done, cur_item, corpus_count, pending_total, pending_favs, map_size, saved_crashes, saved_hangs, max_depth, execs_per_sec, total_execs, edges_found
61, 8, 2, 3, 0, 0, 30.43%, 0, 0, 2, 325.50, 20048, 7
66, 9, 0, 3, 0, 0, 30.43%, 0, 0, 2, 325.28, 21716, 7
71, 9, 0, 3, 0, 0, 30.43%, 0, 0, 2, 325.29, 23371, 7
76, 10, 2, 3, 0, 0, 30.43%, 0, 0, 2, 323.31, 25026, 7
82, 11, 0, 3, 0, 0, 30.43%, 0, 0, 2, 323.59, 26686, 7
87, 11, 2, 3, 0, 0, 30.43%, 0, 0, 2, 323.96, 28351, 7
92, 12, 2, 3, 0, 0, 30.43%, 0, 0, 2, 326.24, 30027, 7
97, 13, 0, 3, 0, 0, 30.43%, 0, 0, 2, 325.78, 31685, 7
102, 13, 2, 3, 0, 0, 30.43%, 0, 0, 2, 326.27, 33342, 7
107, 14, 2, 3, 0, 0, 30.43%, 0, 0, 2, 324.79, 34999, 7
112, 15, 2, 3, 0, 0, 30.43%, 0, 0, 2, 323.93, 36651, 7
117, 15, 2, 3, 0, 0, 30.43%, 0, 0, 2, 326.22, 38326, 7
122, 15, 2, 3, 0, 0, 30.43%, 0, 0, 2, 324.80, 39989, 7
128, 16, 2, 3, 0, 0, 30.43%, 0, 0, 2, 325.15, 41653, 7
133, 17, 0, 3, 0, 0, 30.43%, 0, 0, 2, 325.43, 43323, 7
138, 17, 0, 3, 0, 0, 30.43%, 0, 0, 2, 326.95, 45002, 7
143, 18, 0, 3, 0, 0, 30.43%, 0, 0, 2, 325.68, 46659, 7
148, 18, 2, 3, 0, 0, 30.43%, 0, 0, 2, 325.47, 48328, 7
153, 19, 2, 3, 0, 0, 30.43%, 0, 0, 2, 325.01, 49993, 7
158, 19, 0, 3, 0, 0, 30.43%, 0, 0, 2, 325.33, 51659, 7
163, 20, 2, 3, 0, 0, 30.43%, 0, 0, 2, 325.46, 53324, 7
169, 21, 0, 3, 0, 0, 30.43%, 0, 0, 2, 324.66, 54984, 7
174, 21, 2, 3, 0, 0, 30.43%, 0, 0, 2, 324.80, 56645, 7
179, 22, 2, 3, 0, 0, 30.43%, 0, 0, 2, 325.58, 58309, 7
184, 23, 2, 3, 0, 0, 30.43%, 0, 0, 2, 325.75, 59973, 7
189, 24, 0, 3, 0, 0, 30.43%, 0, 0, 2, 325.67, 61635, 7
194, 24, 0, 3, 0, 0, 30.43%, 0, 0, 2, 325.82, 63310, 7
199, 25, 2, 3, 0, 0, 30.43%, 0, 0, 2, 326.37, 64993, 7
204, 25, 2, 3, 0, 0, 30.43%, 0, 0, 2, 324.36, 66663, 7
209, 26, 2, 3, 0, 0, 30.43%, 1, 0, 2, 52.29, 68009, 7
