# relative_time, cycles_done, cur_item, corpus_count, pending_total, pending_favs, map_size, saved_crashes, saved_hangs, max_depth, execs_per_sec, total_execs, edges_found
61, 7, 2, 3, 0, 0, 30.43%, 0, 0, 2, 325.45, 20201, 7
66, 8, 2, 3, 0, 0, 30.43%, 0, 0, 2, 328.08, 21889, 7
71, 9, 2, 3, 0, 0, 30.43%, 0, 0, 2, 328.58, 23583, 7
76, 9, 2, 3, 0, 0, 30.43%, 0, 0, 2, 327.43, 25227, 7
82, 10, 2, 3, 0, 0, 30.43%, 0, 0, 2, 328.39, 26903, 7
87, 11, 2, 3, 0, 0, 30.43%, 0, 0, 2, 326.83, 28572, 7
92, 12, 2, 3, 0, 0, 30.43%, 0, 0, 2, 325.02, 30248, 7
97, 12, 2, 3, 0, 0, 30.43%, 0, 0, 2, 327.90, 31948, 7
102, 13, 2, 3, 0, 0, 30.43%, 0, 0, 2, 328.20, 33636, 7
107, 14, 2, 3, 0, 0, 30.43%, 0, 0, 2, 327.03, 35328, 7
112, 14, 0, 3, 0, 0, 30.43%, 0, 0, 2, 325.67, 36982, 7
118, 15, 0, 3, 0, 0, 30.43%, 0, 0, 2, 325.72, 38665, 7
123, 15, 2, 3, 0, 0, 30.43%, 0, 0, 2, 327.11, 40324, 7
128, 16, 2, 3, 0, 0, 30.43%, 0, 0, 2, 329.35, 42024, 7
133, 17, 2, 3, 0, 0, 30.43%, 0, 0, 2, 328.42, 43706, 7
138, 18, 2, 3, 0, 0, 30.43%, 0, 0, 2, 328.06, 45412, 7
143, 19, 0, 3, 0, 0, 30.43%, 0, 0, 2, 327.34, 47098, 7
148, 19, 2, 3, 0, 0, 30.43%, 0, 0, 2, 328.43, 48739, 7
153, 20, 0, 3, 0, 0, 30.43%, 0, 0, 2, 327.72, 50407, 7
159, 20, 2, 3, 0, 0, 30.43%, 0, 0, 2, 328.08, 52096, 7
164, 21, 2, 3, 0, 0, 30.43%, 0, 0, 2, 328.28, 53782, 7
169, 22, 2, 3, 0, 0, 30.43%, 0, 0, 2, 326.13, 55452, 7
174, 23, 2, 3, 0, 0, 30.43%, 0, 0, 2, 326.94, 57146, 7
179, 23, 2, 3, 0, 0, 30.43%, 0, 0, 2, 326.33, 58815, 7
184, 24, 2, 3, 0, 0, 30.43%, 0, 0, 2, 327.63, 60509, 7
189, 25, 0, 3, 0, 0, 30.43%, 0, 0, 2, 327.40, 62201, 7
195, 25, 0, 3, 0, 0, 30.43%, 0, 0, 2, 326.86, 63866, 7
200, 26, 2, 3, 0, 0, 30.43%, 0, 0, 2, 325.36, 65523, 7
205, 26, 2, 3, 0, 0, 30.43%, 0, 0, 2, 327.70, 67215, 7
210, 27, 0, 3, 0, 0, 30.43%, 0, 0, 2, 326.95, 68880, 7
215, 27, 0, 3, 0, 0, 30.43%, 0, 0, 2, 325.91, 70535, 7
220, 28, 2, 3, 0, 0, 30.43%, 0, 0, 2, 326.76, 72206, 7
225, 29, 2, 3, 0, 0, 30.43%, 0, 0, 2, 328.75, 73906, 7
230, 29, 2, 3, 0, 0, 30.43%, 0, 0, 2, 328.24, 75592, 7
236, 30, 0, 3, 0, 0, 30.43%, 0, 0, 2, 326.20, 77254, 7
241, 30, 0, 3, 0, 0, 30.43%, 0, 0, 2, 325.40, 78932, 7
246, 31, 2, 3, 0, 0, 30.43%, 0, 0, 2, 326.91, 80613, 7
251, 31, 2, 3, 0, 0, 30.43%, 0, 0, 2, 327.12, 82295, 7
256, 32, 2, 3, 0, 0, 30.43%, 0, 0, 2, 328.08, 83987, 7
261, 33, 0, 3, 0, 0, 30.43%, 0, 0, 2, 328.40, 85687, 7
266, 33, 2, 3, 0, 0, 30.43%, 0, 0, 2, 326.27, 87344, 7
272, 34, 2, 3, 0, 0, 30.43%, 0, 0, 2, 327.97, 89038, 7
277, 35, 2, 3, 0, 0, 30.43%, 0, 0, 2, 327.85, 90726, 7
282, 36, 2, 3, 0, 0, 30.43%, 0, 0, 2, 329.10, 92432, 7
287, 37, 2, 3, 0, 0, 30.43%, 0, 0, 2, 327.01, 94130, 7
292, 37, 2, 3, 0, 0, 30.43%, 0, 0, 2, 325.65, 95812, 7
297, 38, 0, 3, 0, 0, 30.43%, 0, 0, 2, 324.83, 97478, 7
303, 38, 2, 3, 0, 0, 30.43%, 0, 0, 2, 325.82, 99158, 7
308, 39, 2, 3, 0, 0, 30.43%, 0, 0, 2, 327.78, 100844, 7
313, 40, 2, 3, 0, 0, 30.43%, 0, 0, 2, 328.83, 102538, 7
318, 40, 0, 3, 0, 0, 30.43%, 0, 0, 2, 325.70, 104200, 7
323, 41, 2, 3, 0, 0, 30.43%, 0, 0, 2, 327.95, 105847, 7
328, 42, 2, 3, 0, 0, 30.43%, 0, 0, 2, 328.24, 107535, 7
333, 43, 2, 3, 0, 0, 30.43%, 0, 0, 2, 328.19, 109241, 7
338, 43, 0, 3, 0, 0, 30.43%, 0, 0, 2, 326.83, 110931, 7
344, 44, 2, 3, 0, 0, 30.43%, 0, 0, 2, 327.51, 112622, 7
349, 45, 2, 3, 0, 0, 30.43%, 0, 0, 2, 325.09, 114278, 7
354, 45, 2, 3, 0, 0, 30.43%, 0, 0, 2, 327.76, 115966, 7
358, 46, 2, 3, 0, 0, 30.43%, 1, 0, 2, 0.00, 117352, 7
