# relative_time, cycles_done, cur_item, corpus_count, pending_total, pending_favs, map_size, saved_crashes, saved_hangs, max_depth, execs_per_sec, total_execs, edges_found
61, 9, 1, 3, 0, 0, 36.00%, 0, 0, 2, 322.25, 20387, 9
66, 10, 1, 3, 0, 0, 36.00%, 0, 0, 2, 320.61, 22030, 9
72, 11, 2, 3, 0, 0, 36.00%, 0, 0, 2, 324.62, 23719, 9
77, 12, 1, 3, 0, 0, 36.00%, 0, 0, 2, 328.55, 25423, 9
82, 13, 1, 3, 0, 0, 36.00%, 0, 0, 2, 327.87, 27109, 9
87, 14, 1, 3, 0, 0, 36.00%, 0, 0, 2, 324.59, 28770, 9
92, 15, 0, 3, 0, 0, 36.00%, 0, 0, 2, 327.06, 30462, 9
97, 16, 1, 3, 0, 0, 36.00%, 0, 0, 2, 325.66, 32138, 9
103, 17, 0, 3, 0, 0, 36.00%, 0, 0, 2, 323.92, 33827, 9
108, 17, 1, 3, 0, 0, 36.00%, 0, 0, 2, 327.48, 35503, 9
113, 18, 0, 3, 0, 0, 36.00%, 0, 0, 2, 326.84, 37210, 9
118, 19, 0, 3, 0, 0, 36.00%, 0, 0, 2, 322.34, 38859, 9
123, 19, 0, 3, 0, 0, 36.00%, 0, 0, 2, 322.46, 40523, 9
128, 20, 1, 3, 0, 0, 36.00%, 0, 0, 2, 328.47, 42181, 9
133, 21, 0, 3, 0, 0, 36.00%, 0, 0, 2, 326.45, 43819, 9
138, 22, 1, 3, 0, 0, 36.00%, 0, 0, 2, 327.42, 45501, 9
143, 23, 1, 3, 0, 0, 36.00%, 0, 0, 2, 330.41, 47175, 9
149, 23, 0, 3, 0, 0, 36.00%, 0, 0, 2, 323.77, 48837, 9
154, 25, 1, 3, 0, 0, 36.00%, 0, 0, 2, 330.46, 50513, 9
159, 25, 0, 3, 0, 0, 36.00%, 0, 0, 2, 323.42, 52177, 9
164, 26, 1, 3, 0, 0, 36.00%, 0, 0, 2, 325.77, 53853, 9
169, 26, 0, 3, 0, 0, 36.00%, 0, 0, 2, 323.56, 55521, 9
174, 27, 1, 3, 0, 0, 36.00%, 0, 0, 2, 328.59, 57233, 9
179, 29, 1, 3, 0, 0, 36.00%, 0, 0, 2, 327.93, 58919, 9
184, 29, 1, 3, 0, 0, 36.00%, 0, 0, 2, 324.51, 60574, 9
190, 30, 2, 3, 0, 0, 36.00%, 0, 0, 2, 326.98, 62287, 9
195, 31, 1, 3, 0, 0, 36.00%, 0, 0, 2, 329.12, 63937, 9
200, 33, 1, 3, 0, 0, 36.00%, 0, 0, 2, 329.23, 65641, 9
205, 33, 0, 3, 0, 0, 36.00%, 0, 0, 2, 325.44, 67327, 9
210, 34, 1, 3, 0, 0, 36.00%, 0, 0, 2, 327.21, 69006, 9
215, 35, 0, 3, 0, 0, 36.00%, 0, 0, 2, 326.12, 70692, 9
220, 36, 1, 3, 0, 0, 36.00%, 0, 0, 2, 327.22, 72368, 9
226, 37, 2, 3, 0, 0, 36.00%, 0, 0, 2, 323.88, 74035, 9
231, 38, 0, 3, 0, 0, 36.00%, 0, 0, 2, 329.15, 75739, 9
236, 38, 0, 3, 0, 0, 36.00%, 0, 0, 2, 324.27, 77403, 9
241, 39, 0, 3, 0, 0, 36.00%, 0, 0, 2, 323.24, 79055, 9
246, 39, 0, 3, 0, 0, 36.00%, 0, 0, 2, 322.12, 80704, 9
251, 39, 0, 3, 0, 0, 36.00%, 0, 0, 2, 320.02, 82356, 9
256, 40, 2, 3, 0, 0, 36.00%, 0, 0, 2, 328.20, 84002, 9
262, 42, 1, 3, 0, 0, 36.00%, 0, 0, 2, 328.14, 85700, 9
267, 43, 1, 3, 0, 0, 36.00%, 0, 0, 2, 326.61, 87347, 9
272, 44, 1, 3, 0, 0, 36.00%, 0, 0, 2, 328.76, 88997, 9
277, 45, 2, 3, 0, 0, 36.00%, 0, 0, 2, 328.79, 90647, 9
282, 46, 0, 3, 0, 0, 36.00%, 0, 0, 2, 324.21, 92276, 9
287, 46, 0, 3, 0, 0, 36.00%, 0, 0, 2, 322.35, 93934, 9
292, 47, 2, 3, 0, 0, 36.00%, 0, 0, 2, 327.96, 95586, 9
297, 48, 1, 3, 0, 0, 36.00%, 0, 0, 2, 330.68, 97305, 9
302, 49, 1, 3, 0, 0, 36.00%, 0, 0, 2, 329.79, 99015, 9
307, 50, 0, 3, 0, 0, 36.00%, 0, 0, 2, 324.94, 100686, 9
313, 51, 1, 3, 0, 0, 36.00%, 0, 0, 2, 327.53, 102380, 9
318, 52, 1, 3, 0, 0, 36.00%, 0, 0, 2, 324.76, 104053, 9
323, 53, 1, 3, 0, 0, 36.00%, 0, 0, 2, 329.05, 105772, 9
328, 54, 0, 3, 0, 0, 36.00%, 0, 0, 2, 323.58, 107434, 9
333, 54, 0, 3, 0, 0, 36.00%, 0, 0, 2, 323.91, 109113, 9
338, 55, 0, 3, 0, 0, 36.00%, 0, 0, 2, 324.30, 110789, 9
344, 55, 0, 3, 0, 0, 36.00%, 0, 0, 2, 323.13, 112459, 9
349, 56, 0, 3, 0, 0, 36.00%, 0, 0, 2, 321.23, 114108, 9
354, 56, 0, 3, 0, 0, 36.00%, 0, 0, 2, 322.34, 115775, 9
359, 57, 0, 3, 0, 0, 36.00%, 0, 0, 2, 326.56, 117478, 9
364, 58, 0, 3, 0, 0, 36.00%, 0, 0, 2, 323.74, 119148, 9
369, 58, 0, 3, 0, 0, 36.00%, 0, 0, 2, 321.76, 120803, 9
374, 59, 1, 3, 0, 0, 36.00%, 0, 0, 2, 329.12, 122472, 9
380, 59, 1, 3, 0, 0, 36.00%, 0, 0, 2, 324.74, 124143, 9
385, 60, 0, 3, 0, 0, 36.00%, 0, 0, 2, 324.96, 125820, 9
390, 61, 0, 3, 0, 0, 36.00%, 0, 0, 2, 323.82, 127490, 9
395, 61, 0, 3, 0, 0, 36.00%, 0, 0, 2, 322.85, 129166, 9
400, 62, 1, 3, 0, 0, 36.00%, 0, 0, 2, 329.37, 130833, 9
405, 63, 1, 3, 0, 0, 36.00%, 0, 0, 2, 327.74, 132519, 9
410, 65, 1, 3, 0, 0, 36.00%, 0, 0, 2, 330.53, 134181, 9
416, 66, 2, 3, 0, 0, 36.00%, 0, 0, 2, 328.53, 135876, 9
421, 67, 1, 3, 0, 0, 36.00%, 0, 0, 2, 328.95, 137526, 9
426, 68, 0, 3, 0, 0, 36.00%, 0, 0, 2, 327.46, 139224, 9
431, 69, 0, 3, 0, 0, 36.00%, 0, 0, 2, 326.81, 140897, 9
436, 69, 1, 3, 0, 0, 36.00%, 0, 0, 2, 327.48, 142585, 9
441, 70, 1, 3, 0, 0, 36.00%, 0, 0, 2, 329.17, 144271, 9
446, 71, 2, 3, 0, 0, 36.00%, 0, 0, 2, 327.84, 145975, 9
452, 73, 1, 3, 0, 0, 36.00%, 0, 0, 2, 329.93, 147685, 9
457, 73, 0, 3, 0, 0, 36.00%, 0, 0, 2, 323.70, 149343, 9
462, 74, 1, 3, 0, 0, 36.00%, 0, 0, 2, 327.89, 151046, 9
467, 75, 2, 3, 0, 0, 36.00%, 0, 0, 2, 329.69, 152702, 9
472, 76, 0, 3, 0, 0, 36.00%, 0, 0, 2, 324.23, 154328, 9
477, 76, 2, 3, 0, 0, 36.00%, 0, 0, 2, 326.14, 156010, 9
482, 77, 0, 3, 0, 0, 36.00%, 0, 0, 2, 324.51, 157683, 9
487, 78, 1, 3, 0, 0, 36.00%, 0, 0, 2, 327.10, 159368, 9
492, 79, 0, 3, 0, 0, 36.00%, 0, 0, 2, 327.31, 161009, 9
498, 79, 0, 3, 0, 0, 36.00%, 0, 0, 2, 323.88, 162679, 9
503, 80, 1, 3, 0, 0, 36.00%, 0, 0, 2, 327.47, 164379, 9
508, 81, 0, 3, 0, 0, 36.00%, 0, 0, 2, 329.32, 166095, 9
509, 81, 0, 3, 0, 0, 36.00%, 1, 0, 2, 315.94, 166529, 9
