# relative_time, cycles_done, cur_item, corpus_count, pending_total, pending_favs, map_size, saved_crashes, saved_hangs, max_depth, execs_per_sec, total_execs, edges_found
61, 10, 2, 3, 0, 0, 32.26%, 0, 0, 2, 325.53, 20151, 10
66, 11, 2, 3, 0, 0, 32.26%, 0, 0, 2, 329.34, 21864, 10
71, 12, 0, 3, 0, 0, 32.26%, 0, 0, 2, 326.65, 23565, 10
77, 13, 2, 3, 0, 0, 32.26%, 0, 0, 2, 326.91, 25253, 10
82, 14, 2, 3, 0, 0, 32.26%, 0, 0, 2, 327.82, 26900, 10
87, 15, 0, 3, 0, 0, 32.26%, 0, 0, 2, 324.08, 28583, 10
92, 16, 2, 3, 0, 0, 32.26%, 0, 0, 2, 328.92, 30244, 10
97, 17, 2, 3, 0, 0, 32.26%, 0, 0, 2, 331.37, 31930, 10
102, 19, 2, 3, 0, 0, 32.26%, 0, 0, 2, 330.94, 33592, 10
107, 19, 0, 3, 0, 0, 32.26%, 0, 0, 2, 325.59, 35281, 10
112, 20, 2, 3, 0, 0, 32.26%, 0, 0, 2, 328.50, 36972, 10
117, 21, 2, 3, 0, 0, 32.26%, 0, 0, 2, 325.68, 38651, 10
123, 21, 0, 3, 0, 0, 32.26%, 0, 0, 2, 323.66, 40316, 10
128, 22, 2, 3, 0, 0, 32.26%, 0, 0, 2, 324.74, 41982, 10
133, 23, 0, 3, 0, 0, 32.26%, 0, 0, 2, 325.06, 43662, 10
138, 24, 2, 3, 0, 0, 32.26%, 0, 0, 2, 328.76, 45371, 10
143, 24, 0, 3, 0, 0, 32.26%, 0, 0, 2, 326.16, 47015, 10
148, 25, 2, 3, 0, 0, 32.26%, 0, 0, 2, 325.69, 48703, 10
149, 25, 2, 3, 0, 0, 32.26%, 1, 0, 2, 310.91, 48784, 10
