# relative_time, cycles_done, cur_item, corpus_count, pending_total, pending_favs, map_size, saved_crashes, saved_hangs, max_depth, execs_per_sec, total_execs, edges_found
61, 7, 0, 3, 0, 0, 32.26%, 0, 0, 2, 321.31, 19979, 10
66, 7, 0, 3, 0, 0, 32.26%, 0, 0, 2, 321.72, 21652, 10
72, 8, 2, 3, 0, 0, 32.26%, 0, 0, 2, 322.44, 23306, 10
77, 9, 2, 3, 0, 0, 32.26%, 0, 0, 2, 328.02, 25013, 10
82, 9, 0, 3, 0, 0, 32.26%, 0, 0, 2, 322.86, 26674, 10
87, 10, 2, 3, 0, 0, 32.26%, 0, 0, 2, 325.06, 28353, 10
92, 11, 0, 3, 0, 0, 32.26%, 0, 0, 2, 325.16, 30039, 10
97, 12, 2, 3, 0, 0, 32.26%, 0, 0, 2, 326.79, 31712, 10
103, 13, 2, 3, 0, 0, 32.26%, 0, 0, 2, 329.52, 33428, 10
108, 14, 0, 3, 0, 0, 32.26%, 0, 0, 2, 325.70, 35120, 10
113, 15, 0, 3, 0, 0, 32.26%, 0, 0, 2, 328.34, 36823, 10
118, 16, 2, 3, 0, 0, 32.26%, 0, 0, 2, 325.66, 38499, 10
123, 17, 0, 3, 0, 0, 32.26%, 0, 0, 2, 326.08, 40194, 10
128, 18, 2, 3, 0, 0, 32.26%, 0, 0, 2, 326.18, 41855, 10
134, 19, 0, 3, 0, 0, 32.26%, 0, 0, 2, 328.31, 43559, 10
139, 19, 0, 3, 0, 0, 32.26%, 0, 0, 2, 320.67, 45202, 10
144, 20, 2, 3, 0, 0, 32.26%, 0, 0, 2, 324.80, 46890, 10
149, 21, 0, 3, 0, 0, 32.26%, 0, 0, 2, 324.30, 48576, 10
154, 21, 0, 3, 0, 0, 32.26%, 0, 0, 2, 323.78, 50240, 10
159, 22, 2, 3, 0, 0, 32.26%, 0, 0, 2, 328.64, 51949, 10
165, 23, 2, 3, 0, 0, 32.26%, 0, 0, 2, 327.02, 53647, 10
170, 24, 0, 3, 0, 0, 32.26%, 0, 0, 2, 323.51, 55321, 10
175, 24, 2, 3, 0, 0, 32.26%, 0, 0, 2, 322.68, 56972, 10
180, 26, 2, 3, 0, 0, 32.26%, 0, 0, 2, 327.81, 58628, 10
185, 27, 2, 3, 0, 0, 32.26%, 0, 0, 2, 329.63, 60344, 10
190, 27, 0, 3, 0, 0, 32.26%, 0, 0, 2, 323.87, 62012, 10
195, 28, 0, 3, 0, 0, 32.26%, 0, 0, 2, 327.08, 63664, 10
201, 29, 0, 3, 0, 0, 32.26%, 0, 0, 2, 324.70, 65325, 10
206, 29, 2, 3, 0, 0, 32.26%, 0, 0, 2, 325.49, 66995, 10
211, 30, 0, 3, 0, 0, 32.26%, 0, 0, 2, 323.13, 68618, 10
216, 31, 2, 3, 0, 0, 32.26%, 0, 0, 2, 326.37, 70303, 10
221, 32, 0, 3, 0, 0, 32.26%, 0, 0, 2, 324.24, 71989, 10
226, 32, 2, 3, 0, 0, 32.26%, 0, 0, 2, 323.30, 73637, 10
231, 34, 2, 3, 0, 0, 32.26%, 0, 0, 2, 329.25, 75353, 10
236, 35, 2, 3, 0, 0, 32.26%, 0, 0, 2, 328.17, 77048, 10
242, 35, 0, 3, 0, 0, 32.26%, 0, 0, 2, 323.91, 78725, 10
247, 36, 2, 3, 0, 0, 32.26%, 0, 0, 2, 323.19, 80382, 10
252, 37, 2, 3, 0, 0, 32.26%, 0, 0, 2, 328.25, 82083, 10
257, 38, 0, 3, 0, 0, 32.26%, 0, 0, 2, 324.39, 83766, 10
262, 38, 0, 3, 0, 0, 32.26%, 0, 0, 2, 322.48, 85427, 10
267, 39, 2, 3, 0, 0, 32.26%, 0, 0, 2, 327.92, 87070, 10
272, 40, 0, 3, 0, 0, 32.26%, 0, 0, 2, 326.61, 88753, 10
278, 41, 2, 3, 0, 0, 32.26%, 0, 0, 2, 327.43, 90435, 10
283, 42, 0, 3, 0, 0, 32.26%, 0, 0, 2, 329.10, 92145, 10
288, 43, 2, 3, 0, 0, 32.26%, 0, 0, 2, 326.40, 93809, 10
293, 44, 2, 3, 0, 0, 32.26%, 0, 0, 2, 328.25, 95453, 10
298, 45, 2, 3, 0, 0, 32.26%, 0, 0, 2, 330.83, 97175, 10
303, 47, 2, 3, 0, 0, 32.26%, 0, 0, 2, 328.19, 98870, 10
308, 48, 2, 3, 0, 0, 32.26%, 0, 0, 2, 328.46, 100565, 10
314, 49, 0, 3, 0, 0, 32.26%, 0, 0, 2, 326.76, 102269, 10
319, 49, 0, 3, 0, 0, 32.26%, 0, 0, 2, 322.61, 103923, 10
324, 50, 2, 3, 0, 0, 32.26%, 0, 0, 2, 324.82, 105596, 10
329, 50, 0, 3, 0, 0, 32.26%, 0, 0, 2, 324.37, 107288, 10
334, 51, 2, 3, 0, 0, 32.26%, 0, 0, 2, 326.63, 108982, 10
340, 52, 0, 3, 0, 0, 32.26%, 0, 0, 2, 325.32, 110659, 10
345, 53, 0, 3, 0, 0, 32.26%, 0, 0, 2, 325.22, 112293, 10
350, 53, 0, 3, 0, 0, 32.26%, 0, 0, 2, 321.64, 113957, 10
355, 54, 2, 3, 0, 0, 32.26%, 0, 0, 2, 324.88, 115579, 10
360, 55, 0, 3, 0, 0, 32.26%, 0, 0, 2, 322.16, 117244, 10
365, 55, 0, 3, 0, 0, 32.26%, 0, 0, 2, 323.86, 118872, 10
370, 56, 0, 3, 0, 0, 32.26%, 0, 0, 2, 321.64, 120521, 10
375, 56, 2, 3, 0, 0, 32.26%, 0, 0, 2, 323.17, 122196, 10
380, 57, 0, 3, 0, 0, 32.26%, 0, 0, 2, 321.52, 123869, 10
385, 57, 0, 3, 0, 0, 32.26%, 0, 0, 2, 321.50, 125518, 10
391, 57, 0, 3, 0, 0, 32.26%, 0, 0, 2, 321.03, 127173, 10
396, 58, 2, 3, 0, 0, 32.26%, 0, 0, 2, 311.61, 128791, 10
401, 59, 0, 3, 0, 0, 32.26%, 0, 0, 2, 322.67, 130471, 10
406, 59, 0, 3, 0, 0, 32.26%, 0, 0, 2, 320.51, 132126, 10
411, 60, 2, 3, 0, 0, 32.26%, 0, 0, 2, 328.03, 133826, 10
416, 61, 0, 3, 0, 0, 32.26%, 0, 0, 2, 322.75, 135512, 10
422, 61, 0, 3, 0, 0, 32.26%, 0, 0, 2, 323.93, 137175, 10
427, 62, 0, 3, 0, 0, 32.26%, 0, 0, 2, 322.55, 138845, 10
432, 62, 0, 3, 0, 0, 32.26%, 0, 0, 2, 322.59, 140509, 10
437, 63, 2, 3, 0, 0, 32.26%, 0, 0, 2, 325.05, 142191, 10
442, 63, 0, 3, 0, 0, 32.26%, 0, 0, 2, 322.32, 143849, 10
448, 64, 1, 3, 0, 0, 32.26%, 0, 0, 2, 325.65, 145531, 10
453, 65, 0, 3, 0, 0, 32.26%, 0, 0, 2, 324.45, 147214, 10
458, 66, 0, 3, 0, 0, 32.26%, 0, 0, 2, 325.11, 148890, 10
463, 67, 2, 3, 0, 0, 32.26%, 0, 0, 2, 327.27, 150581, 10
468, 67, 2, 3, 0, 0, 32.26%, 0, 0, 2, 323.32, 152242, 10
473, 68, 2, 3, 0, 0, 32.26%, 0, 0, 2, 326.21, 153927, 10
479, 69, 0, 3, 0, 0, 32.26%, 0, 0, 2, 326.21, 155631, 10
484, 69, 0, 3, 0, 0, 32.26%, 0, 0, 2, 319.94, 157268, 10
489, 69, 0, 3, 0, 0, 32.26%, 0, 0, 2, 320.56, 158910, 10
494, 70, 0, 3, 0, 0, 32.26%, 0, 0, 2, 322.15, 160574, 10
499, 70, 0, 3, 0, 0, 32.26%, 0, 0, 2, 320.61, 162217, 10
504, 71, 2, 3, 0, 0, 32.26%, 0, 0, 2, 326.11, 163902, 10
509, 72, 0, 3, 0, 0, 32.26%, 0, 0, 2, 324.89, 165569, 10
515, 72, 0, 3, 0, 0, 32.26%, 0, 0, 2, 325.05, 167248, 10
520, 72, 0, 3, 0, 0, 32.26%, 0, 0, 2, 320.19, 168880, 10
525, 73, 0, 3, 0, 0, 32.26%, 0, 0, 2, 321.54, 170529, 10
530, 73, 0, 3, 0, 0, 32.26%, 0, 0, 2, 324.83, 172229, 10
535, 74, 2, 3, 0, 0, 32.26%, 0, 0, 2, 327.48, 173917, 10
540, 75, 0, 3, 0, 0, 32.26%, 0, 0, 2, 326.47, 175621, 10
546, 76, 2, 3, 0, 0, 32.26%, 0, 0, 2, 327.29, 177318, 10
551, 77, 2, 3, 0, 0, 32.26%, 0, 0, 2, 324.91, 178991, 10
556, 77, 0, 3, 0, 0, 32.26%, 0, 0, 2, 324.33, 180674, 10
561, 78, 2, 3, 0, 0, 32.26%, 0, 0, 2, 323.41, 182334, 10
566, 78, 0, 3, 0, 0, 32.26%, 0, 0, 2, 323.50, 184011, 10
571, 79, 0, 3, 0, 0, 32.26%, 0, 0, 2, 320.86, 185668, 10
577, 79, 0, 3, 0, 0, 32.26%, 0, 0, 2, 321.33, 187320, 10
582, 80, 0, 3, 0, 0, 32.26%, 0, 0, 2, 321.76, 188978, 10
587, 80, 1, 3, 0, 0, 32.26%, 0, 0, 2, 326.10, 190660, 10
592, 81, 2, 3, 0, 0, 32.26%, 0, 0, 2, 323.30, 192318, 10
597, 82, 2, 3, 0, 0, 32.26%, 0, 0, 2, 317.64, 193949, 10
602, 83, 2, 3, 0, 0, 32.26%, 0, 0, 2, 324.90, 195626, 10
608, 84, 0, 3, 0, 0, 32.26%, 0, 0, 2, 320.92, 197291, 10
613, 84, 0, 3, 0, 0, 32.26%, 0, 0, 2, 320.79, 198961, 10
618, 85, 2, 3, 0, 0, 32.26%, 0, 0, 2, 317.09, 200606, 10
623, 86, 2, 3, 0, 0, 32.26%, 0, 0, 2, 326.36, 202289, 10
628, 86, 0, 3, 0, 0, 32.26%, 0, 0, 2, 321.69, 203938, 10
633, 87, 2, 3, 0, 0, 32.26%, 0, 0, 2, 324.20, 205605, 10
639, 88, 2, 3, 0, 0, 32.26%, 0, 0, 2, 328.27, 207309, 10
644, 89, 0, 3, 0, 0, 32.26%, 0, 0, 2, 326.62, 208944, 10
649, 90, 2, 3, 0, 0, 32.26%, 0, 0, 2, 325.55, 210617, 10
654, 91, 2, 3, 0, 0, 32.26%, 0, 0, 2, 328.18, 212309, 10
659, 92, 2, 3, 0, 0, 32.26%, 0, 0, 2, 328.66, 214006, 10
664, 92, 0, 3, 0, 0, 32.26%, 0, 0, 2, 321.73, 215671, 10
669, 93, 2, 3, 0, 0, 32.26%, 0, 0, 2, 324.59, 217338, 10
675, 94, 0, 3, 0, 0, 32.26%, 0, 0, 2, 321.96, 218997, 10
680, 94, 0, 3, 0, 0, 32.26%, 0, 0, 2, 323.94, 220673, 10
685, 95, 0, 3, 0, 0, 32.26%, 0, 0, 2, 320.57, 222322, 10
690, 95, 0, 3, 0, 0, 32.26%, 0, 0, 2, 322.48, 224004, 10
695, 96, 0, 3, 0, 0, 32.26%, 0, 0, 2, 319.38, 225653, 10
700, 96, 0, 3, 0, 0, 32.26%, 0, 0, 2, 320.87, 227311, 10
705, 97, 2, 3, 0, 0, 32.26%, 0, 0, 2, 326.31, 228990, 10
711, 99, 2, 3, 0, 0, 32.26%, 0, 0, 2, 327.69, 230688, 10
716, 100, 2, 3, 0, 0, 32.26%, 0, 0, 2, 327.78, 232371, 10
721, 101, 0, 3, 0, 0, 32.26%, 0, 0, 2, 327.66, 234015, 10
726, 101, 2, 3, 0, 0, 32.26%, 0, 0, 2, 325.70, 235679, 10
731, 102, 0, 3, 0, 0, 32.26%, 0, 0, 2, 322.74, 237350, 10
736, 103, 2, 3, 0, 0, 32.26%, 0, 0, 2, 326.14, 239041, 10
741, 104, 0, 3, 0, 0, 32.26%, 0, 0, 2, 326.86, 240745, 10
747, 105, 0, 3, 0, 0, 32.26%, 0, 0, 2, 324.50, 242418, 10
752, 106, 1, 3, 0, 0, 32.26%, 0, 0, 2, 324.36, 244091, 10
757, 107, 2, 3, 0, 0, 32.26%, 0, 0, 2, 328.28, 245804, 10
762, 107, 0, 3, 0, 0, 32.26%, 0, 0, 2, 323.84, 247481, 10
767, 108, 1, 3, 0, 0, 32.26%, 0, 0, 2, 320.97, 249144, 10
773, 109, 2, 3, 0, 0, 32.26%, 0, 0, 2, 321.06, 250796, 10
778, 109, 0, 3, 0, 0, 32.26%, 0, 0, 2, 322.69, 252470, 10
783, 110, 0, 3, 0, 0, 32.26%, 0, 0, 2, 321.79, 254119, 10
788, 111, 0, 3, 0, 0, 32.26%, 0, 0, 2, 323.74, 255798, 10
793, 111, 2, 3, 0, 0, 32.26%, 0, 0, 2, 322.93, 257462, 10
798, 112, 0, 3, 0, 0, 32.26%, 0, 0, 2, 319.96, 259124, 10
804, 112, 0, 3, 0, 0, 32.26%, 0, 0, 2, 322.22, 260791, 10
809, 113, 0, 3, 0, 0, 32.26%, 0, 0, 2, 324.82, 262470, 10
814, 114, 2, 3, 0, 0, 32.26%, 0, 0, 2, 325.84, 264143, 10
819, 115, 0, 3, 0, 0, 32.26%, 0, 0, 2, 323.72, 265823, 10
824, 116, 0, 3, 0, 0, 32.26%, 0, 0, 2, 324.74, 267499, 10
829, 116, 0, 3, 0, 0, 32.26%, 0, 0, 2, 321.91, 269151, 10
834, 116, 0, 3, 0, 0, 32.26%, 0, 0, 2, 321.27, 270806, 10
840, 117, 0, 3, 0, 0, 32.26%, 0, 0, 2, 320.52, 272467, 10
845, 117, 2, 3, 0, 0, 32.26%, 0, 0, 2, 321.77, 274115, 10
850, 118, 2, 3, 0, 0, 32.26%, 0, 0, 2, 323.52, 275776, 10
855, 119, 0, 3, 0, 0, 32.26%, 0, 0, 2, 322.55, 277438, 10
860, 119, 0, 3, 0, 0, 32.26%, 0, 0, 2, 319.89, 279087, 10
865, 119, 0, 3, 0, 0, 32.26%, 0, 0, 2, 319.48, 280735, 10
871, 120, 2, 3, 0, 0, 32.26%, 0, 0, 2, 324.78, 282405, 10
876, 121, 2, 3, 0, 0, 32.26%, 0, 0, 2, 323.02, 284069, 10
881, 122, 0, 3, 0, 0, 32.26%, 0, 0, 2, 325.89, 285713, 10
886, 122, 0, 3, 0, 0, 32.26%, 0, 0, 2, 320.20, 287356, 10
891, 123, 2, 3, 0, 0, 32.26%, 0, 0, 2, 324.62, 289038, 10
896, 123, 0, 3, 0, 0, 32.26%, 0, 0, 2, 323.18, 290709, 10
901, 125, 2, 3, 0, 0, 32.26%, 0, 0, 2, 326.07, 292388, 10
907, 126, 2, 3, 0, 0, 32.26%, 0, 0, 2, 327.72, 294086, 10
912, 127, 0, 3, 0, 0, 32.26%, 0, 0, 2, 324.41, 295769, 10
917, 128, 2, 3, 0, 0, 32.26%, 0, 0, 2, 326.28, 297451, 10
922, 129, 0, 3, 0, 0, 32.26%, 0, 0, 2, 325.90, 299098, 10
927, 130, 1, 3, 0, 0, 32.26%, 0, 0, 2, 325.94, 300774, 10
932, 131, 2, 3, 0, 0, 32.26%, 0, 0, 2, 326.72, 302451, 10
937, 132, 2, 3, 0, 0, 32.26%, 0, 0, 2, 324.28, 304112, 10
942, 132, 0, 3, 0, 0, 32.26%, 0, 0, 2, 322.06, 305771, 10
948, 133, 2, 3, 0, 0, 32.26%, 0, 0, 2, 325.49, 307456, 10
953, 134, 0, 3, 0, 0, 32.26%, 0, 0, 2, 322.40, 309070, 10
958, 135, 0, 3, 0, 0, 32.26%, 0, 0, 2, 323.40, 310764, 10
963, 136, 2, 3, 0, 0, 32.26%, 0, 0, 2, 327.12, 312455, 10
968, 136, 2, 3, 0, 0, 32.26%, 0, 0, 2, 323.36, 314119, 10
973, 137, 2, 3, 0, 0, 32.26%, 0, 0, 2, 322.12, 315780, 10
979, 138, 0, 3, 0, 0, 32.26%, 0, 0, 2, 321.68, 317451, 10
984, 138, 2, 3, 0, 0, 32.26%, 0, 0, 2, 325.10, 319124, 10
989, 139, 0, 3, 0, 0, 32.26%, 0, 0, 2, 323.64, 320813, 10
994, 140, 0, 3, 0, 0, 32.26%, 0, 0, 2, 319.26, 322462, 10
999, 140, 0, 3, 0, 0, 32.26%, 0, 0, 2, 319.98, 324110, 10
1004, 141, 0, 3, 0, 0, 32.26%, 0, 0, 2, 323.58, 325783, 10
1010, 141, 2, 3, 0, 0, 32.26%, 0, 0, 2, 324.24, 327456, 10
1015, 142, 0, 3, 0, 0, 32.26%, 0, 0, 2, 321.14, 329121, 10
1020, 142, 2, 3, 0, 0, 32.26%, 0, 0, 2, 322.28, 330775, 10
1025, 143, 2, 3, 0, 0, 32.26%, 0, 0, 2, 322.46, 332436, 10
1030, 143, 0, 3, 0, 0, 32.26%, 0, 0, 2, 321.45, 334104, 10
1035, 144, 0, 3, 0, 0, 32.26%, 0, 0, 2, 323.67, 335741, 10
1040, 145, 0, 3, 0, 0, 32.26%, 0, 0, 2, 324.84, 337405, 10
1045, 146, 2, 3, 0, 0, 32.26%, 0, 0, 2, 323.41, 339057, 10
1051, 147, 2, 3, 0, 0, 32.26%, 0, 0, 2, 325.79, 340749, 10
1056, 148, 2, 3, 0, 0, 32.26%, 0, 0, 2, 328.27, 342453, 10
1061, 149, 2, 3, 0, 0, 32.26%, 0, 0, 2, 322.15, 344114, 10
1066, 150, 0, 3, 0, 0, 32.26%, 0, 0, 2, 322.99, 345788, 10
1071, 150, 2, 3, 0, 0, 32.26%, 0, 0, 2, 325.59, 347470, 10
1077, 151, 2, 3, 0, 0, 32.26%, 0, 0, 2, 325.95, 349159, 10
1082, 152, 2, 3, 0, 0, 32.26%, 0, 0, 2, 323.29, 350820, 10
1087, 153, 0, 3, 0, 0, 32.26%, 0, 0, 2, 323.95, 352509, 10
1092, 154, 2, 3, 0, 0, 32.26%, 0, 0, 2, 312.62, 354128, 10
1094, 154, 0, 3, 0, 0, 32.26%, 1, 0, 2, 304.48, 354883, 10
