# relative_time, cycles_done, cur_item, corpus_count, pending_total, pending_favs, map_size, saved_crashes, saved_hangs, max_depth, execs_per_sec, total_execs, edges_found
60, 8, 2, 3, 0, 0, 30.43%, 0, 0, 2, 334.72, 20340, 7
65, 9, 2, 3, 0, 0, 30.43%, 0, 0, 2, 335.30, 22040, 7
70, 10, 2, 3, 0, 0, 30.43%, 0, 0, 2, 333.24, 23722, 7
75, 11, 2, 3, 0, 0, 30.43%, 0, 0, 2, 333.68, 25390, 7
81, 11, 0, 3, 0, 0, 30.43%, 0, 0, 2, 328.66, 27098, 7
86, 12, 0, 3, 0, 0, 30.43%, 0, 0, 2, 331.25, 28771, 7
91, 13, 2, 3, 0, 0, 30.43%, 0, 0, 2, 329.70, 30458, 7
96, 14, 2, 3, 0, 0, 30.43%, 0, 0, 2, 332.46, 32128, 7
101, 14, 1, 3, 0, 0, 30.43%, 0, 0, 2, 332.08, 33798, 7
106, 15, 2, 3, 0, 0, 30.43%, 0, 0, 2, 333.54, 35484, 7
111, 16, 2, 3, 0, 0, 30.43%, 0, 0, 2, 334.98, 37172, 7
116, 17, 0, 3, 0, 0, 30.43%, 0, 0, 2, 332.69, 38848, 7
121, 17, 2, 3, 0, 0, 30.43%, 0, 0, 2, 330.44, 40541, 7
126, 18, 2, 3, 0, 0, 30.43%, 0, 0, 2, 333.46, 42235, 7
131, 18, 0, 3, 0, 0, 30.43%, 0, 0, 2, 328.15, 43937, 7
136, 19, 2, 3, 0, 0, 30.43%, 0, 0, 2, 331.84, 45604, 7
142, 20, 2, 3, 0, 0, 30.43%, 0, 0, 2, 332.75, 47292, 7
147, 21, 2, 3, 0, 0, 30.43%, 0, 0, 2, 332.43, 48966, 7
152, 22, 0, 3, 0, 0, 30.43%, 0, 0, 2, 330.66, 50690, 7
157, 22, 2, 3, 0, 0, 30.43%, 0, 0, 2, 330.35, 52395, 7
162, 23, 1, 3, 0, 0, 30.43%, 0, 0, 2, 329.90, 54090, 7
167, 23, 2, 3, 0, 0, 30.43%, 0, 0, 2, 333.75, 55788, 7
172, 24, 0, 3, 0, 0, 30.43%, 0, 0, 2, 330.77, 57450, 7
177, 25, 2, 3, 0, 0, 30.43%, 0, 0, 2, 330.74, 59163, 7
183, 25, 2, 3, 0, 0, 30.43%, 0, 0, 2, 328.69, 60856, 7
188, 26, 2, 3, 0, 0, 30.43%, 0, 0, 2, 332.39, 62538, 7
193, 27, 2, 3, 0, 0, 30.43%, 0, 0, 2, 333.46, 64226, 7
198, 28, 2, 3, 0, 0, 30.43%, 0, 0, 2, 333.90, 65914, 7
203, 28, 2, 3, 0, 0, 30.43%, 0, 0, 2, 334.26, 67624, 7
208, 29, 2, 3, 0, 0, 30.43%, 0, 0, 2, 333.15, 69306, 7
213, 30, 2, 3, 0, 0, 30.43%, 0, 0, 2, 333.54, 70976, 7
218, 30, 0, 3, 0, 0, 30.43%, 0, 0, 2, 326.36, 72645, 7
223, 31, 2, 3, 0, 0, 30.43%, 0, 0, 2, 331.66, 74314, 7
228, 32, 2, 3, 0, 0, 30.43%, 0, 0, 2, 331.96, 75978, 7
233, 32, 0, 3, 0, 0, 30.43%, 0, 0, 2, 329.20, 77692, 7
238, 33, 2, 3, 0, 0, 30.43%, 0, 0, 2, 333.30, 79383, 7
241, 33, 2, 3, 0, 0, 30.43%, 1, 0, 2, 321.66, 80324, 7
