# relative_time, cycles_done, cur_item, corpus_count, pending_total, pending_favs, map_size, saved_crashes, saved_hangs, max_depth, execs_per_sec, total_execs, edges_found
61, 9, 0, 3, 0, 0, 32.26%, 0, 0, 2, 326.52, 20036, 10
66, 10, 0, 3, 0, 0, 32.26%, 0, 0, 2, 323.24, 21694, 10
71, 11, 2, 3, 0, 0, 32.26%, 0, 0, 2, 326.62, 23376, 10
76, 11, 0, 3, 0, 0, 32.26%, 0, 0, 2, 325.21, 25047, 10
82, 12, 0, 3, 0, 0, 32.26%, 0, 0, 2, 322.35, 26695, 10
87, 12, 0, 3, 0, 0, 32.26%, 0, 0, 2, 320.73, 28344, 10
92, 13, 1, 3, 0, 0, 32.26%, 0, 0, 2, 325.51, 30034, 10
97, 14, 0, 3, 0, 0, 32.26%, 0, 0, 2, 326.50, 31724, 10
102, 14, 0, 3, 0, 0, 32.26%, 0, 0, 2, 323.55, 33388, 10
107, 15, 2, 3, 0, 0, 32.26%, 0, 0, 2, 324.81, 35070, 10
113, 16, 0, 3, 0, 0, 32.26%, 0, 0, 2, 323.36, 36750, 10
118, 17, 2, 3, 0, 0, 32.26%, 0, 0, 2, 327.73, 38390, 10
123, 17, 2, 3, 0, 0, 32.26%, 0, 0, 2, 324.80, 40054, 10
128, 18, 0, 3, 0, 0, 32.26%, 0, 0, 2, 321.46, 41706, 10
133, 18, 0, 3, 0, 0, 32.26%, 0, 0, 2, 323.70, 43370, 10
138, 19, 0, 3, 0, 0, 32.26%, 0, 0, 2, 323.62, 44989, 10
143, 20, 2, 3, 0, 0, 32.26%, 0, 0, 2, 326.00, 46671, 10
148, 20, 0, 3, 0, 0, 32.26%, 0, 0, 2, 323.05, 48333, 10
154, 21, 2, 3, 0, 0, 32.26%, 0, 0, 2, 327.67, 50027, 10
159, 22, 0, 3, 0, 0, 32.26%, 0, 0, 2, 323.45, 51704, 10
164, 23, 2, 3, 0, 0, 32.26%, 0, 0, 2, 327.22, 53410, 10
169, 24, 0, 3, 0, 0, 32.26%, 0, 0, 2, 324.68, 55099, 10
174, 24, 0, 3, 0, 0, 32.26%, 0, 0, 2, 322.72, 56769, 10
179, 25, 0, 3, 0, 0, 32.26%, 0, 0, 2, 323.72, 58409, 10
184, 26, 2, 3, 0, 0, 32.26%, 0, 0, 2, 321.63, 60025, 10
189, 27, 2, 3, 0, 0, 32.26%, 0, 0, 2, 325.21, 61693, 10
195, 28, 2, 3, 0, 0, 32.26%, 0, 0, 2, 327.80, 63391, 10
200, 29, 0, 3, 0, 0, 32.26%, 0, 0, 2, 326.16, 65071, 10
205, 30, 2, 3, 0, 0, 32.26%, 0, 0, 2, 328.08, 66753, 10
210, 31, 0, 3, 0, 0, 32.26%, 0, 0, 2, 324.90, 68388, 10
215, 32, 2, 3, 0, 0, 32.26%, 0, 0, 2, 325.77, 70067, 10
220, 33, 0, 3, 0, 0, 32.26%, 0, 0, 2, 326.79, 71720, 10
225, 34, 2, 3, 0, 0, 32.26%, 0, 0, 2, 326.53, 73393, 10
230, 35, 2, 3, 0, 0, 32.26%, 0, 0, 2, 328.80, 75046, 10
235, 36, 2, 3, 0, 0, 32.26%, 0, 0, 2, 327.76, 76690, 10
241, 37, 2, 3, 0, 0, 32.26%, 0, 0, 2, 328.04, 78388, 10
246, 38, 2, 3, 0, 0, 32.26%, 0, 0, 2, 326.70, 80061, 10
251, 39, 2, 3, 0, 0, 32.26%, 0, 0, 2, 329.64, 81720, 10
256, 39, 0, 3, 0, 0, 32.26%, 0, 0, 2, 324.77, 83397, 10
261, 40, 0, 3, 0, 0, 32.26%, 0, 0, 2, 322.93, 85064, 10
266, 41, 2, 3, 0, 0, 32.26%, 0, 0, 2, 328.44, 86773, 10
271, 42, 2, 3, 0, 0, 32.26%, 0, 0, 2, 328.83, 88483, 10
276, 44, 2, 3, 0, 0, 32.26%, 0, 0, 2, 330.48, 90145, 10
282, 44, 0, 3, 0, 0, 32.26%, 0, 0, 2, 324.49, 91831, 10
287, 45, 0, 3, 0, 0, 32.26%, 0, 0, 2, 322.65, 93495, 10
292, 45, 0, 3, 0, 0, 32.26%, 0, 0, 2, 323.01, 95180, 10
297, 46, 2, 3, 0, 0, 32.26%, 0, 0, 2, 328.01, 96826, 10
302, 47, 2, 3, 0, 0, 32.26%, 0, 0, 2, 323.58, 98487, 10
307, 48, 2, 3, 0, 0, 32.26%, 0, 0, 2, 324.22, 100160, 10
313, 49, 2, 3, 0, 0, 32.26%, 0, 0, 2, 327.52, 101870, 10
318, 50, 0, 3, 0, 0, 32.26%, 0, 0, 2, 325.46, 103556, 10
323, 50, 2, 3, 0, 0, 32.26%, 0, 0, 2, 327.81, 105244, 10
328, 51, 2, 3, 0, 0, 32.26%, 0, 0, 2, 323.54, 106905, 10
333, 52, 2, 3, 0, 0, 32.26%, 0, 0, 2, 323.93, 108566, 10
338, 52, 0, 3, 0, 0, 32.26%, 0, 0, 2, 323.13, 110234, 10
344, 53, 0, 3, 0, 0, 32.26%, 0, 0, 2, 324.56, 111913, 10
349, 54, 2, 3, 0, 0, 32.26%, 0, 0, 2, 325.76, 113592, 10
354, 54, 0, 3, 0, 0, 32.26%, 0, 0, 2, 324.03, 115263, 10
359, 55, 0, 3, 0, 0, 32.26%, 0, 0, 2, 323.21, 116936, 10
364, 55, 0, 3, 0, 0, 32.26%, 0, 0, 2, 320.88, 118594, 10
369, 56, 2, 3, 0, 0, 32.26%, 0, 0, 2, 323.46, 120245, 10
374, 57, 0, 3, 0, 0, 32.26%, 0, 0, 2, 324.53, 121943, 10
380, 58, 2, 3, 0, 0, 32.26%, 0, 0, 2, 328.02, 123628, 10
385, 58, 0, 3, 0, 0, 32.26%, 0, 0, 2, 323.89, 125299, 10
390, 59, 2, 3, 0, 0, 32.26%, 0, 0, 2, 327.98, 127014, 10
395, 60, 0, 3, 0, 0, 32.26%, 0, 0, 2, 323.16, 128679, 10
400, 61, 2, 3, 0, 0, 32.26%, 0, 0, 2, 327.47, 130379, 10
405, 62, 0, 3, 0, 0, 32.26%, 0, 0, 2, 322.98, 132037, 10
411, 62, 0, 3, 0, 0, 32.26%, 0, 0, 2, 325.05, 133710, 10
416, 63, 2, 3, 0, 0, 32.26%, 0, 0, 2, 324.21, 135371, 10
421, 64, 0, 3, 0, 0, 32.26%, 0, 0, 2, 326.14, 137066, 10
426, 64, 2, 3, 0, 0, 32.26%, 0, 0, 2, 320.46, 138698, 10
431, 65, 2, 3, 0, 0, 32.26%, 0, 0, 2, 322.61, 140377, 10
436, 66, 0, 3, 0, 0, 32.26%, 0, 0, 2, 325.52, 142072, 10
442, 67, 2, 3, 0, 0, 32.26%, 0, 0, 2, 325.94, 143745, 10
447, 67, 2, 3, 0, 0, 32.26%, 0, 0, 2, 326.17, 145424, 10
452, 69, 2, 3, 0, 0, 32.26%, 0, 0, 2, 329.06, 147080, 10
457, 69, 0, 3, 0, 0, 32.26%, 0, 0, 2, 326.83, 148778, 10
462, 70, 0, 3, 0, 0, 32.26%, 0, 0, 2, 322.76, 150433, 10
467, 70, 0, 3, 0, 0, 32.26%, 0, 0, 2, 322.76, 152115, 10
473, 71, 2, 3, 0, 0, 32.26%, 0, 0, 2, 327.36, 153809, 10
478, 73, 0, 3, 0, 0, 32.26%, 0, 0, 2, 329.41, 155471, 10
483, 73, 2, 3, 0, 0, 32.26%, 0, 0, 2, 327.26, 157156, 10
488, 74, 2, 3, 0, 0, 32.26%, 0, 0, 2, 329.42, 158809, 10
493, 75, 2, 3, 0, 0, 32.26%, 0, 0, 2, 323.85, 160476, 10
498, 76, 2, 3, 0, 0, 32.26%, 0, 0, 2, 330.15, 162162, 10
503, 77, 0, 3, 0, 0, 32.26%, 0, 0, 2, 329.16, 163866, 10
508, 78, 2, 3, 0, 0, 32.26%, 0, 0, 2, 326.53, 165530, 10
513, 79, 2, 3, 0, 0, 32.26%, 0, 0, 2, 328.81, 167180, 10
518, 79, 0, 3, 0, 0, 32.26%, 0, 0, 2, 323.05, 168797, 10
523, 80, 0, 3, 0, 0, 32.26%, 0, 0, 2, 325.60, 170431, 10
529, 81, 2, 3, 0, 0, 32.26%, 0, 0, 2, 326.82, 172107, 10
534, 82, 2, 3, 0, 0, 32.26%, 0, 0, 2, 323.76, 173771, 10
539, 83, 2, 3, 0, 0, 32.26%, 0, 0, 2, 329.03, 175430, 10
544, 84, 0, 3, 0, 0, 32.26%, 0, 0, 2, 321.70, 177095, 10
549, 84, 0, 3, 0, 0, 32.26%, 0, 0, 2, 323.45, 178777, 10
554, 85, 0, 3, 0, 0, 32.26%, 0, 0, 2, 321.59, 180426, 10
559, 86, 2, 3, 0, 0, 32.26%, 0, 0, 2, 327.30, 182108, 10
564, 87, 0, 3, 0, 0, 32.26%, 0, 0, 2, 328.51, 183812, 10
570, 88, 2, 3, 0, 0, 32.26%, 0, 0, 2, 324.44, 185473, 10
574, 89, 0, 3, 0, 0, 32.26%, 1, 0, 2, 319.22, 186905, 10
