# relative_time, cycles_done, cur_item, corpus_count, pending_total, pending_favs, map_size, saved_crashes, saved_hangs, max_depth, execs_per_sec, total_execs, edges_found
61, 8, 0, 3, 0, 0, 30.43%, 0, 0, 2, 326.08, 20327, 7
66, 8, 2, 3, 0, 0, 30.43%, 0, 0, 2, 327.24, 21999, 7
71, 9, 2, 3, 0, 0, 30.43%, 0, 0, 2, 333.53, 23705, 7
76, 9, 2, 3, 0, 0, 30.43%, 0, 0, 2, 330.06, 25410, 7
81, 10, 2, 3, 0, 0, 30.43%, 0, 0, 2, 327.23, 27097, 7
86, 11, 2, 3, 0, 0, 30.43%, 0, 0, 2, 333.29, 28791, 7
91, 12, 0, 3, 0, 0, 30.43%, 0, 0, 2, 330.03, 30509, 7
97, 12, 2, 3, 0, 0, 30.43%, 0, 0, 2, 330.60, 32190, 7
102, 13, 2, 3, 0, 0, 30.43%, 0, 0, 2, 333.58, 33866, 7
107, 14, 2, 3, 0, 0, 30.43%, 0, 0, 2, 331.89, 35540, 7
112, 15, 2, 3, 0, 0, 30.43%, 0, 0, 2, 335.02, 37234, 7
117, 16, 2, 3, 0, 0, 30.43%, 0, 0, 2, 333.24, 38910, 7
122, 16, 2, 3, 0, 0, 30.43%, 0, 0, 2, 328.53, 40591, 7
127, 17, 0, 3, 0, 0, 30.43%, 0, 0, 2, 329.22, 42245, 7
132, 17, 2, 3, 0, 0, 30.43%, 0, 0, 2, 331.90, 43912, 7
137, 18, 2, 3, 0, 0, 30.43%, 0, 0, 2, 331.63, 45640, 7
142, 19, 2, 3, 0, 0, 30.43%, 0, 0, 2, 333.90, 47346, 7
147, 20, 2, 3, 0, 0, 30.43%, 0, 0, 2, 334.01, 49028, 7
152, 21, 2, 3, 0, 0, 30.43%, 0, 0, 2, 332.45, 50746, 7
157, 21, 2, 3, 0, 0, 30.43%, 0, 0, 2, 332.69, 52432, 7
163, 22, 0, 3, 0, 0, 30.43%, 0, 0, 2, 327.22, 54130, 7
168, 23, 2, 3, 0, 0, 30.43%, 0, 0, 2, 331.81, 55813, 7
173, 23, 2, 3, 0, 0, 30.43%, 0, 0, 2, 334.06, 57513, 7
178, 24, 0, 3, 0, 0, 30.43%, 0, 0, 2, 327.95, 59203, 7
183, 25, 2, 3, 0, 0, 30.43%, 0, 0, 2, 333.53, 60906, 7
188, 25, 2, 3, 0, 0, 30.43%, 0, 0, 2, 334.19, 62594, 7
193, 26, 2, 3, 0, 0, 30.43%, 0, 0, 2, 334.11, 64294, 7
198, 27, 1, 3, 0, 0, 30.43%, 0, 0, 2, 333.68, 65988, 7
203, 28, 2, 3, 0, 0, 30.43%, 0, 0, 2, 334.30, 67680, 7
208, 29, 2, 3, 0, 0, 30.43%, 0, 0, 2, 333.72, 69356, 7
213, 30, 2, 3, 0, 0, 30.43%, 0, 0, 2, 333.92, 71044, 7
219, 30, 2, 3, 0, 0, 30.43%, 0, 0, 2, 329.30, 72743, 7
224, 30, 2, 3, 0, 0, 30.43%, 0, 0, 2, 328.60, 74430, 7
229, 31, 2, 3, 0, 0, 30.43%, 0, 0, 2, 332.93, 76112, 7
234, 32, 2, 3, 0, 0, 30.43%, 0, 0, 2, 334.64, 77806, 7
239, 33, 0, 3, 0, 0, 30.43%, 0, 0, 2, 328.72, 79496, 7
244, 33, 2, 3, 0, 0, 30.43%, 0, 0, 2, 327.14, 81168, 7
249, 33, 2, 3, 0, 0, 30.43%, 0, 0, 2, 329.00, 82879, 7
254, 34, 2, 3, 0, 0, 30.43%, 0, 0, 2, 333.83, 84579, 7
259, 35, 0, 3, 0, 0, 30.43%, 0, 0, 2, 330.80, 86247, 7
264, 35, 2, 3, 0, 0, 30.43%, 0, 0, 2, 331.52, 87912, 7
270, 37, 2, 3, 0, 0, 30.43%, 0, 0, 2, 333.60, 89616, 7
275, 37, 2, 3, 0, 0, 30.43%, 0, 0, 2, 329.28, 91303, 7
280, 38, 2, 3, 0, 0, 30.43%, 0, 0, 2, 334.10, 92997, 7
285, 38, 0, 3, 0, 0, 30.43%, 0, 0, 2, 329.61, 94699, 7
290, 39, 2, 3, 0, 0, 30.43%, 0, 0, 2, 332.97, 96378, 7
295, 40, 2, 3, 0, 0, 30.43%, 0, 0, 2, 334.28, 98078, 7
300, 41, 2, 3, 0, 0, 30.43%, 0, 0, 2, 331.64, 99742, 7
305, 41, 2, 3, 0, 0, 30.43%, 0, 0, 2, 333.06, 101410, 7
310, 42, 2, 3, 0, 0, 30.43%, 0, 0, 2, 335.07, 103104, 7
315, 43, 2, 3, 0, 0, 30.43%, 0, 0, 2, 333.46, 104792, 7
320, 44, 2, 3, 0, 0, 30.43%, 0, 0, 2, 333.25, 106496, 7
325, 45, 2, 3, 0, 0, 30.43%, 0, 0, 2, 333.25, 108190, 7
330, 46, 0, 3, 0, 0, 30.43%, 0, 0, 2, 331.74, 109878, 7
336, 46, 0, 3, 0, 0, 30.43%, 0, 0, 2, 329.64, 111571, 7
341, 46, 0, 3, 0, 0, 30.43%, 0, 0, 2, 326.03, 113226, 7
346, 47, 2, 3, 0, 0, 30.43%, 0, 0, 2, 330.96, 114897, 7
351, 48, 2, 3, 0, 0, 30.43%, 0, 0, 2, 334.27, 116591, 7
356, 48, 0, 3, 0, 0, 30.43%, 0, 0, 2, 327.07, 118281, 7
361, 49, 0, 3, 0, 0, 30.43%, 0, 0, 2, 328.55, 119961, 7
366, 49, 2, 3, 0, 0, 30.43%, 0, 0, 2, 331.02, 121666, 7
371, 50, 2, 3, 0, 0, 30.43%, 0, 0, 2, 332.67, 123342, 7
376, 51, 2, 3, 0, 0, 30.43%, 0, 0, 2, 332.84, 125028, 7
382, 51, 2, 3, 0, 0, 30.43%, 0, 0, 2, 326.99, 126717, 7
387, 52, 2, 3, 0, 0, 30.43%, 0, 0, 2, 333.55, 128409, 7
392, 53, 0, 3, 0, 0, 30.43%, 0, 0, 2, 327.36, 130111, 7
397, 53, 0, 3, 0, 0, 30.43%, 0, 0, 2, 326.77, 131804, 7
402, 54, 2, 3, 0, 0, 30.43%, 0, 0, 2, 332.94, 133495, 7
407, 55, 2, 3, 0, 0, 30.43%, 0, 0, 2, 333.34, 135189, 7
412, 56, 2, 3, 0, 0, 30.43%, 0, 0, 2, 334.28, 136889, 7
417, 56, 2, 3, 0, 0, 30.43%, 0, 0, 2, 333.55, 138575, 7
422, 57, 2, 3, 0, 0, 30.43%, 0, 0, 2, 333.49, 140251, 7
427, 58, 2, 3, 0, 0, 30.43%, 0, 0, 2, 333.71, 141951, 7
432, 59, 0, 3, 0, 0, 30.43%, 0, 0, 2, 331.78, 143621, 7
437, 59, 2, 3, 0, 0, 30.43%, 0, 0, 2, 329.39, 145308, 7
443, 60, 2, 3, 0, 0, 30.43%, 0, 0, 2, 331.14, 146978, 7
448, 61, 0, 3, 0, 0, 30.43%, 0, 0, 2, 333.13, 148678, 7
453, 61, 2, 3, 0, 0, 30.43%, 0, 0, 2, 330.21, 150377, 7
455, 62, 2, 3, 0, 0, 30.43%, 1, 0, 2, 324.27, 151209, 7
