# relative_time, cycles_done, cur_item, corpus_count, pending_total, pending_favs, map_size, saved_crashes, saved_hangs, max_depth, execs_per_sec, total_execs, edges_found
60, 8, 2, 3, 0, 0, 30.43%, 0, 0, 2, 334.60, 20257, 7
65, 8, 2, 3, 0, 0, 30.43%, 0, 0, 2, 328.07, 21932, 7
70, 9, 2, 3, 0, 0, 30.43%, 0, 0, 2, 331.51, 23614, 7
75, 10, 2, 3, 0, 0, 30.43%, 0, 0, 2, 331.42, 25290, 7
81, 11, 2, 3, 0, 0, 30.43%, 0, 0, 2, 327.45, 26971, 7
86, 11, 2, 3, 0, 0, 30.43%, 0, 0, 2, 327.60, 28610, 7
91, 11, 0, 3, 0, 0, 30.43%, 0, 0, 2, 327.00, 30252, 7
96, 12, 2, 3, 0, 0, 30.43%, 0, 0, 2, 331.29, 31925, 7
101, 13, 2, 3, 0, 0, 30.43%, 0, 0, 2, 334.02, 33607, 7
106, 14, 2, 3, 0, 0, 30.43%, 0, 0, 2, 331.61, 35293, 7
111, 15, 2, 3, 0, 0, 30.43%, 0, 0, 2, 331.52, 36963, 7
116, 16, 2, 3, 0, 0, 30.43%, 0, 0, 2, 334.60, 38663, 7
121, 16, 2, 3, 0, 0, 30.43%, 0, 0, 2, 331.96, 40337, 7
126, 17, 2, 3, 0, 0, 30.43%, 0, 0, 2, 333.23, 42007, 7
131, 18, 2, 3, 0, 0, 30.43%, 0, 0, 2, 328.22, 43688, 7
132, 18, 2, 3, 0, 0, 30.43%, 1, 0, 2, 315.08, 44055, 7
