# relative_time, cycles_done, cur_item, corpus_count, pending_total, pending_favs, map_size, saved_crashes, saved_hangs, max_depth, execs_per_sec, total_execs, edges_found
61, 11, 0, 2, 0, 0, 30.43%, 0, 0, 2, 328.26, 20340, 7
66, 12, 1, 2, 0, 0, 30.43%, 0, 0, 2, 332.89, 22070, 7
71, 14, 1, 2, 0, 0, 30.43%, 0, 0, 2, 334.55, 23768, 7
76, 15, 0, 2, 0, 0, 30.43%, 0, 0, 2, 329.88, 25490, 7
82, 15, 1, 2, 0, 0, 30.43%, 0, 0, 2, 326.98, 27150, 7
87, 17, 1, 2, 0, 0, 30.43%, 0, 0, 2, 333.80, 28860, 7
92, 18, 0, 2, 0, 0, 30.43%, 0, 0, 2, 330.31, 30522, 7
97, 19, 0, 2, 0, 0, 30.43%, 0, 0, 2, 331.44, 32240, 7
102, 19, 0, 2, 0, 0, 30.43%, 0, 0, 2, 329.74, 33925, 7
107, 20, 1, 2, 0, 0, 30.43%, 0, 0, 2, 328.98, 35604, 7
112, 21, 0, 2, 0, 0, 30.43%, 0, 0, 2, 328.96, 37323, 7
115, 22, 1, 2, 0, 0, 30.43%, 1, 0, 2, 321.34, 38275, 7
