# relative_time, cycles_done, cur_item, corpus_count, pending_total, pending_favs, map_size, saved_crashes, saved_hangs, max_depth, execs_per_sec, total_execs, edges_found
61, 8, 1, 3, 0, 0, 32.26%, 0, 0, 2, 326.62, 20195, 10
66, 9, 1, 3, 0, 0, 32.26%, 0, 0, 2, 331.18, 21869, 10
72, 10, 1, 3, 0, 0, 32.26%, 0, 0, 2, 329.82, 23579, 10
77, 11, 0, 3, 0, 0, 32.26%, 0, 0, 2, 325.70, 25260, 10
82, 11, 0, 3, 0, 0, 32.26%, 0, 0, 2, 321.90, 26909, 10
87, 11, 0, 3, 0, 0, 32.26%, 0, 0, 2, 320.58, 28561, 10
92, 12, 1, 3, 0, 0, 32.26%, 0, 0, 2, 324.57, 30245, 10
97, 13, 1, 3, 0, 0, 32.26%, 0, 0, 2, 328.13, 31962, 10
103, 14, 1, 3, 0, 0, 32.26%, 0, 0, 2, 331.51, 33672, 10
108, 15, 2, 3, 0, 0, 32.26%, 0, 0, 2, 325.27, 35333, 10
113, 16, 2, 3, 0, 0, 32.26%, 0, 0, 2, 327.64, 37035, 10
118, 17, 0, 3, 0, 0, 32.26%, 0, 0, 2, 328.56, 38743, 10
123, 17, 2, 3, 0, 0, 32.26%, 0, 0, 2, 324.95, 40398, 10
128, 18, 0, 3, 0, 0, 32.26%, 0, 0, 2, 323.76, 42091, 10
134, 18, 0, 3, 0, 0, 32.26%, 0, 0, 2, 321.59, 43761, 10
139, 19, 0, 3, 0, 0, 32.26%, 0, 0, 2, 320.54, 45423, 10
144, 19, 2, 3, 0, 0, 32.26%, 0, 0, 2, 323.72, 47108, 10
149, 20, 1, 3, 0, 0, 32.26%, 0, 0, 2, 321.85, 48776, 10
154, 21, 0, 3, 0, 0, 32.26%, 0, 0, 2, 328.93, 50444, 10
159, 21, 2, 3, 0, 0, 32.26%, 0, 0, 2, 322.07, 52093, 10
164, 22, 0, 3, 0, 0, 32.26%, 0, 0, 2, 317.18, 53733, 10
170, 23, 1, 3, 0, 0, 32.26%, 0, 0, 2, 325.69, 55431, 10
175, 23, 1, 3, 0, 0, 32.26%, 0, 0, 2, 325.19, 57110, 10
180, 24, 0, 3, 0, 0, 32.26%, 0, 0, 2, 322.53, 58778, 10
185, 25, 2, 3, 0, 0, 32.26%, 0, 0, 2, 322.09, 60434, 10
190, 25, 0, 3, 0, 0, 32.26%, 0, 0, 2, 321.40, 62108, 10
196, 26, 1, 3, 0, 0, 32.26%, 0, 0, 2, 323.54, 63772, 10
201, 27, 2, 3, 0, 0, 32.26%, 0, 0, 2, 325.74, 65447, 10
206, 27, 1, 3, 0, 0, 32.26%, 0, 0, 2, 324.09, 67109, 10
211, 28, 2, 3, 0, 0, 32.26%, 0, 0, 2, 327.14, 68808, 10
216, 29, 1, 3, 0, 0, 32.26%, 0, 0, 2, 328.25, 70508, 10
221, 30, 1, 3, 0, 0, 32.26%, 0, 0, 2, 330.64, 72170, 10
226, 31, 1, 3, 0, 0, 32.26%, 0, 0, 2, 327.52, 73860, 10
232, 32, 2, 3, 0, 0, 32.26%, 0, 0, 2, 327.01, 75538, 10
237, 32, 0, 3, 0, 0, 32.26%, 0, 0, 2, 325.44, 77220, 10
242, 33, 0, 3, 0, 0, 32.26%, 0, 0, 2, 321.89, 78869, 10
247, 33, 2, 3, 0, 0, 32.26%, 0, 0, 2, 325.13, 80540, 10
252, 34, 1, 3, 0, 0, 32.26%, 0, 0, 2, 325.68, 82228, 10
257, 35, 1, 3, 0, 0, 32.26%, 0, 0, 2, 325.65, 83907, 10
262, 36, 0, 3, 0, 0, 32.26%, 0, 0, 2, 325.87, 85571, 10
268, 36, 2, 3, 0, 0, 32.26%, 0, 0, 2, 323.42, 87220, 10
273, 37, 2, 3, 0, 0, 32.26%, 0, 0, 2, 323.49, 88903, 10
278, 37, 1, 3, 0, 0, 32.26%, 0, 0, 2, 326.96, 90549, 10
283, 38, 0, 3, 0, 0, 32.26%, 0, 0, 2, 325.02, 92238, 10
288, 39, 2, 3, 0, 0, 32.26%, 0, 0, 2, 327.22, 93881, 10
293, 40, 0, 3, 0, 0, 32.26%, 0, 0, 2, 324.34, 95553, 10
298, 40, 1, 3, 0, 0, 32.26%, 0, 0, 2, 324.99, 97230, 10
303, 41, 0, 3, 0, 0, 32.26%, 0, 0, 2, 325.64, 98917, 10
309, 42, 1, 3, 0, 0, 32.26%, 0, 0, 2, 326.95, 100584, 10
314, 43, 1, 3, 0, 0, 32.26%, 0, 0, 2, 325.24, 102266, 10
319, 43, 1, 3, 0, 0, 32.26%, 0, 0, 2, 323.33, 103939, 10
324, 44, 1, 3, 0, 0, 32.26%, 0, 0, 2, 323.89, 105621, 10
329, 45, 1, 3, 0, 0, 32.26%, 0, 0, 2, 327.37, 107317, 10
334, 45, 2, 3, 0, 0, 32.26%, 0, 0, 2, 326.85, 108956, 10
339, 46, 1, 3, 0, 0, 32.26%, 0, 0, 2, 323.70, 110609, 10
344, 47, 1, 3, 0, 0, 32.26%, 0, 0, 2, 329.91, 112271, 10
350, 48, 0, 3, 0, 0, 32.26%, 0, 0, 2, 324.30, 113944, 10
355, 48, 2, 3, 0, 0, 32.26%, 0, 0, 2, 321.37, 115599, 10
360, 49, 2, 3, 0, 0, 32.26%, 0, 0, 2, 304.90, 117104, 10
365, 50, 2, 3, 0, 0, 32.26%, 0, 0, 2, 321.75, 118785, 10
370, 50, 2, 3, 0, 0, 32.26%, 0, 0, 2, 324.96, 120485, 10
375, 51, 1, 3, 0, 0, 32.26%, 0, 0, 2, 325.10, 122159, 10
380, 52, 2, 3, 0, 0, 32.26%, 0, 0, 2, 329.43, 123821, 10
385, 53, 2, 3, 0, 0, 32.26%, 0, 0, 2, 327.97, 125514, 10
391, 53, 0, 3, 0, 0, 32.26%, 0, 0, 2, 322.29, 127171, 10
396, 54, 1, 3, 0, 0, 32.26%, 0, 0, 2, 319.94, 128783, 10
401, 55, 2, 3, 0, 0, 32.26%, 0, 0, 2, 321.61, 130457, 10
406, 56, 2, 3, 0, 0, 32.26%, 0, 0, 2, 324.60, 132145, 10
411, 57, 1, 3, 0, 0, 32.26%, 0, 0, 2, 327.45, 133830, 10
416, 58, 1, 3, 0, 0, 32.26%, 0, 0, 2, 326.40, 135520, 10
421, 59, 0, 3, 0, 0, 32.26%, 0, 0, 2, 327.58, 137227, 10
427, 59, 2, 3, 0, 0, 32.26%, 0, 0, 2, 324.13, 138885, 10
432, 60, 1, 3, 0, 0, 32.26%, 0, 0, 2, 324.11, 140541, 10
437, 61, 2, 3, 0, 0, 32.26%, 0, 0, 2, 326.12, 142217, 10
442, 61, 2, 3, 0, 0, 32.26%, 0, 0, 2, 327.08, 143907, 10
447, 62, 2, 3, 0, 0, 32.26%, 0, 0, 2, 325.98, 145583, 10
452, 63, 1, 3, 0, 0, 32.26%, 0, 0, 2, 328.85, 147286, 10
457, 64, 0, 3, 0, 0, 32.26%, 0, 0, 2, 326.36, 148956, 10
463, 64, 1, 3, 0, 0, 32.26%, 0, 0, 2, 322.52, 150596, 10
468, 65, 1, 3, 0, 0, 32.26%, 0, 0, 2, 326.42, 152286, 10
473, 66, 2, 3, 0, 0, 32.26%, 0, 0, 2, 327.81, 153987, 10
478, 67, 0, 3, 0, 0, 32.26%, 0, 0, 2, 321.51, 155634, 10
483, 67, 1, 3, 0, 0, 32.26%, 0, 0, 2, 326.41, 157325, 10
488, 68, 1, 3, 0, 0, 32.26%, 0, 0, 2, 327.96, 159003, 10
494, 69, 0, 3, 0, 0, 32.26%, 0, 0, 2, 327.04, 160701, 10
499, 70, 2, 3, 0, 0, 32.26%, 0, 0, 2, 324.17, 162356, 10
504, 70, 2, 3, 0, 0, 32.26%, 0, 0, 2, 325.99, 164033, 10
509, 71, 1, 3, 0, 0, 32.26%, 0, 0, 2, 325.37, 165695, 10
514, 72, 1, 3, 0, 0, 32.26%, 0, 0, 2, 326.51, 167377, 10
518, 72, 2, 3, 0, 0, 32.26%, 1, 0, 2, 316.19, 168564, 10
