# relative_time, cycles_done, cur_item, corpus_count, pending_total, pending_favs, map_size, saved_crashes, saved_hangs, max_depth, execs_per_sec, total_execs, edges_found
61, 5, 0, 1, 0, 0, 25.00%, 0, 0, 1, 323.45, 20025, 2
66, 6, 0, 1, 0, 0, 25.00%, 0, 0, 1, 325.40, 21697, 2
71, 6, 0, 1, 0, 0, 25.00%, 0, 0, 1, 326.12, 23370, 2
76, 7, 0, 1, 0, 0, 25.00%, 0, 0, 1, 326.64, 25048, 2
81, 7, 0, 1, 0, 0, 25.00%, 0, 0, 1, 325.00, 26697, 2
87, 8, 0, 1, 0, 0, 25.00%, 0, 0, 1, 326.05, 28358, 2
92, 8, 0, 1, 0, 0, 25.00%, 0, 0, 1, 325.84, 30030, 2
97, 9, 0, 1, 0, 0, 25.00%, 0, 0, 1, 325.70, 31691, 2
102, 9, 0, 1, 0, 0, 25.00%, 0, 0, 1, 326.74, 33381, 2
107, 10, 0, 1, 0, 0, 25.00%, 0, 0, 1, 325.71, 35036, 2
112, 10, 0, 1, 0, 0, 25.00%, 0, 0, 1, 325.35, 36702, 2
117, 11, 0, 1, 0, 0, 25.00%, 0, 0, 1, 325.65, 38375, 2
122, 11, 0, 1, 0, 0, 25.00%, 0, 0, 1, 325.06, 40036, 2
128, 12, 0, 1, 0, 0, 25.00%, 0, 0, 1, 325.25, 41696, 2
133, 12, 0, 1, 0, 0, 25.00%, 0, 0, 1, 324.94, 43345, 2
138, 13, 0, 1, 0, 0, 25.00%, 0, 0, 1, 325.09, 45005, 2
143, 13, 0, 1, 0, 0, 25.00%, 0, 0, 1, 325.43, 46672, 2
148, 13, 0, 1, 0, 0, 25.00%, 0, 0, 1, 325.28, 48333, 2
153, 14, 0, 1, 0, 0, 25.00%, 0, 0, 1, 323.09, 49987, 2
158, 14, 0, 1, 0, 0, 25.00%, 0, 0, 1, 324.39, 51636, 2
163, 15, 0, 1, 0, 0, 25.00%, 0, 0, 1, 324.57, 53290, 2
168, 15, 0, 1, 0, 0, 25.00%, 0, 0, 1, 325.05, 54945, 2
173, 16, 0, 1, 0, 0, 25.00%, 0, 0, 1, 325.31, 56594, 2
178, 16, 0, 1, 0, 0, 25.00%, 0, 0, 1, 325.20, 58248, 2
184, 17, 0, 1, 0, 0, 25.00%, 0, 0, 1, 325.07, 59903, 2
189, 17, 0, 1, 0, 0, 25.00%, 0, 0, 1, 324.10, 61551, 2
194, 18, 0, 1, 0, 0, 25.00%, 0, 0, 1, 324.02, 63218, 2
199, 18, 0, 1, 0, 0, 25.00%, 0, 0, 1, 325.78, 64879, 2
204, 19, 0, 1, 0, 0, 25.00%, 0, 0, 1, 325.39, 66545, 2
209, 19, 0, 1, 0, 0, 25.00%, 0, 0, 1, 325.58, 68194, 2
214, 20, 0, 1, 0, 0, 25.00%, 0, 0, 1, 325.91, 69860, 2
219, 20, 0, 1, 0, 0, 25.00%, 0, 0, 1, 326.70, 71521, 2
224, 21, 0, 1, 0, 0, 25.00%, 0, 0, 1, 324.43, 73187, 2
230, 21, 0, 1, 0, 0, 25.00%, 0, 0, 1, 324.36, 74836, 2
235, 21, 0, 1, 0, 0, 25.00%, 0, 0, 1, 326.25, 76503, 2
240, 22, 0, 1, 0, 0, 25.00%, 0, 0, 1, 326.10, 78187, 2
245, 22, 0, 1, 0, 0, 25.00%, 0, 0, 1, 323.97, 79842, 2
250, 23, 0, 1, 0, 0, 25.00%, 0, 0, 1, 324.93, 81508, 2
255, 23, 0, 1, 0, 0, 25.00%, 0, 0, 1, 323.92, 83169, 2
260, 24, 0, 1, 0, 0, 25.00%, 0, 0, 1, 325.01, 84824, 2
265, 24, 0, 1, 0, 0, 25.00%, 0, 0, 1, 325.02, 86496, 2
271, 25, 0, 1, 0, 0, 25.00%, 0, 0, 1, 324.42, 88157, 2
276, 25, 0, 1, 0, 0, 25.00%, 0, 0, 1, 325.44, 89829, 2
281, 26, 0, 1, 0, 0, 25.00%, 0, 0, 1, 323.94, 91484, 2
286, 26, 0, 1, 0, 0, 25.00%, 0, 0, 1, 324.65, 93156, 2
291, 27, 0, 1, 0, 0, 25.00%, 0, 0, 1, 324.77, 94817, 2
296, 27, 0, 1, 0, 0, 25.00%, 0, 0, 1, 325.05, 96478, 2
301, 28, 0, 1, 0, 0, 25.00%, 0, 0, 1, 324.38, 98138, 2
306, 28, 0, 1, 0, 0, 25.00%, 0, 0, 1, 325.78, 99793, 2
311, 29, 0, 1, 0, 0, 25.00%, 0, 0, 1, 324.97, 101465, 2
317, 29, 0, 1, 0, 0, 25.00%, 0, 0, 1, 324.55, 103120, 2
322, 29, 0, 1, 0, 0, 25.00%, 0, 0, 1, 325.54, 104805, 2
327, 30, 0, 1, 0, 0, 25.00%, 0, 0, 1, 326.26, 106471, 2
332, 30, 0, 1, 0, 0, 25.00%, 0, 0, 1, 324.59, 108132, 2
337, 31, 0, 1, 0, 0, 25.00%, 0, 0, 1, 325.43, 109798, 2
342, 31, 0, 1, 0, 0, 25.00%, 0, 0, 1, 325.75, 111465, 2
347, 32, 0, 1, 0, 0, 25.00%, 0, 0, 1, 325.32, 113119, 2
352, 32, 0, 1, 0, 0, 25.00%, 0, 0, 1, 325.20, 114774, 2
357, 33, 0, 1, 0, 0, 25.00%, 0, 0, 1, 325.00, 116429, 2
363, 33, 0, 1, 0, 0, 25.00%, 0, 0, 1, 325.31, 118089, 2
368, 34, 0, 1, 0, 0, 25.00%, 0, 0, 1, 324.39, 119732, 2
373, 34, 0, 1, 0, 0, 25.00%, 0, 0, 1, 324.91, 121392, 2
378, 35, 0, 1, 0, 0, 25.00%, 0, 0, 1, 325.20, 123053, 2
383, 35, 0, 1, 0, 0, 25.00%, 0, 0, 1, 325.11, 124714, 2
388, 36, 0, 1, 0, 0, 25.00%, 0, 0, 1, 325.63, 126380, 2
393, 36, 0, 1, 0, 0, 25.00%, 0, 0, 1, 325.55, 128041, 2
398, 37, 0, 1, 0, 0, 25.00%, 0, 0, 1, 326.71, 129713, 2
403, 37, 0, 1, 0, 0, 25.00%, 0, 0, 1, 325.82, 131374, 2
409, 37, 0, 1, 0, 0, 25.00%, 0, 0, 1, 324.87, 133035, 2
414, 38, 0, 1, 0, 0, 25.00%, 0, 0, 1, 325.85, 134707, 2
419, 38, 0, 1, 0, 0, 25.00%, 0, 0, 1, 324.74, 136362, 2
424, 39, 0, 1, 0, 0, 25.00%, 0, 0, 1, 323.77, 138016, 2
429, 39, 0, 1, 0, 0, 25.00%, 0, 0, 1, 325.62, 139689, 2
434, 40, 0, 1, 0, 0, 25.00%, 0, 0, 1, 326.18, 141355, 2
439, 40, 0, 1, 0, 0, 25.00%, 0, 0, 1, 323.65, 143034, 2
445, 41, 0, 1, 0, 0, 25.00%, 0, 0, 1, 325.04, 144707, 2
450, 41, 0, 1, 0, 0, 25.00%, 0, 0, 1, 323.20, 146367, 2
455, 42, 0, 1, 0, 0, 25.00%, 0, 0, 1, 325.43, 148034, 2
460, 42, 0, 1, 0, 0, 25.00%, 0, 0, 1, 325.46, 149706, 2
465, 43, 0, 1, 0, 0, 25.00%, 0, 0, 1, 323.96, 151361, 2
470, 43, 0, 1, 0, 0, 25.00%, 0, 0, 1, 324.10, 153021, 2
475, 44, 0, 1, 0, 0, 25.00%, 0, 0, 1, 324.80, 154688, 2
480, 44, 0, 1, 0, 0, 25.00%, 0, 0, 1, 324.42, 156343, 2
486, 45, 0, 1, 0, 0, 25.00%, 0, 0, 1, 324.13, 157997, 2
491, 45, 0, 1, 0, 0, 25.00%, 0, 0, 1, 325.69, 159670, 2
496, 46, 0, 1, 0, 0, 25.00%, 0, 0, 1, 325.22, 161342, 2
501, 46, 0, 1, 0, 0, 25.00%, 0, 0, 1, 324.56, 162991, 2
506, 46, 0, 1, 0, 0, 25.00%, 0, 0, 1, 324.91, 164640, 2
511, 47, 0, 1, 0, 0, 25.00%, 0, 0, 1, 325.84, 166300, 2
516, 47, 0, 1, 0, 0, 25.00%, 0, 0, 1, 327.15, 167973, 2
521, 48, 0, 1, 0, 0, 25.00%, 0, 0, 1, 325.06, 169633, 2
526, 48, 0, 1, 0, 0, 25.00%, 0, 0, 1, 325.35, 171294, 2
532, 49, 0, 1, 0, 0, 25.00%, 0, 0, 1, 322.90, 172937, 2
537, 49, 0, 1, 0, 0, 25.00%, 0, 0, 1, 324.60, 174603, 2
542, 50, 0, 1, 0, 0, 25.00%, 0, 0, 1, 325.21, 176258, 2
547, 50, 0, 1, 0, 0, 25.00%, 0, 0, 1, 324.53, 177912, 2
552, 51, 0, 1, 0, 0, 25.00%, 0, 0, 1, 325.29, 179573, 2
557, 51, 0, 1, 0, 0, 25.00%, 0, 0, 1, 325.76, 181233, 2
562, 52, 0, 1, 0, 0, 25.00%, 0, 0, 1, 324.06, 182882, 2
567, 52, 0, 1, 0, 0, 25.00%, 0, 0, 1, 325.66, 184555, 2
572, 53, 0, 1, 0, 0, 25.00%, 0, 0, 1, 325.96, 186209, 2
577, 53, 0, 1, 0, 0, 25.00%, 0, 0, 1, 326.38, 187882, 2
583, 54, 0, 1, 0, 0, 25.00%, 0, 0, 1, 325.56, 189548, 2
588, 54, 0, 1, 0, 0, 25.00%, 0, 0, 1, 322.69, 191209, 2
593, 54, 0, 1, 0, 0, 25.00%, 0, 0, 1, 325.60, 192876, 2
598, 55, 0, 1, 0, 0, 25.00%, 0, 0, 1, 326.32, 194542, 2
600, 55, 0, 1, 0, 0, 25.00%, 1, 0, 1, 318.45, 195069, 2
