# relative_time, cycles_done, cur_item, corpus_count, pending_total, pending_favs, map_size, saved_crashes, saved_hangs, max_depth, execs_per_sec, total_execs, edges_found
61, 8, 1, 3, 0, 0, 32.26%, 0, 0, 2, 321.50, 19952, 10
67, 9, 1, 3, 0, 0, 32.26%, 0, 0, 2, 319.50, 21601, 10
72, 10, 1, 3, 0, 0, 32.26%, 0, 0, 2, 323.96, 23261, 10
77, 10, 0, 3, 0, 0, 32.26%, 0, 0, 2, 321.44, 24912, 10
82, 11, 2, 3, 0, 0, 32.26%, 0, 0, 2, 322.01, 26574, 10
87, 12, 1, 3, 0, 0, 32.26%, 0, 0, 2, 323.43, 28235, 10
92, 13, 2, 3, 0, 0, 32.26%, 0, 0, 2, 322.18, 29903, 10
97, 13, 2, 3, 0, 0, 32.26%, 0, 0, 2, 322.86, 31559, 10
103, 14, 1, 3, 0, 0, 32.26%, 0, 0, 2, 323.56, 33225, 10
108, 15, 1, 3, 0, 0, 32.26%, 0, 0, 2, 324.03, 34891, 10
113, 16, 1, 3, 0, 0, 32.26%, 0, 0, 2, 322.64, 36558, 10
118, 17, 1, 3, 0, 0, 32.26%, 0, 0, 2, 323.99, 38218, 10
123, 18, 0, 3, 0, 0, 32.26%, 0, 0, 2, 322.45, 39877, 10
128, 19, 1, 3, 0, 0, 32.26%, 0, 0, 2, 325.03, 41556, 10
133, 20, 0, 3, 0, 0, 32.26%, 0, 0, 2, 322.80, 43221, 10
139, 20, 1, 3, 0, 0, 32.26%, 0, 0, 2, 322.83, 44879, 10
144, 21, 0, 3, 0, 0, 32.26%, 0, 0, 2, 321.96, 46536, 10
149, 22, 0, 3, 0, 0, 32.26%, 0, 0, 2, 321.67, 48195, 10
154, 22, 1, 3, 0, 0, 32.26%, 0, 0, 2, 321.29, 49854, 10
159, 23, 1, 3, 0, 0, 32.26%, 0, 0, 2, 322.26, 51517, 10
164, 23, 1, 3, 0, 0, 32.26%, 0, 0, 2, 321.77, 53172, 10
169, 24, 2, 3, 0, 0, 32.26%, 0, 0, 2, 322.99, 54827, 10
175, 24, 0, 3, 0, 0, 32.26%, 0, 0, 2, 321.20, 56466, 10
180, 25, 1, 3, 0, 0, 32.26%, 0, 0, 2, 323.53, 58127, 10
185, 26, 2, 3, 0, 0, 32.26%, 0, 0, 2, 322.03, 59787, 10
190, 27, 2, 3, 0, 0, 32.26%, 0, 0, 2, 324.29, 61456, 10
195, 28, 2, 3, 0, 0, 32.26%, 0, 0, 2, 322.19, 63114, 10
200, 29, 1, 3, 0, 0, 32.26%, 0, 0, 2, 323.30, 64780, 10
205, 29, 1, 3, 0, 0, 32.26%, 0, 0, 2, 322.66, 66432, 10
211, 30, 2, 3, 0, 0, 32.26%, 0, 0, 2, 319.11, 68089, 10
216, 31, 0, 3, 0, 0, 32.26%, 0, 0, 2, 322.53, 69758, 10
221, 32, 1, 3, 0, 0, 32.26%, 0, 0, 2, 323.53, 71419, 10
226, 33, 0, 3, 0, 0, 32.26%, 0, 0, 2, 322.67, 73081, 10
231, 33, 0, 3, 0, 0, 32.26%, 0, 0, 2, 321.43, 74730, 10
236, 33, 1, 3, 0, 0, 32.26%, 0, 0, 2, 319.24, 76372, 10
242, 34, 2, 3, 0, 0, 32.26%, 0, 0, 2, 318.78, 78013, 10
247, 36, 1, 3, 0, 0, 32.26%, 0, 0, 2, 322.50, 79676, 10
252, 36, 2, 3, 0, 0, 32.26%, 0, 0, 2, 322.39, 81339, 10
257, 37, 0, 3, 0, 0, 32.26%, 0, 0, 2, 323.95, 83002, 10
262, 38, 2, 3, 0, 0, 32.26%, 0, 0, 2, 321.75, 84664, 10
267, 39, 2, 3, 0, 0, 32.26%, 0, 0, 2, 323.75, 86327, 10
272, 39, 0, 3, 0, 0, 32.26%, 0, 0, 2, 323.72, 87997, 10
278, 40, 0, 3, 0, 0, 32.26%, 0, 0, 2, 321.52, 89646, 10
283, 41, 1, 3, 0, 0, 32.26%, 0, 0, 2, 323.05, 91307, 10
288, 41, 1, 3, 0, 0, 32.26%, 0, 0, 2, 322.77, 92970, 10
293, 42, 0, 3, 0, 0, 32.26%, 0, 0, 2, 322.33, 94630, 10
298, 43, 0, 3, 0, 0, 32.26%, 0, 0, 2, 322.01, 96282, 10
303, 43, 1, 3, 0, 0, 32.26%, 0, 0, 2, 321.60, 97935, 10
308, 44, 2, 3, 0, 0, 32.26%, 0, 0, 2, 321.37, 99590, 10
314, 44, 2, 3, 0, 0, 32.26%, 0, 0, 2, 319.87, 101245, 10
319, 45, 0, 3, 0, 0, 32.26%, 0, 0, 2, 321.30, 102911, 10
324, 46, 1, 3, 0, 0, 32.26%, 0, 0, 2, 321.67, 104576, 10
329, 47, 2, 3, 0, 0, 32.26%, 0, 0, 2, 321.63, 106233, 10
334, 47, 2, 3, 0, 0, 32.26%, 0, 0, 2, 321.89, 107900, 10
339, 48, 1, 3, 0, 0, 32.26%, 0, 0, 2, 322.77, 109569, 10
342, 49, 1, 3, 0, 0, 32.26%, 1, 0, 2, 310.15, 110400, 10
