# relative_time, cycles_done, cur_item, corpus_count, pending_total, pending_favs, map_size, saved_crashes, saved_hangs, max_depth, execs_per_sec, total_execs, edges_found
61, 8, 2, 3, 0, 0, 36.00%, 0, 0, 2, 328.81, 20131, 9
66, 9, 2, 3, 0, 0, 36.00%, 0, 0, 2, 329.52, 21778, 9
71, 10, 2, 3, 0, 0, 36.00%, 0, 0, 2, 331.58, 23458, 9
76, 11, 0, 3, 0, 0, 36.00%, 0, 0, 2, 326.09, 25125, 9
82, 11, 0, 3, 0, 0, 36.00%, 0, 0, 2, 322.56, 26789, 9
87, 12, 2, 3, 0, 0, 36.00%, 0, 0, 2, 327.63, 28474, 9
92, 13, 0, 3, 0, 0, 36.00%, 0, 0, 2, 324.42, 30109, 9
97, 13, 0, 3, 0, 0, 36.00%, 0, 0, 2, 323.61, 31773, 9
102, 14, 2, 3, 0, 0, 36.00%, 0, 0, 2, 327.23, 33473, 9
107, 15, 2, 3, 0, 0, 36.00%, 0, 0, 2, 329.69, 35147, 9
112, 17, 2, 3, 0, 0, 36.00%, 0, 0, 2, 331.58, 36821, 9
116, 17, 0, 3, 0, 0, 36.00%, 1, 0, 2, 315.25, 38139, 9
