# relative_time, cycles_done, cur_item, corpus_count, pending_total, pending_favs, map_size, saved_crashes, saved_hangs, max_depth, execs_per_sec, total_execs, edges_found
61, 5, 0, 1, 0, 0, 25.00%, 0, 0, 1, 325.27, 19971, 2
66, 6, 0, 1, 0, 0, 25.00%, 0, 0, 1, 325.25, 21625, 2
71, 6, 0, 1, 0, 0, 25.00%, 0, 0, 1, 325.99, 23286, 2
76, 7, 0, 1, 0, 0, 25.00%, 0, 0, 1, 325.00, 24952, 2
81, 7, 0, 1, 0, 0, 25.00%, 0, 0, 1, 325.58, 26613, 2
86, 8, 0, 1, 0, 0, 25.00%, 0, 0, 1, 325.98, 28286, 2
91, 8, 0, 1, 0, 0, 25.00%, 0, 0, 1, 325.42, 29946, 2
97, 9, 0, 1, 0, 0, 25.00%, 0, 0, 1, 325.09, 31613, 2
102, 9, 0, 1, 0, 0, 25.00%, 0, 0, 1, 323.86, 33279, 2
107, 10, 0, 1, 0, 0, 25.00%, 0, 0, 1, 325.21, 34940, 2
112, 10, 0, 1, 0, 0, 25.00%, 0, 0, 1, 326.04, 36571, 2
117, 11, 0, 1, 0, 0, 25.00%, 0, 0, 1, 324.74, 38231, 2
122, 11, 0, 1, 0, 0, 25.00%, 0, 0, 1, 324.46, 39886, 2
127, 12, 0, 1, 0, 0, 25.00%, 0, 0, 1, 324.27, 41540, 2
132, 12, 0, 1, 0, 0, 25.00%, 0, 0, 1, 325.69, 43207, 2
137, 12, 0, 1, 0, 0, 25.00%, 0, 0, 1, 326.83, 44874, 2
143, 13, 0, 1, 0, 0, 25.00%, 0, 0, 1, 324.31, 46534, 2
148, 13, 0, 1, 0, 0, 25.00%, 0, 0, 1, 325.55, 48201, 2
153, 14, 0, 1, 0, 0, 25.00%, 0, 0, 1, 325.52, 49873, 2
158, 14, 0, 1, 0, 0, 25.00%, 0, 0, 1, 326.16, 51546, 2
163, 15, 0, 1, 0, 0, 25.00%, 0, 0, 1, 325.78, 53206, 2
168, 15, 0, 1, 0, 0, 25.00%, 0, 0, 1, 325.88, 54867, 2
173, 16, 0, 1, 0, 0, 25.00%, 0, 0, 1, 325.75, 56522, 2
178, 16, 0, 1, 0, 0, 25.00%, 0, 0, 1, 325.08, 58182, 2
183, 17, 0, 1, 0, 0, 25.00%, 0, 0, 1, 326.47, 59837, 2
188, 17, 0, 1, 0, 0, 25.00%, 0, 0, 1, 324.80, 61491, 2
194, 18, 0, 1, 0, 0, 25.00%, 0, 0, 1, 325.10, 63152, 2
199, 18, 0, 1, 0, 0, 25.00%, 0, 0, 1, 325.64, 64831, 2
204, 19, 0, 1, 0, 0, 25.00%, 0, 0, 1, 324.88, 66491, 2
209, 19, 0, 1, 0, 0, 25.00%, 0, 0, 1, 326.36, 68158, 2
214, 20, 0, 1, 0, 0, 25.00%, 0, 0, 1, 323.24, 69812, 2
219, 20, 0, 1, 0, 0, 25.00%, 0, 0, 1, 325.39, 71467, 2
224, 21, 0, 1, 0, 0, 25.00%, 0, 0, 1, 327.15, 73169, 2
229, 21, 0, 1, 0, 0, 25.00%, 0, 0, 1, 325.22, 74842, 2
235, 21, 0, 1, 0, 0, 25.00%, 0, 0, 1, 324.18, 76497, 2
240, 22, 0, 1, 0, 0, 25.00%, 0, 0, 1, 324.97, 78157, 2
245, 22, 0, 1, 0, 0, 25.00%, 0, 0, 1, 324.44, 79818, 2
250, 23, 0, 1, 0, 0, 25.00%, 0, 0, 1, 325.03, 81478, 2
255, 23, 0, 1, 0, 0, 25.00%, 0, 0, 1, 326.31, 83151, 2
260, 24, 0, 1, 0, 0, 25.00%, 0, 0, 1, 326.09, 84824, 2
265, 24, 0, 1, 0, 0, 25.00%, 0, 0, 1, 322.69, 86472, 2
270, 25, 0, 1, 0, 0, 25.00%, 0, 0, 1, 324.84, 88139, 2
276, 25, 0, 1, 0, 0, 25.00%, 0, 0, 1, 324.97, 89799, 2
281, 26, 0, 1, 0, 0, 25.00%, 0, 0, 1, 326.14, 91466, 2
286, 26, 0, 1, 0, 0, 25.00%, 0, 0, 1, 325.40, 93126, 2
291, 27, 0, 1, 0, 0, 25.00%, 0, 0, 1, 325.31, 94799, 2
296, 27, 0, 1, 0, 0, 25.00%, 0, 0, 1, 305.54, 96412, 2
301, 28, 0, 1, 0, 0, 25.00%, 0, 0, 1, 320.15, 98060, 2
306, 28, 0, 1, 0, 0, 25.00%, 0, 0, 1, 324.79, 99727, 2
311, 29, 0, 1, 0, 0, 25.00%, 0, 0, 1, 325.61, 101405, 2
316, 29, 0, 1, 0, 0, 25.00%, 0, 0, 1, 326.84, 103078, 2
322, 29, 0, 1, 0, 0, 25.00%, 0, 0, 1, 325.07, 104727, 2
327, 30, 0, 1, 0, 0, 25.00%, 0, 0, 1, 325.52, 106387, 2
332, 30, 0, 1, 0, 0, 25.00%, 0, 0, 1, 325.66, 108048, 2
337, 31, 0, 1, 0, 0, 25.00%, 0, 0, 1, 324.92, 109714, 2
342, 31, 0, 1, 0, 0, 25.00%, 0, 0, 1, 324.00, 111363, 2
347, 32, 0, 1, 0, 0, 25.00%, 0, 0, 1, 324.42, 113018, 2
352, 32, 0, 1, 0, 0, 25.00%, 0, 0, 1, 324.53, 114678, 2
357, 33, 0, 1, 0, 0, 25.00%, 0, 0, 1, 325.13, 116345, 2
362, 33, 0, 1, 0, 0, 25.00%, 0, 0, 1, 324.87, 118005, 2
368, 34, 0, 1, 0, 0, 25.00%, 0, 0, 1, 324.38, 119660, 2
373, 34, 0, 1, 0, 0, 25.00%, 0, 0, 1, 324.88, 121320, 2
378, 35, 0, 1, 0, 0, 25.00%, 0, 0, 1, 325.18, 122999, 2
383, 35, 0, 1, 0, 0, 25.00%, 0, 0, 1, 325.15, 124648, 2
388, 36, 0, 1, 0, 0, 25.00%, 0, 0, 1, 326.14, 126314, 2
393, 36, 0, 1, 0, 0, 25.00%, 0, 0, 1, 325.93, 127981, 2
398, 37, 0, 1, 0, 0, 25.00%, 0, 0, 1, 326.52, 129653, 2
403, 37, 0, 1, 0, 0, 25.00%, 0, 0, 1, 325.86, 131320, 2
408, 37, 0, 1, 0, 0, 25.00%, 0, 0, 1, 325.74, 132969, 2
413, 38, 0, 1, 0, 0, 25.00%, 0, 0, 1, 325.88, 134641, 2
419, 38, 0, 1, 0, 0, 25.00%, 0, 0, 1, 325.76, 136320, 2
424, 39, 0, 1, 0, 0, 25.00%, 0, 0, 1, 325.67, 137974, 2
429, 39, 0, 1, 0, 0, 25.00%, 0, 0, 1, 325.91, 139635, 2
434, 40, 0, 1, 0, 0, 25.00%, 0, 0, 1, 324.26, 141295, 2
439, 40, 0, 1, 0, 0, 25.00%, 0, 0, 1, 326.37, 142980, 2
444, 41, 0, 1, 0, 0, 25.00%, 0, 0, 1, 326.59, 144641, 2
449, 41, 0, 1, 0, 0, 25.00%, 0, 0, 1, 323.78, 146289, 2
454, 42, 0, 1, 0, 0, 25.00%, 0, 0, 1, 325.06, 147944, 2
459, 42, 0, 1, 0, 0, 25.00%, 0, 0, 1, 324.75, 149598, 2
465, 43, 0, 1, 0, 0, 25.00%, 0, 0, 1, 325.69, 151265, 2
470, 43, 0, 1, 0, 0, 25.00%, 0, 0, 1, 325.09, 152920, 2
475, 44, 0, 1, 0, 0, 25.00%, 0, 0, 1, 324.80, 154574, 2
480, 44, 0, 1, 0, 0, 25.00%, 0, 0, 1, 325.66, 156223, 2
481, 44, 0, 1, 0, 0, 25.00%, 1, 0, 1, 315.88, 156532, 2
