# relative_time, cycles_done, cur_item, corpus_count, pending_total, pending_favs, map_size, saved_crashes, saved_hangs, max_depth, execs_per_sec, total_execs, edges_found
61, 8, 2, 3, 0, 0, 30.43%, 0, 0, 2, 332.73, 20369, 7
66, 9, 0, 3, 0, 0, 30.43%, 0, 0, 2, 334.38, 22069, 7
71, 10, 2, 3, 0, 0, 30.43%, 0, 0, 2, 330.65, 23768, 7
76, 10, 2, 3, 0, 0, 30.43%, 0, 0, 2, 334.00, 25462, 7
81, 11, 2, 3, 0, 0, 30.43%, 0, 0, 2, 335.76, 27156, 7
86, 12, 2, 3, 0, 0, 30.43%, 0, 0, 2, 334.19, 28848, 7
91, 13, 2, 3, 0, 0, 30.43%, 0, 0, 2, 334.58, 30542, 7
96, 14, 2, 3, 0, 0, 30.43%, 0, 0, 2, 334.71, 32230, 7
101, 15, 2, 3, 0, 0, 30.43%, 0, 0, 2, 334.54, 33934, 7
106, 15, 2, 3, 0, 0, 30.43%, 0, 0, 2, 331.15, 35633, 7
111, 16, 2, 3, 0, 0, 30.43%, 0, 0, 2, 333.76, 37327, 7
116, 17, 0, 3, 0, 0, 30.43%, 0, 0, 2, 330.22, 38989, 7
122, 17, 2, 3, 0, 0, 30.43%, 0, 0, 2, 331.39, 40708, 7
127, 18, 0, 3, 0, 0, 30.43%, 0, 0, 2, 327.19, 42344, 7
132, 19, 2, 3, 0, 0, 30.43%, 0, 0, 2, 332.33, 44009, 7
137, 19, 0, 3, 0, 0, 30.43%, 0, 0, 2, 328.24, 45705, 7
142, 21, 2, 3, 0, 0, 30.43%, 0, 0, 2, 333.22, 47396, 7
147, 21, 0, 3, 0, 0, 30.43%, 0, 0, 2, 329.10, 49056, 7
152, 22, 2, 3, 0, 0, 30.43%, 0, 0, 2, 331.81, 50721, 7
157, 23, 1, 3, 0, 0, 30.43%, 0, 0, 2, 333.29, 52445, 7
162, 24, 2, 3, 0, 0, 30.43%, 0, 0, 2, 334.96, 54149, 7
167, 24, 2, 3, 0, 0, 30.43%, 0, 0, 2, 327.73, 55776, 7
172, 25, 2, 3, 0, 0, 30.43%, 0, 0, 2, 332.89, 57470, 7
177, 26, 0, 3, 0, 0, 30.43%, 0, 0, 2, 333.76, 59152, 7
182, 26, 2, 3, 0, 0, 30.43%, 0, 0, 2, 330.68, 60857, 7
188, 27, 2, 3, 0, 0, 30.43%, 0, 0, 2, 327.36, 62538, 7
193, 27, 2, 3, 0, 0, 30.43%, 0, 0, 2, 328.11, 64237, 7
198, 28, 2, 3, 0, 0, 30.43%, 0, 0, 2, 331.48, 65913, 7
203, 29, 2, 3, 0, 0, 30.43%, 0, 0, 2, 334.23, 67619, 7
208, 30, 0, 3, 0, 0, 30.43%, 0, 0, 2, 328.96, 69279, 7
213, 30, 2, 3, 0, 0, 30.43%, 0, 0, 2, 332.45, 70944, 7
218, 31, 2, 3, 0, 0, 30.43%, 0, 0, 2, 333.76, 72680, 7
223, 32, 2, 3, 0, 0, 30.43%, 0, 0, 2, 334.16, 74356, 7
228, 33, 2, 3, 0, 0, 30.43%, 0, 0, 2, 335.37, 76044, 7
233, 34, 1, 3, 0, 0, 30.43%, 0, 0, 2, 336.06, 77748, 7
238, 35, 2, 3, 0, 0, 30.43%, 0, 0, 2, 334.67, 79440, 7
244, 36, 2, 3, 0, 0, 30.43%, 0, 0, 2, 330.07, 81139, 7
249, 37, 2, 3, 0, 0, 30.43%, 0, 0, 2, 331.58, 82821, 7
254, 37, 2, 3, 0, 0, 30.43%, 0, 0, 2, 333.37, 84495, 7
259, 38, 2, 3, 0, 0, 30.43%, 0, 0, 2, 333.80, 86183, 7
264, 39, 2, 3, 0, 0, 30.43%, 0, 0, 2, 333.78, 87871, 7
269, 40, 2, 3, 0, 0, 30.43%, 0, 0, 2, 334.70, 89565, 7
274, 41, 2, 3, 0, 0, 30.43%, 0, 0, 2, 329.32, 91258, 7
279, 41, 2, 3, 0, 0, 30.43%, 0, 0, 2, 333.57, 92946, 7
284, 42, 2, 3, 0, 0, 30.43%, 0, 0, 2, 334.80, 94632, 7
289, 43, 2, 3, 0, 0, 30.43%, 0, 0, 2, 334.98, 96332, 7
294, 43, 0, 3, 0, 0, 30.43%, 0, 0, 2, 328.48, 98028, 7
299, 45, 2, 3, 0, 0, 30.43%, 0, 0, 2, 333.85, 99713, 7
304, 45, 0, 3, 0, 0, 30.43%, 0, 0, 2, 328.60, 101401, 7
310, 46, 2, 3, 0, 0, 30.43%, 0, 0, 2, 331.99, 103098, 7
315, 47, 2, 3, 0, 0, 30.43%, 0, 0, 2, 334.23, 104798, 7
320, 48, 0, 3, 0, 0, 30.43%, 0, 0, 2, 334.59, 106486, 7
325, 48, 0, 3, 0, 0, 30.43%, 0, 0, 2, 330.18, 108167, 7
330, 49, 2, 3, 0, 0, 30.43%, 0, 0, 2, 330.57, 109866, 7
335, 49, 0, 3, 0, 0, 30.43%, 0, 0, 2, 330.60, 111594, 7
340, 50, 2, 3, 0, 0, 30.43%, 0, 0, 2, 331.17, 113313, 7
341, 50, 2, 3, 0, 0, 30.43%, 1, 0, 2, 316.34, 113330, 7
