# relative_time, cycles_done, cur_item, corpus_count, pending_total, pending_favs, map_size, saved_crashes, saved_hangs, max_depth, execs_per_sec, total_execs, edges_found
61, 9, 1, 3, 0, 0, 36.00%, 0, 0, 2, 325.55, 19981, 9
66, 10, 2, 3, 0, 0, 36.00%, 0, 0, 2, 321.14, 21639, 9
71, 10, 0, 3, 0, 0, 36.00%, 0, 0, 2, 321.49, 23294, 9
77, 11, 2, 3, 0, 0, 36.00%, 0, 0, 2, 322.64, 24952, 9
82, 11, 2, 3, 0, 0, 36.00%, 0, 0, 2, 319.53, 26595, 9
87, 12, 2, 3, 0, 0, 36.00%, 0, 0, 2, 321.84, 28250, 9
92, 13, 0, 3, 0, 0, 36.00%, 0, 0, 2, 321.80, 29933, 9
97, 13, 0, 3, 0, 0, 36.00%, 0, 0, 2, 321.43, 31597, 9
102, 14, 2, 3, 0, 0, 36.00%, 0, 0, 2, 325.68, 33279, 9
108, 15, 2, 3, 0, 0, 36.00%, 0, 0, 2, 323.51, 34940, 9
113, 15, 2, 3, 0, 0, 36.00%, 0, 0, 2, 321.87, 36604, 9
118, 16, 2, 3, 0, 0, 36.00%, 0, 0, 2, 326.95, 38296, 9
123, 18, 0, 3, 0, 0, 36.00%, 0, 0, 2, 327.17, 39982, 9
128, 18, 2, 3, 0, 0, 36.00%, 0, 0, 2, 324.77, 41649, 9
133, 19, 0, 3, 0, 0, 36.00%, 0, 0, 2, 321.71, 43323, 9
139, 19, 0, 3, 0, 0, 36.00%, 0, 0, 2, 322.25, 45005, 9
144, 20, 0, 3, 0, 0, 36.00%, 0, 0, 2, 318.95, 46654, 9
149, 21, 2, 3, 0, 0, 36.00%, 0, 0, 2, 322.45, 48305, 9
154, 21, 0, 3, 0, 0, 36.00%, 0, 0, 2, 319.53, 49963, 9
159, 22, 2, 3, 0, 0, 36.00%, 0, 0, 2, 323.60, 51630, 9
164, 23, 2, 3, 0, 0, 36.00%, 0, 0, 2, 326.89, 53307, 9
170, 24, 0, 3, 0, 0, 36.00%, 0, 0, 2, 324.02, 54978, 9
175, 24, 0, 3, 0, 0, 36.00%, 0, 0, 2, 321.54, 56630, 9
180, 25, 0, 3, 0, 0, 36.00%, 0, 0, 2, 322.27, 58291, 9
185, 26, 2, 3, 0, 0, 36.00%, 0, 0, 2, 324.61, 59955, 9
190, 26, 2, 3, 0, 0, 36.00%, 0, 0, 2, 318.04, 61601, 9
195, 27, 0, 3, 0, 0, 36.00%, 0, 0, 2, 319.57, 63253, 9
201, 27, 0, 3, 0, 0, 36.00%, 0, 0, 2, 313.81, 64893, 9
206, 27, 0, 3, 0, 0, 36.00%, 0, 0, 2, 315.62, 66518, 9
211, 28, 0, 3, 0, 0, 36.00%, 0, 0, 2, 321.34, 68188, 9
216, 29, 2, 3, 0, 0, 36.00%, 0, 0, 2, 322.46, 69867, 9
221, 30, 0, 3, 0, 0, 36.00%, 0, 0, 2, 322.37, 71534, 9
226, 30, 0, 3, 0, 0, 36.00%, 0, 0, 2, 322.58, 73141, 9
231, 31, 0, 3, 0, 0, 36.00%, 0, 0, 2, 322.72, 74811, 9
237, 31, 0, 3, 0, 0, 36.00%, 0, 0, 2, 323.22, 76472, 9
242, 32, 2, 3, 0, 0, 36.00%, 0, 0, 2, 324.92, 78091, 9
247, 32, 0, 3, 0, 0, 36.00%, 0, 0, 2, 320.19, 79747, 9
252, 33, 0, 3, 0, 0, 36.00%, 0, 0, 2, 320.60, 81423, 9
257, 34, 2, 3, 0, 0, 36.00%, 0, 0, 2, 324.19, 83093, 9
262, 35, 0, 3, 0, 0, 36.00%, 0, 0, 2, 322.11, 84754, 9
267, 35, 0, 3, 0, 0, 36.00%, 0, 0, 2, 319.76, 86403, 9
273, 36, 2, 3, 0, 0, 36.00%, 0, 0, 2, 323.88, 88079, 9
277, 37, 0, 3, 0, 0, 36.00%, 1, 0, 2, 51.61, 89563, 9
