# relative_time, cycles_done, cur_item, corpus_count, pending_total, pending_favs, map_size, saved_crashes, saved_hangs, max_depth, execs_per_sec, total_execs, edges_found
61, 7, 2, 3, 0, 0, 30.43%, 0, 0, 2, 323.39, 19917, 7
66, 8, 2, 3, 0, 0, 30.43%, 0, 0, 2, 323.84, 21581, 7
71, 8, 2, 3, 0, 0, 30.43%, 0, 0, 2, 323.67, 23244, 7
76, 9, 2, 3, 0, 0, 30.43%, 0, 0, 2, 322.84, 24902, 7
82, 10, 0, 3, 0, 0, 30.43%, 0, 0, 2, 323.95, 26560, 7
87, 10, 0, 3, 0, 0, 30.43%, 0, 0, 2, 323.52, 28211, 7
92, 11, 2, 3, 0, 0, 30.43%, 0, 0, 2, 323.10, 29868, 7
97, 11, 2, 3, 0, 0, 30.43%, 0, 0, 2, 324.52, 31524, 7
102, 12, 2, 3, 0, 0, 30.43%, 0, 0, 2, 323.04, 33182, 7
107, 13, 2, 3, 0, 0, 30.43%, 0, 0, 2, 321.97, 34840, 7
112, 13, 0, 3, 0, 0, 30.43%, 0, 0, 2, 321.46, 36494, 7
117, 14, 2, 3, 0, 0, 30.43%, 0, 0, 2, 322.99, 38155, 7
123, 15, 2, 3, 0, 0, 30.43%, 0, 0, 2, 322.98, 39807, 7
128, 16, 2, 3, 0, 0, 30.43%, 0, 0, 2, 323.73, 41457, 7
133, 16, 0, 3, 0, 0, 30.43%, 0, 0, 2, 323.40, 43117, 7
138, 17, 0, 3, 0, 0, 30.43%, 0, 0, 2, 323.82, 44770, 7
143, 17, 0, 3, 0, 0, 30.43%, 0, 0, 2, 322.54, 46423, 7
148, 18, 2, 3, 0, 0, 30.43%, 0, 0, 2, 323.13, 48074, 7
153, 18, 2, 3, 0, 0, 30.43%, 0, 0, 2, 323.11, 49738, 7
158, 19, 2, 3, 0, 0, 30.43%, 0, 0, 2, 324.04, 51396, 7
163, 20, 2, 3, 0, 0, 30.43%, 0, 0, 2, 325.03, 53052, 7
169, 21, 0, 3, 0, 0, 30.43%, 0, 0, 2, 324.28, 54714, 7
174, 21, 0, 3, 0, 0, 30.43%, 0, 0, 2, 323.46, 56371, 7
179, 22, 0, 3, 0, 0, 30.43%, 0, 0, 2, 322.71, 58024, 7
184, 22, 2, 3, 0, 0, 30.43%, 0, 0, 2, 322.67, 59675, 7
189, 23, 2, 3, 0, 0, 30.43%, 0, 0, 2, 323.60, 61332, 7
194, 23, 2, 3, 0, 0, 30.43%, 0, 0, 2, 323.68, 62990, 7
199, 24, 2, 3, 0, 0, 30.43%, 0, 0, 2, 323.14, 64641, 7
204, 25, 2, 3, 0, 0, 30.43%, 0, 0, 2, 324.73, 66299, 7
210, 25, 2, 3, 0, 0, 30.43%, 0, 0, 2, 324.01, 67967, 7
215, 26, 0, 3, 0, 0, 30.43%, 0, 0, 2, 322.80, 69625, 7
220, 27, 2, 3, 0, 0, 30.43%, 0, 0, 2, 323.53, 71282, 7
225, 27, 0, 3, 0, 0, 30.43%, 0, 0, 2, 323.42, 72938, 7
230, 28, 2, 3, 0, 0, 30.43%, 0, 0, 2, 323.60, 74591, 7
235, 29, 2, 3, 0, 0, 30.43%, 0, 0, 2, 323.33, 76261, 7
240, 30, 2, 3, 0, 0, 30.43%, 0, 0, 2, 322.59, 77925, 7
246, 30, 2, 3, 0, 0, 30.43%, 0, 0, 2, 324.57, 79587, 7
251, 31, 2, 3, 0, 0, 30.43%, 0, 0, 2, 323.25, 81245, 7
256, 31, 0, 3, 0, 0, 30.43%, 0, 0, 2, 323.12, 82905, 7
261, 32, 0, 3, 0, 0, 30.43%, 0, 0, 2, 323.95, 84566, 7
266, 33, 2, 3, 0, 0, 30.43%, 0, 0, 2, 323.17, 86217, 7
271, 34, 2, 3, 0, 0, 30.43%, 0, 0, 2, 324.52, 87881, 7
276, 34, 2, 3, 0, 0, 30.43%, 0, 0, 2, 324.61, 89543, 7
281, 35, 0, 3, 0, 0, 30.43%, 0, 0, 2, 323.61, 91197, 7
287, 36, 2, 3, 0, 0, 30.43%, 0, 0, 2, 323.72, 92858, 7
292, 37, 0, 3, 0, 0, 30.43%, 0, 0, 2, 323.65, 94516, 7
297, 37, 2, 3, 0, 0, 30.43%, 0, 0, 2, 316.82, 96099, 7
302, 37, 0, 3, 0, 0, 30.43%, 0, 0, 2, 319.67, 97741, 7
307, 38, 0, 3, 0, 0, 30.43%, 0, 0, 2, 321.98, 99400, 7
312, 39, 2, 3, 0, 0, 30.43%, 0, 0, 2, 323.19, 101053, 7
317, 40, 2, 3, 0, 0, 30.43%, 0, 0, 2, 322.56, 102711, 7
322, 40, 2, 3, 0, 0, 30.43%, 0, 0, 2, 322.22, 104367, 7
328, 41, 2, 3, 0, 0, 30.43%, 0, 0, 2, 324.13, 106025, 7
333, 42, 2, 3, 0, 0, 30.43%, 0, 0, 2, 323.67, 107689, 7
338, 43, 2, 3, 0, 0, 30.43%, 0, 0, 2, 323.93, 109353, 7
343, 43, 0, 3, 0, 0, 30.43%, 0, 0, 2, 323.53, 111005, 7
348, 44, 2, 3, 0, 0, 30.43%, 0, 0, 2, 324.78, 112666, 7
353, 45, 2, 3, 0, 0, 30.43%, 0, 0, 2, 322.80, 114324, 7
358, 46, 2, 3, 0, 0, 30.43%, 1, 0, 2, 314.98, 115712, 7
