# relative_time, cycles_done, cur_item, corpus_count, pending_total, pending_favs, map_size, saved_crashes, saved_hangs, max_depth, execs_per_sec, total_execs, edges_found
61, 8, 1, 3, 0, 0, 32.26%, 0, 0, 2, 329.40, 19994, 10
66, 9, 1, 3, 0, 0, 32.26%, 0, 0, 2, 318.28, 21657, 10
71, 10, 0, 3, 0, 0, 32.26%, 0, 0, 2, 320.98, 23268, 10
76, 11, 1, 3, 0, 0, 32.26%, 0, 0, 2, 326.60, 24950, 10
82, 12, 2, 3, 0, 0, 32.26%, 0, 0, 2, 321.25, 26611, 10
87, 12, 2, 3, 0, 0, 32.26%, 0, 0, 2, 321.07, 28284, 10
92, 13, 1, 3, 0, 0, 32.26%, 0, 0, 2, 320.66, 29946, 10
97, 13, 2, 3, 0, 0, 32.26%, 0, 0, 2, 322.18, 31618, 10
102, 15, 1, 3, 0, 0, 32.26%, 0, 0, 2, 326.88, 33299, 10
105, 15, 2, 3, 0, 0, 32.26%, 1, 0, 2, 311.18, 34121, 10
