# relative_time, cycles_done, cur_item, corpus_count, pending_total, pending_favs, map_size, saved_crashes, saved_hangs, max_depth, execs_per_sec, total_execs, edges_found
61, 5, 0, 1, 0, 0, 25.00%, 0, 0, 1, 323.69, 20049, 2
66, 6, 0, 1, 0, 0, 25.00%, 0, 0, 1, 325.52, 21715, 2
71, 6, 0, 1, 0, 0, 25.00%, 0, 0, 1, 324.09, 23352, 2
76, 7, 0, 1, 0, 0, 25.00%, 0, 0, 1, 325.64, 25024, 2
81, 7, 0, 1, 0, 0, 25.00%, 0, 0, 1, 326.08, 26679, 2
87, 8, 0, 1, 0, 0, 25.00%, 0, 0, 1, 325.44, 28346, 2
92, 8, 0, 1, 0, 0, 25.00%, 0, 0, 1, 325.25, 30024, 2
97, 9, 0, 1, 0, 0, 25.00%, 0, 0, 1, 325.90, 31691, 2
102, 9, 0, 1, 0, 0, 25.00%, 0, 0, 1, 325.25, 33351, 2
107, 10, 0, 1, 0, 0, 25.00%, 0, 0, 1, 323.67, 35006, 2
112, 10, 0, 1, 0, 0, 25.00%, 0, 0, 1, 326.33, 36667, 2
117, 11, 0, 1, 0, 0, 25.00%, 0, 0, 1, 326.60, 38327, 2
122, 11, 0, 1, 0, 0, 25.00%, 0, 0, 1, 325.28, 39982, 2
127, 12, 0, 1, 0, 0, 25.00%, 0, 0, 1, 325.40, 41630, 2
133, 12, 0, 1, 0, 0, 25.00%, 0, 0, 1, 325.30, 43285, 2
138, 13, 0, 1, 0, 0, 25.00%, 0, 0, 1, 325.08, 44951, 2
143, 13, 0, 1, 0, 0, 25.00%, 0, 0, 1, 325.17, 46606, 2
148, 13, 0, 1, 0, 0, 25.00%, 0, 0, 1, 325.50, 48267, 2
153, 14, 0, 1, 0, 0, 25.00%, 0, 0, 1, 326.16, 49933, 2
158, 14, 0, 1, 0, 0, 25.00%, 0, 0, 1, 325.96, 51606, 2
163, 15, 0, 1, 0, 0, 25.00%, 0, 0, 1, 325.42, 53260, 2
168, 15, 0, 1, 0, 0, 25.00%, 0, 0, 1, 324.13, 54921, 2
173, 16, 0, 1, 0, 0, 25.00%, 0, 0, 1, 324.52, 56576, 2
179, 16, 0, 1, 0, 0, 25.00%, 0, 0, 1, 325.34, 58230, 2
184, 17, 0, 1, 0, 0, 25.00%, 0, 0, 1, 324.75, 59897, 2
189, 17, 0, 1, 0, 0, 25.00%, 0, 0, 1, 324.78, 61557, 2
194, 18, 0, 1, 0, 0, 25.00%, 0, 0, 1, 325.67, 63224, 2
199, 18, 0, 1, 0, 0, 25.00%, 0, 0, 1, 324.80, 64896, 2
204, 19, 0, 1, 0, 0, 25.00%, 0, 0, 1, 324.53, 66557, 2
209, 19, 0, 1, 0, 0, 25.00%, 0, 0, 1, 323.82, 68200, 2
214, 20, 0, 1, 0, 0, 25.00%, 0, 0, 1, 325.57, 69890, 2
220, 20, 0, 1, 0, 0, 25.00%, 0, 0, 1, 323.32, 71545, 2
225, 21, 0, 1, 0, 0, 25.00%, 0, 0, 1, 325.54, 73217, 2
230, 21, 0, 1, 0, 0, 25.00%, 0, 0, 1, 325.01, 74872, 2
235, 21, 0, 1, 0, 0, 25.00%, 0, 0, 1, 325.26, 76533, 2
240, 22, 0, 1, 0, 0, 25.00%, 0, 0, 1, 324.82, 78181, 2
245, 22, 0, 1, 0, 0, 25.00%, 0, 0, 1, 326.04, 79854, 2
250, 23, 0, 1, 0, 0, 25.00%, 0, 0, 1, 324.39, 81502, 2
255, 23, 0, 1, 0, 0, 25.00%, 0, 0, 1, 324.61, 83157, 2
260, 24, 0, 1, 0, 0, 25.00%, 0, 0, 1, 325.70, 84830, 2
266, 24, 0, 1, 0, 0, 25.00%, 0, 0, 1, 326.22, 86520, 2
271, 25, 0, 1, 0, 0, 25.00%, 0, 0, 1, 324.30, 88175, 2
276, 25, 0, 1, 0, 0, 25.00%, 0, 0, 1, 325.07, 89829, 2
281, 26, 0, 1, 0, 0, 25.00%, 0, 0, 1, 324.82, 91496, 2
286, 26, 0, 1, 0, 0, 25.00%, 0, 0, 1, 324.89, 93156, 2
291, 27, 0, 1, 0, 0, 25.00%, 0, 0, 1, 325.11, 94823, 2
296, 27, 0, 1, 0, 0, 25.00%, 0, 0, 1, 325.51, 96478, 2
301, 28, 0, 1, 0, 0, 25.00%, 0, 0, 1, 325.10, 98132, 2
306, 28, 0, 1, 0, 0, 25.00%, 0, 0, 1, 326.18, 99787, 2
311, 29, 0, 1, 0, 0, 25.00%, 0, 0, 1, 324.38, 101441, 2
317, 29, 0, 1, 0, 0, 25.00%, 0, 0, 1, 324.30, 103108, 2
322, 29, 0, 1, 0, 0, 25.00%, 0, 0, 1, 325.54, 104775, 2
327, 30, 0, 1, 0, 0, 25.00%, 0, 0, 1, 325.96, 106441, 2
332, 30, 0, 1, 0, 0, 25.00%, 0, 0, 1, 323.24, 108090, 2
337, 31, 0, 1, 0, 0, 25.00%, 0, 0, 1, 324.65, 109750, 2
342, 31, 0, 1, 0, 0, 25.00%, 0, 0, 1, 325.29, 111423, 2
347, 32, 0, 1, 0, 0, 25.00%, 0, 0, 1, 323.49, 113083, 2
352, 32, 0, 1, 0, 0, 25.00%, 0, 0, 1, 323.88, 114732, 2
357, 33, 0, 1, 0, 0, 25.00%, 0, 0, 1, 324.96, 116393, 2
363, 33, 0, 1, 0, 0, 25.00%, 0, 0, 1, 326.35, 118071, 2
368, 34, 0, 1, 0, 0, 25.00%, 0, 0, 1, 324.37, 119732, 2
373, 34, 0, 1, 0, 0, 25.00%, 0, 0, 1, 325.85, 121386, 2
378, 35, 0, 1, 0, 0, 25.00%, 0, 0, 1, 326.13, 123059, 2
383, 35, 0, 1, 0, 0, 25.00%, 0, 0, 1, 326.24, 124732, 2
388, 36, 0, 1, 0, 0, 25.00%, 0, 0, 1, 326.02, 126410, 2
393, 36, 0, 1, 0, 0, 25.00%, 0, 0, 1, 325.12, 128065, 2
398, 37, 0, 1, 0, 0, 25.00%, 0, 0, 1, 326.08, 129737, 2
404, 37, 0, 1, 0, 0, 25.00%, 0, 0, 1, 325.67, 131410, 2
409, 38, 0, 1, 0, 0, 25.00%, 0, 0, 1, 324.92, 133082, 2
414, 38, 0, 1, 0, 0, 25.00%, 0, 0, 1, 324.31, 134761, 2
419, 38, 0, 1, 0, 0, 25.00%, 0, 0, 1, 324.82, 136428, 2
424, 39, 0, 1, 0, 0, 25.00%, 0, 0, 1, 322.62, 138088, 2
429, 39, 0, 1, 0, 0, 25.00%, 0, 0, 1, 324.35, 139743, 2
434, 40, 0, 1, 0, 0, 25.00%, 0, 0, 1, 324.54, 141403, 2
440, 40, 0, 1, 0, 0, 25.00%, 0, 0, 1, 324.77, 143064, 2
445, 41, 0, 1, 0, 0, 25.00%, 0, 0, 1, 325.02, 144725, 2
450, 41, 0, 1, 0, 0, 25.00%, 0, 0, 1, 324.38, 146385, 2
455, 42, 0, 1, 0, 0, 25.00%, 0, 0, 1, 325.50, 148040, 2
460, 42, 0, 1, 0, 0, 25.00%, 0, 0, 1, 325.06, 149682, 2
465, 43, 0, 1, 0, 0, 25.00%, 0, 0, 1, 325.09, 151343, 2
470, 43, 0, 1, 0, 0, 25.00%, 0, 0, 1, 324.03, 152986, 2
475, 44, 0, 1, 0, 0, 25.00%, 0, 0, 1, 325.25, 154652, 2
480, 44, 0, 1, 0, 0, 25.00%, 0, 0, 1, 324.76, 156313, 2
485, 45, 0, 1, 0, 0, 25.00%, 0, 0, 1, 325.04, 157979, 2
491, 45, 0, 1, 0, 0, 25.00%, 0, 0, 1, 325.80, 159646, 2
496, 46, 0, 1, 0, 0, 25.00%, 0, 0, 1, 324.68, 161300, 2
501, 46, 0, 1, 0, 0, 25.00%, 0, 0, 1, 326.10, 162961, 2
506, 46, 0, 1, 0, 0, 25.00%, 0, 0, 1, 325.17, 164622, 2
511, 47, 0, 1, 0, 0, 25.00%, 0, 0, 1, 325.19, 166282, 2
516, 47, 0, 1, 0, 0, 25.00%, 0, 0, 1, 325.49, 167955, 2
521, 48, 0, 1, 0, 0, 25.00%, 0, 0, 1, 326.66, 169627, 2
526, 48, 0, 1, 0, 0, 25.00%, 0, 0, 1, 325.62, 171288, 2
531, 49, 0, 1, 0, 0, 25.00%, 0, 0, 1, 324.42, 172937, 2
537, 49, 0, 1, 0, 0, 25.00%, 0, 0, 1, 326.07, 174603, 2
542, 50, 0, 1, 0, 0, 25.00%, 0, 0, 1, 325.02, 176258, 2
547, 50, 0, 1, 0, 0, 25.00%, 0, 0, 1, 324.88, 177918, 2
552, 51, 0, 1, 0, 0, 25.00%, 0, 0, 1, 325.67, 179585, 2
557, 51, 0, 1, 0, 0, 25.00%, 0, 0, 1, 326.80, 181263, 2
558, 51, 0, 1, 0, 0, 25.00%, 1, 0, 1, 317.53, 181588, 2
