# relative_time, cycles_done, cur_item, corpus_count, pending_total, pending_favs, map_size, saved_crashes, saved_hangs, max_depth, execs_per_sec, total_execs, edges_found
62, 9, 2, 3, 0, 0, 32.26%, 0, 0, 2, 321.15, 19888, 10
67, 10, 0, 3, 0, 0, 32.26%, 0, 0, 2, 320.66, 21544, 10
72, 11, 0, 3, 0, 0, 32.26%, 0, 0, 2, 320.08, 23193, 10
77, 11, 0, 3, 0, 0, 32.26%, 0, 0, 2, 319.83, 24845, 10
82, 12, 2, 3, 0, 0, 32.26%, 0, 0, 2, 320.21, 26503, 10
87, 13, 2, 3, 0, 0, 32.26%, 0, 0, 2, 320.92, 28165, 10
93, 14, 0, 3, 0, 0, 32.26%, 0, 0, 2, 320.81, 29821, 10
98, 15, 2, 3, 0, 0, 32.26%, 0, 0, 2, 320.54, 31479, 10
103, 15, 0, 3, 0, 0, 32.26%, 0, 0, 2, 320.37, 33125, 10
108, 16, 2, 3, 0, 0, 32.26%, 0, 0, 2, 320.05, 34780, 10
113, 17, 0, 3, 0, 0, 32.26%, 0, 0, 2, 320.73, 36442, 10
118, 18, 2, 3, 0, 0, 32.26%, 0, 0, 2, 320.71, 38100, 10
124, 18, 0, 3, 0, 0, 32.26%, 0, 0, 2, 319.73, 39746, 10
129, 19, 0, 3, 0, 0, 32.26%, 0, 0, 2, 320.05, 41401, 10
134, 19, 0, 3, 0, 0, 32.26%, 0, 0, 2, 319.70, 43050, 10
139, 19, 0, 3, 0, 0, 32.26%, 0, 0, 2, 319.66, 44699, 10
144, 21, 2, 3, 0, 0, 32.26%, 0, 0, 2, 319.74, 46357, 10
149, 22, 2, 3, 0, 0, 32.26%, 0, 0, 2, 319.74, 48010, 10
155, 23, 0, 3, 0, 0, 32.26%, 0, 0, 2, 320.65, 49675, 10
160, 23, 0, 3, 0, 0, 32.26%, 0, 0, 2, 319.36, 51327, 10
165, 24, 0, 3, 0, 0, 32.26%, 0, 0, 2, 320.53, 52979, 10
170, 24, 2, 3, 0, 0, 32.26%, 0, 0, 2, 320.27, 54640, 10
175, 25, 2, 3, 0, 0, 32.26%, 0, 0, 2, 319.83, 56292, 10
180, 26, 2, 3, 0, 0, 32.26%, 0, 0, 2, 320.29, 57954, 10
186, 27, 2, 3, 0, 0, 32.26%, 0, 0, 2, 320.06, 59613, 10
191, 28, 0, 3, 0, 0, 32.26%, 0, 0, 2, 320.79, 61269, 10
196, 29, 0, 3, 0, 0, 32.26%, 0, 0, 2, 319.16, 62915, 10
201, 30, 2, 3, 0, 0, 32.26%, 0, 0, 2, 320.35, 64570, 10
206, 31, 2, 3, 0, 0, 32.26%, 0, 0, 2, 320.87, 66238, 10
212, 32, 0, 3, 0, 0, 32.26%, 0, 0, 2, 320.58, 67900, 10
217, 33, 0, 3, 0, 0, 32.26%, 0, 0, 2, 320.38, 69555, 10
222, 33, 0, 3, 0, 0, 32.26%, 0, 0, 2, 321.38, 71207, 10
227, 33, 0, 3, 0, 0, 32.26%, 0, 0, 2, 320.33, 72856, 10
232, 34, 2, 3, 0, 0, 32.26%, 0, 0, 2, 320.96, 74514, 10
237, 35, 0, 3, 0, 0, 32.26%, 0, 0, 2, 319.99, 76167, 10
242, 36, 0, 3, 0, 0, 32.26%, 0, 0, 2, 320.38, 77816, 10
248, 36, 0, 3, 0, 0, 32.26%, 0, 0, 2, 319.54, 79465, 10
253, 36, 0, 3, 0, 0, 32.26%, 0, 0, 2, 318.69, 81114, 10
258, 37, 1, 3, 0, 0, 32.26%, 0, 0, 2, 319.44, 82765, 10
263, 38, 0, 3, 0, 0, 32.26%, 0, 0, 2, 319.65, 84421, 10
266, 38, 2, 3, 0, 0, 32.26%, 1, 0, 2, 310.59, 85198, 10
