# relative_time, cycles_done, cur_item, corpus_count, pending_total, pending_favs, map_size, saved_crashes, saved_hangs, max_depth, execs_per_sec, total_execs, edges_found
61, 9, 2, 3, 0, 0, 32.26%, 0, 0, 2, 327.35, 20158, 10
66, 9, 0, 3, 0, 0, 32.26%, 0, 0, 2, 322.21, 21819, 10
72, 10, 2, 3, 0, 0, 32.26%, 0, 0, 2, 324.98, 23486, 10
77, 10, 2, 3, 0, 0, 32.26%, 0, 0, 2, 322.82, 25144, 10
82, 12, 2, 3, 0, 0, 32.26%, 0, 0, 2, 328.58, 26860, 10
87, 12, 2, 3, 0, 0, 32.26%, 0, 0, 2, 320.33, 28455, 10
92, 13, 2, 3, 0, 0, 32.26%, 0, 0, 2, 321.89, 30122, 10
97, 14, 0, 3, 0, 0, 32.26%, 0, 0, 2, 327.52, 31775, 10
102, 14, 0, 3, 0, 0, 32.26%, 0, 0, 2, 323.05, 33427, 10
107, 15, 2, 3, 0, 0, 32.26%, 0, 0, 2, 325.50, 35097, 10
113, 16, 0, 3, 0, 0, 32.26%, 0, 0, 2, 324.37, 36771, 10
118, 17, 2, 3, 0, 0, 32.26%, 0, 0, 2, 327.34, 38459, 10
123, 17, 2, 3, 0, 0, 32.26%, 0, 0, 2, 323.88, 40126, 10
128, 18, 0, 3, 0, 0, 32.26%, 0, 0, 2, 322.45, 41749, 10
133, 18, 0, 3, 0, 0, 32.26%, 0, 0, 2, 321.65, 43419, 10
138, 19, 0, 3, 0, 0, 32.26%, 0, 0, 2, 327.94, 45071, 10
143, 20, 2, 3, 0, 0, 32.26%, 0, 0, 2, 326.86, 46753, 10
148, 21, 0, 3, 0, 0, 32.26%, 0, 0, 2, 328.08, 48457, 10
154, 22, 0, 3, 0, 0, 32.26%, 0, 0, 2, 323.38, 50115, 10
159, 22, 2, 3, 0, 0, 32.26%, 0, 0, 2, 325.22, 51776, 10
164, 24, 2, 3, 0, 0, 32.26%, 0, 0, 2, 328.27, 53477, 10
169, 24, 0, 3, 0, 0, 32.26%, 0, 0, 2, 323.03, 55138, 10
174, 25, 2, 3, 0, 0, 32.26%, 0, 0, 2, 326.85, 56829, 10
179, 25, 0, 3, 0, 0, 32.26%, 0, 0, 2, 323.98, 58506, 10
185, 26, 2, 3, 0, 0, 32.26%, 0, 0, 2, 329.07, 60209, 10
190, 27, 0, 3, 0, 0, 32.26%, 0, 0, 2, 325.28, 61889, 10
195, 28, 2, 3, 0, 0, 32.26%, 0, 0, 2, 327.77, 63532, 10
200, 29, 2, 3, 0, 0, 32.26%, 0, 0, 2, 328.00, 65230, 10
205, 31, 2, 3, 0, 0, 32.26%, 0, 0, 2, 330.05, 66883, 10
210, 32, 2, 3, 0, 0, 32.26%, 0, 0, 2, 328.05, 68527, 10
215, 33, 2, 3, 0, 0, 32.26%, 0, 0, 2, 328.87, 70240, 10
220, 34, 2, 3, 0, 0, 32.26%, 0, 0, 2, 328.24, 71944, 10
226, 35, 0, 3, 0, 0, 32.26%, 0, 0, 2, 325.00, 73639, 10
231, 36, 2, 3, 0, 0, 32.26%, 0, 0, 2, 328.43, 75345, 10
236, 37, 0, 3, 0, 0, 32.26%, 0, 0, 2, 323.86, 77028, 10
241, 37, 0, 3, 0, 0, 32.26%, 0, 0, 2, 321.24, 78676, 10
246, 37, 0, 3, 0, 0, 32.26%, 0, 0, 2, 321.21, 80325, 10
251, 37, 0, 3, 0, 0, 32.26%, 0, 0, 2, 314.97, 81932, 10
257, 38, 0, 3, 0, 0, 32.26%, 0, 0, 2, 321.20, 83608, 10
262, 39, 2, 3, 0, 0, 32.26%, 0, 0, 2, 327.60, 85317, 10
267, 40, 0, 3, 0, 0, 32.26%, 0, 0, 2, 323.98, 86949, 10
272, 41, 2, 3, 0, 0, 32.26%, 0, 0, 2, 326.85, 88625, 10
277, 41, 0, 3, 0, 0, 32.26%, 0, 0, 2, 322.69, 90302, 10
282, 43, 2, 3, 0, 0, 32.26%, 0, 0, 2, 327.34, 91945, 10
287, 43, 2, 3, 0, 0, 32.26%, 0, 0, 2, 325.22, 93606, 10
292, 44, 0, 3, 0, 0, 32.26%, 0, 0, 2, 323.41, 95289, 10
298, 45, 2, 3, 0, 0, 32.26%, 0, 0, 2, 328.31, 96992, 10
303, 45, 0, 3, 0, 0, 32.26%, 0, 0, 2, 322.55, 98609, 10
308, 46, 2, 3, 0, 0, 32.26%, 0, 0, 2, 327.91, 100252, 10
313, 48, 2, 3, 0, 0, 32.26%, 0, 0, 2, 328.37, 101944, 10
318, 48, 0, 3, 0, 0, 32.26%, 0, 0, 2, 323.42, 103621, 10
323, 49, 1, 3, 0, 0, 32.26%, 0, 0, 2, 322.09, 105278, 10
328, 50, 2, 3, 0, 0, 32.26%, 0, 0, 2, 323.07, 106955, 10
333, 51, 2, 3, 0, 0, 32.26%, 0, 0, 2, 328.93, 108611, 10
338, 52, 2, 3, 0, 0, 32.26%, 0, 0, 2, 324.92, 110281, 10
344, 52, 2, 3, 0, 0, 32.26%, 0, 0, 2, 322.53, 111948, 10
349, 53, 0, 3, 0, 0, 32.26%, 0, 0, 2, 327.18, 113643, 10
354, 54, 2, 3, 0, 0, 32.26%, 0, 0, 2, 327.21, 115334, 10
359, 55, 2, 3, 0, 0, 32.26%, 0, 0, 2, 329.65, 116990, 10
364, 56, 0, 3, 0, 0, 32.26%, 0, 0, 2, 325.39, 118679, 10
369, 57, 2, 3, 0, 0, 32.26%, 0, 0, 2, 328.27, 120385, 10
375, 58, 2, 3, 0, 0, 32.26%, 0, 0, 2, 329.59, 122101, 10
380, 59, 0, 3, 0, 0, 32.26%, 0, 0, 2, 326.63, 123793, 10
385, 60, 2, 3, 0, 0, 32.26%, 0, 0, 2, 326.65, 125469, 10
390, 61, 0, 3, 0, 0, 32.26%, 0, 0, 2, 325.95, 127152, 10
395, 62, 2, 3, 0, 0, 32.26%, 0, 0, 2, 324.24, 128813, 10
400, 62, 0, 3, 0, 0, 32.26%, 0, 0, 2, 322.19, 130474, 10
406, 63, 1, 3, 0, 0, 32.26%, 0, 0, 2, 324.44, 132141, 10
411, 63, 2, 3, 0, 0, 32.26%, 0, 0, 2, 323.24, 133799, 10
416, 65, 2, 3, 0, 0, 32.26%, 0, 0, 2, 328.78, 135515, 10
421, 66, 0, 3, 0, 0, 32.26%, 0, 0, 2, 326.79, 137156, 10
426, 66, 2, 3, 0, 0, 32.26%, 0, 0, 2, 326.42, 138835, 10
431, 68, 2, 3, 0, 0, 32.26%, 0, 0, 2, 327.43, 140491, 10
436, 69, 2, 3, 0, 0, 32.26%, 0, 0, 2, 328.78, 142198, 10
441, 70, 2, 3, 0, 0, 32.26%, 0, 0, 2, 328.94, 143848, 10
447, 71, 0, 3, 0, 0, 32.26%, 0, 0, 2, 323.71, 145531, 10
452, 71, 2, 3, 0, 0, 32.26%, 0, 0, 2, 322.74, 147191, 10
457, 72, 2, 3, 0, 0, 32.26%, 0, 0, 2, 325.57, 148889, 10
462, 73, 2, 3, 0, 0, 32.26%, 0, 0, 2, 328.79, 150587, 10
467, 75, 2, 3, 0, 0, 32.26%, 0, 0, 2, 328.90, 152291, 10
472, 75, 0, 3, 0, 0, 32.26%, 0, 0, 2, 323.55, 153917, 10
477, 76, 2, 3, 0, 0, 32.26%, 0, 0, 2, 328.75, 155623, 10
482, 77, 2, 3, 0, 0, 32.26%, 0, 0, 2, 329.96, 157276, 10
488, 79, 2, 3, 0, 0, 32.26%, 0, 0, 2, 330.11, 158986, 10
493, 79, 0, 3, 0, 0, 32.26%, 0, 0, 2, 324.56, 160666, 10
498, 80, 2, 3, 0, 0, 32.26%, 0, 0, 2, 328.03, 162363, 10
503, 82, 2, 3, 0, 0, 32.26%, 0, 0, 2, 330.04, 164037, 10
508, 82, 2, 3, 0, 0, 32.26%, 0, 0, 2, 323.05, 165683, 10
513, 83, 2, 3, 0, 0, 32.26%, 0, 0, 2, 324.28, 167356, 10
518, 83, 0, 3, 0, 0, 32.26%, 0, 0, 2, 322.49, 169039, 10
524, 84, 2, 3, 0, 0, 32.26%, 0, 0, 2, 327.73, 170724, 10
529, 85, 0, 3, 0, 0, 32.26%, 0, 0, 2, 322.64, 172376, 10
534, 85, 2, 3, 0, 0, 32.26%, 0, 0, 2, 326.07, 174058, 10
539, 86, 0, 3, 0, 0, 32.26%, 0, 0, 2, 322.74, 175720, 10
544, 87, 0, 3, 0, 0, 32.26%, 0, 0, 2, 326.84, 177408, 10
549, 88, 2, 3, 0, 0, 32.26%, 0, 0, 2, 326.66, 179081, 10
555, 88, 0, 3, 0, 0, 32.26%, 0, 0, 2, 323.33, 180743, 10
560, 89, 0, 3, 0, 0, 32.26%, 0, 0, 2, 327.67, 182395, 10
565, 90, 2, 3, 0, 0, 32.26%, 0, 0, 2, 326.70, 184068, 10
570, 91, 0, 3, 0, 0, 32.26%, 0, 0, 2, 329.24, 185784, 10
575, 92, 2, 3, 0, 0, 32.26%, 0, 0, 2, 325.99, 187442, 10
580, 93, 2, 3, 0, 0, 32.26%, 0, 0, 2, 328.34, 189092, 10
585, 94, 2, 3, 0, 0, 32.26%, 0, 0, 2, 330.39, 190808, 10
590, 95, 0, 3, 0, 0, 32.26%, 0, 0, 2, 325.18, 192500, 10
595, 95, 0, 3, 0, 0, 32.26%, 1, 0, 2, 0.00, 193822, 10
