# relative_time, cycles_done, cur_item, corpus_count, pending_total, pending_favs, map_size, saved_crashes, saved_hangs, max_depth, execs_per_sec, total_execs, edges_found
60, 10, 2, 3, 0, 0, 32.26%, 0, 0, 2, 330.99, 20025, 10
66, 12, 0, 3, 0, 0, 32.26%, 0, 0, 2, 330.97, 21705, 10
71, 12, 2, 3, 0, 0, 32.26%, 0, 0, 2, 326.62, 23377, 10
76, 13, 0, 3, 0, 0, 32.26%, 0, 0, 2, 324.99, 25058, 10
81, 13, 2, 3, 0, 0, 32.26%, 0, 0, 2, 323.04, 26721, 10
86, 14, 2, 3, 0, 0, 32.26%, 0, 0, 2, 328.04, 28368, 10
91, 15, 0, 3, 0, 0, 32.26%, 0, 0, 2, 324.16, 30020, 10
96, 16, 0, 3, 0, 0, 32.26%, 0, 0, 2, 327.49, 31702, 10
100, 16, 0, 3, 0, 0, 32.26%, 1, 0, 2, 315.19, 32953, 10
