# relative_time, cycles_done, cur_item, corpus_count, pending_total, pending_favs, map_size, saved_crashes, saved_hangs, max_depth, execs_per_sec, total_execs, edges_found
61, 8, 2, 3, 0, 0, 36.00%, 0, 0, 2, 327.67, 20124, 9
66, 9, 0, 3, 0, 0, 36.00%, 0, 0, 2, 324.98, 21795, 9
72, 10, 2, 3, 0, 0, 36.00%, 0, 0, 2, 328.98, 23498, 9
77, 11, 0, 3, 0, 0, 36.00%, 0, 0, 2, 324.80, 25175, 9
82, 12, 0, 3, 0, 0, 36.00%, 0, 0, 2, 326.48, 26815, 9
87, 12, 2, 3, 0, 0, 36.00%, 0, 0, 2, 328.11, 28497, 9
92, 14, 0, 3, 0, 0, 36.00%, 0, 0, 2, 328.12, 30141, 9
97, 15, 2, 3, 0, 0, 36.00%, 0, 0, 2, 326.21, 31823, 9
102, 15, 0, 3, 0, 0, 36.00%, 0, 0, 2, 323.21, 33490, 9
107, 16, 0, 3, 0, 0, 36.00%, 0, 0, 2, 322.53, 35148, 9
113, 17, 2, 3, 0, 0, 36.00%, 0, 0, 2, 326.24, 36836, 9
118, 18, 0, 3, 0, 0, 36.00%, 0, 0, 2, 325.85, 38537, 9
123, 18, 0, 3, 0, 0, 36.00%, 0, 0, 2, 326.00, 40165, 9
128, 19, 2, 3, 0, 0, 36.00%, 0, 0, 2, 325.84, 41829, 9
133, 20, 0, 3, 0, 0, 36.00%, 0, 0, 2, 326.27, 43470, 9
138, 21, 2, 3, 0, 0, 36.00%, 0, 0, 2, 326.43, 45149, 9
143, 21, 2, 3, 0, 0, 36.00%, 0, 0, 2, 325.11, 46822, 9
148, 23, 2, 3, 0, 0, 36.00%, 0, 0, 2, 329.34, 48529, 9
154, 23, 2, 3, 0, 0, 36.00%, 0, 0, 2, 325.14, 50202, 9
159, 25, 2, 3, 0, 0, 36.00%, 0, 0, 2, 329.79, 51912, 9
164, 25, 0, 3, 0, 0, 36.00%, 0, 0, 2, 324.25, 53604, 9
169, 26, 2, 3, 0, 0, 36.00%, 0, 0, 2, 327.55, 55256, 9
174, 27, 0, 3, 0, 0, 36.00%, 0, 0, 2, 326.13, 56900, 9
179, 28, 0, 3, 0, 0, 36.00%, 0, 0, 2, 323.99, 58582, 9
184, 28, 0, 3, 0, 0, 36.00%, 0, 0, 2, 323.61, 60267, 9
190, 29, 0, 3, 0, 0, 36.00%, 0, 0, 2, 323.59, 61940, 9
195, 30, 0, 3, 0, 0, 36.00%, 0, 0, 2, 323.64, 63595, 9
200, 30, 0, 3, 0, 0, 36.00%, 0, 0, 2, 325.17, 65262, 9
205, 31, 0, 3, 0, 0, 36.00%, 0, 0, 2, 325.56, 66935, 9
210, 32, 2, 3, 0, 0, 36.00%, 0, 0, 2, 326.50, 68617, 9
215, 32, 2, 3, 0, 0, 36.00%, 0, 0, 2, 323.69, 70272, 9
220, 33, 2, 3, 0, 0, 36.00%, 0, 0, 2, 321.34, 71933, 9
226, 33, 0, 3, 0, 0, 36.00%, 0, 0, 2, 322.12, 73613, 9
231, 34, 2, 3, 0, 0, 36.00%, 0, 0, 2, 322.05, 75282, 9
236, 35, 2, 3, 0, 0, 36.00%, 0, 0, 2, 328.43, 76941, 9
241, 36, 0, 3, 0, 0, 36.00%, 0, 0, 2, 322.73, 78618, 9
246, 36, 0, 3, 0, 0, 36.00%, 0, 0, 2, 321.79, 80276, 9
251, 37, 2, 3, 0, 0, 36.00%, 0, 0, 2, 322.94, 81951, 9
256, 38, 2, 3, 0, 0, 36.00%, 0, 0, 2, 327.69, 83652, 9
262, 39, 0, 3, 0, 0, 36.00%, 0, 0, 2, 325.23, 85350, 9
267, 40, 0, 3, 0, 0, 36.00%, 0, 0, 2, 324.18, 87035, 9
272, 40, 0, 3, 0, 0, 36.00%, 0, 0, 2, 324.28, 88708, 9
277, 40, 0, 3, 0, 0, 36.00%, 0, 0, 2, 321.20, 90357, 9
282, 42, 2, 3, 0, 0, 36.00%, 0, 0, 2, 328.03, 92048, 9
287, 43, 2, 3, 0, 0, 36.00%, 0, 0, 2, 329.60, 93764, 9
293, 44, 0, 3, 0, 0, 36.00%, 0, 0, 2, 322.87, 95438, 9
298, 44, 1, 3, 0, 0, 36.00%, 0, 0, 2, 324.55, 97112, 9
303, 45, 0, 3, 0, 0, 36.00%, 0, 0, 2, 320.28, 98756, 9
308, 46, 2, 3, 0, 0, 36.00%, 0, 0, 2, 326.62, 100444, 9
313, 47, 0, 3, 0, 0, 36.00%, 0, 0, 2, 327.31, 102091, 9
318, 47, 2, 3, 0, 0, 36.00%, 0, 0, 2, 327.66, 103782, 9
323, 48, 2, 3, 0, 0, 36.00%, 0, 0, 2, 324.10, 105437, 9
328, 49, 2, 3, 0, 0, 36.00%, 0, 0, 2, 329.68, 107096, 9
333, 50, 2, 3, 0, 0, 36.00%, 0, 0, 2, 330.08, 108758, 9
339, 51, 0, 3, 0, 0, 36.00%, 0, 0, 2, 326.84, 110459, 9
344, 52, 2, 3, 0, 0, 36.00%, 0, 0, 2, 328.70, 112114, 9
349, 53, 0, 3, 0, 0, 36.00%, 0, 0, 2, 320.84, 113764, 9
354, 54, 2, 3, 0, 0, 36.00%, 0, 0, 2, 327.72, 115434, 9
359, 55, 2, 3, 0, 0, 36.00%, 0, 0, 2, 323.16, 117101, 9
364, 55, 0, 3, 0, 0, 36.00%, 0, 0, 2, 323.83, 118781, 9
369, 56, 2, 3, 0, 0, 36.00%, 0, 0, 2, 327.89, 120487, 9
375, 57, 2, 3, 0, 0, 36.00%, 0, 0, 2, 325.20, 122160, 9
380, 57, 0, 3, 0, 0, 36.00%, 0, 0, 2, 323.42, 123849, 9
385, 58, 0, 3, 0, 0, 36.00%, 0, 0, 2, 322.35, 125503, 9
390, 59, 2, 3, 0, 0, 36.00%, 0, 0, 2, 324.27, 127164, 9
395, 60, 2, 3, 0, 0, 36.00%, 0, 0, 2, 329.21, 128865, 9
400, 60, 0, 3, 0, 0, 36.00%, 0, 0, 2, 323.68, 130488, 9
405, 62, 2, 3, 0, 0, 36.00%, 0, 0, 2, 327.60, 132185, 9
411, 62, 0, 3, 0, 0, 36.00%, 0, 0, 2, 322.92, 133850, 9
416, 63, 0, 3, 0, 0, 36.00%, 0, 0, 2, 318.33, 135475, 9
421, 64, 2, 3, 0, 0, 36.00%, 0, 0, 2, 326.04, 137175, 9
426, 66, 2, 3, 0, 0, 36.00%, 0, 0, 2, 331.18, 138906, 9
431, 66, 0, 3, 0, 0, 36.00%, 0, 0, 2, 323.98, 140571, 9
436, 67, 0, 3, 0, 0, 36.00%, 0, 0, 2, 322.56, 142241, 9
442, 67, 2, 3, 0, 0, 36.00%, 0, 0, 2, 323.06, 143910, 9
444, 68, 1, 3, 0, 0, 36.00%, 1, 0, 2, 314.69, 144757, 9
