# relative_time, cycles_done, cur_item, corpus_count, pending_total, pending_favs, map_size, saved_crashes, saved_hangs, max_depth, execs_per_sec, total_execs, edges_found
61, 10, 0, 3, 0, 0, 32.26%, 0, 0, 2, 327.10, 20211, 10
66, 10, 2, 3, 0, 0, 32.26%, 0, 0, 2, 323.70, 21865, 10
71, 10, 0, 3, 0, 0, 32.26%, 0, 0, 2, 317.54, 23499, 10
76, 11, 2, 3, 0, 0, 32.26%, 0, 0, 2, 324.96, 25172, 10
82, 12, 2, 3, 0, 0, 32.26%, 0, 0, 2, 330.33, 26834, 10
87, 13, 0, 3, 0, 0, 32.26%, 0, 0, 2, 324.64, 28504, 10
92, 14, 2, 3, 0, 0, 32.26%, 0, 0, 2, 323.90, 30156, 10
97, 14, 2, 3, 0, 0, 32.26%, 0, 0, 2, 323.67, 31835, 10
102, 15, 0, 3, 0, 0, 32.26%, 0, 0, 2, 324.39, 33521, 10
107, 16, 2, 3, 0, 0, 32.26%, 0, 0, 2, 327.64, 35215, 10
112, 17, 2, 3, 0, 0, 32.26%, 0, 0, 2, 329.46, 36868, 10
118, 18, 2, 3, 0, 0, 32.26%, 0, 0, 2, 329.94, 38578, 10
123, 19, 0, 3, 0, 0, 32.26%, 0, 0, 2, 325.12, 40255, 10
128, 20, 0, 3, 0, 0, 32.26%, 0, 0, 2, 323.89, 41910, 10
133, 20, 0, 3, 0, 0, 32.26%, 0, 0, 2, 323.86, 43580, 10
138, 21, 0, 3, 0, 0, 32.26%, 0, 0, 2, 312.74, 45196, 10
143, 22, 0, 3, 0, 0, 32.26%, 0, 0, 2, 324.12, 46899, 10
148, 22, 0, 3, 0, 0, 32.26%, 0, 0, 2, 324.32, 48563, 10
154, 23, 2, 3, 0, 0, 32.26%, 0, 0, 2, 326.86, 50251, 10
159, 24, 0, 3, 0, 0, 32.26%, 0, 0, 2, 323.53, 51918, 10
164, 24, 0, 3, 0, 0, 32.26%, 0, 0, 2, 322.08, 53573, 10
169, 25, 0, 3, 0, 0, 32.26%, 0, 0, 2, 324.79, 55267, 10
174, 25, 2, 3, 0, 0, 32.26%, 0, 0, 2, 326.03, 56952, 10
179, 26, 0, 3, 0, 0, 32.26%, 0, 0, 2, 322.72, 58610, 10
185, 26, 2, 3, 0, 0, 32.26%, 0, 0, 2, 326.37, 60301, 10
190, 28, 2, 3, 0, 0, 32.26%, 0, 0, 2, 329.37, 62017, 10
195, 29, 0, 3, 0, 0, 32.26%, 0, 0, 2, 325.96, 63697, 10
200, 30, 2, 3, 0, 0, 32.26%, 0, 0, 2, 328.14, 65391, 10
205, 31, 0, 3, 0, 0, 32.26%, 0, 0, 2, 328.56, 67038, 10
210, 32, 2, 3, 0, 0, 32.26%, 0, 0, 2, 327.32, 68726, 10
216, 32, 2, 3, 0, 0, 32.26%, 0, 0, 2, 325.22, 70387, 10
221, 33, 2, 3, 0, 0, 32.26%, 0, 0, 2, 323.54, 72060, 10
226, 34, 0, 3, 0, 0, 32.26%, 0, 0, 2, 325.55, 73752, 10
231, 34, 2, 3, 0, 0, 32.26%, 0, 0, 2, 328.95, 75440, 10
236, 35, 2, 3, 0, 0, 32.26%, 0, 0, 2, 325.06, 77113, 10
241, 36, 2, 3, 0, 0, 32.26%, 0, 0, 2, 329.35, 78793, 10
246, 37, 2, 3, 0, 0, 32.26%, 0, 0, 2, 329.46, 80503, 10
252, 39, 0, 3, 0, 0, 32.26%, 0, 0, 2, 329.65, 82210, 10
257, 39, 0, 3, 0, 0, 32.26%, 0, 0, 2, 325.81, 83883, 10
262, 40, 2, 3, 0, 0, 32.26%, 0, 0, 2, 327.09, 85568, 10
267, 41, 2, 3, 0, 0, 32.26%, 0, 0, 2, 329.43, 87227, 10
272, 42, 2, 3, 0, 0, 32.26%, 0, 0, 2, 330.60, 88895, 10
277, 43, 0, 3, 0, 0, 32.26%, 0, 0, 2, 327.97, 90542, 10
282, 44, 0, 3, 0, 0, 32.26%, 0, 0, 2, 324.31, 92206, 10
287, 45, 2, 3, 0, 0, 32.26%, 0, 0, 2, 326.98, 93900, 10
292, 45, 0, 3, 0, 0, 32.26%, 0, 0, 2, 322.69, 95552, 10
298, 45, 0, 3, 0, 0, 32.26%, 0, 0, 2, 322.97, 97201, 10
303, 46, 0, 3, 0, 0, 32.26%, 0, 0, 2, 323.56, 98859, 10
308, 47, 2, 3, 0, 0, 32.26%, 0, 0, 2, 328.15, 100562, 10
313, 48, 0, 3, 0, 0, 32.26%, 0, 0, 2, 326.12, 102248, 10
318, 48, 2, 3, 0, 0, 32.26%, 0, 0, 2, 324.35, 103930, 10
323, 50, 2, 3, 0, 0, 32.26%, 0, 0, 2, 330.67, 105598, 10
328, 51, 2, 3, 0, 0, 32.26%, 0, 0, 2, 329.88, 107308, 10
333, 52, 2, 3, 0, 0, 32.26%, 0, 0, 2, 330.32, 108973, 10
339, 53, 2, 3, 0, 0, 32.26%, 0, 0, 2, 326.50, 110652, 10
344, 54, 2, 3, 0, 0, 32.26%, 0, 0, 2, 329.31, 112308, 10
349, 55, 2, 3, 0, 0, 32.26%, 0, 0, 2, 328.34, 114003, 10
354, 56, 2, 3, 0, 0, 32.26%, 0, 0, 2, 329.42, 115713, 10
359, 57, 2, 3, 0, 0, 32.26%, 0, 0, 2, 325.65, 117392, 10
364, 58, 0, 3, 0, 0, 32.26%, 0, 0, 2, 325.05, 119066, 10
370, 59, 2, 3, 0, 0, 32.26%, 0, 0, 2, 327.29, 120760, 10
375, 59, 0, 3, 0, 0, 32.26%, 0, 0, 2, 324.96, 122443, 10
380, 60, 2, 3, 0, 0, 32.26%, 0, 0, 2, 328.15, 124146, 10
385, 61, 0, 3, 0, 0, 32.26%, 0, 0, 2, 325.17, 125823, 10
390, 62, 2, 3, 0, 0, 32.26%, 0, 0, 2, 329.54, 127535, 10
395, 63, 2, 3, 0, 0, 32.26%, 0, 0, 2, 330.08, 129188, 10
400, 65, 2, 3, 0, 0, 32.26%, 0, 0, 2, 330.31, 130850, 10
405, 65, 0, 3, 0, 0, 32.26%, 0, 0, 2, 323.88, 132533, 10
410, 66, 2, 3, 0, 0, 32.26%, 0, 0, 2, 329.77, 134194, 10
415, 67, 2, 3, 0, 0, 32.26%, 0, 0, 2, 329.16, 135850, 10
421, 69, 0, 3, 0, 0, 32.26%, 0, 0, 2, 329.20, 137554, 10
426, 69, 2, 3, 0, 0, 32.26%, 0, 0, 2, 326.83, 139221, 10
431, 70, 0, 3, 0, 0, 32.26%, 0, 0, 2, 325.58, 140859, 10
436, 71, 0, 3, 0, 0, 32.26%, 0, 0, 2, 325.48, 142541, 10
441, 71, 0, 3, 0, 0, 32.26%, 0, 0, 2, 326.10, 144220, 10
446, 72, 0, 3, 0, 0, 32.26%, 0, 0, 2, 323.29, 145869, 10
451, 73, 2, 3, 0, 0, 32.26%, 0, 0, 2, 326.75, 147545, 10
456, 74, 2, 3, 0, 0, 32.26%, 0, 0, 2, 329.84, 149201, 10
462, 74, 2, 3, 0, 0, 32.26%, 0, 0, 2, 324.48, 150877, 10
467, 76, 2, 3, 0, 0, 32.26%, 0, 0, 2, 328.68, 152542, 10
472, 77, 2, 3, 0, 0, 32.26%, 0, 0, 2, 330.37, 154264, 10
477, 77, 2, 3, 0, 0, 32.26%, 0, 0, 2, 324.35, 155931, 10
482, 78, 2, 3, 0, 0, 32.26%, 0, 0, 2, 324.21, 157616, 10
487, 79, 0, 3, 0, 0, 32.26%, 0, 0, 2, 324.13, 159299, 10
492, 79, 0, 3, 0, 0, 32.26%, 0, 0, 2, 321.19, 160948, 10
498, 80, 0, 3, 0, 0, 32.26%, 0, 0, 2, 325.10, 162627, 10
503, 81, 2, 3, 0, 0, 32.26%, 0, 0, 2, 321.44, 164288, 10
508, 82, 0, 3, 0, 0, 32.26%, 0, 0, 2, 325.20, 165983, 10
513, 82, 0, 3, 0, 0, 32.26%, 0, 0, 2, 322.46, 167641, 10
518, 83, 0, 3, 0, 0, 32.26%, 0, 0, 2, 322.63, 169311, 10
523, 83, 0, 3, 0, 0, 32.26%, 0, 0, 2, 322.77, 170984, 10
529, 84, 2, 3, 0, 0, 32.26%, 0, 0, 2, 321.66, 172638, 10
534, 85, 0, 3, 0, 0, 32.26%, 0, 0, 2, 325.66, 174339, 10
539, 85, 2, 3, 0, 0, 32.26%, 0, 0, 2, 327.97, 175976, 10
544, 87, 2, 3, 0, 0, 32.26%, 0, 0, 2, 330.80, 177632, 10
549, 87, 2, 3, 0, 0, 32.26%, 0, 0, 2, 324.95, 179311, 10
554, 88, 2, 3, 0, 0, 32.26%, 0, 0, 2, 323.86, 180987, 10
559, 88, 2, 3, 0, 0, 32.26%, 0, 0, 2, 324.94, 182660, 10
564, 89, 2, 3, 0, 0, 32.26%, 0, 0, 2, 322.98, 184327, 10
570, 90, 2, 3, 0, 0, 32.26%, 0, 0, 2, 329.86, 186052, 10
575, 91, 0, 3, 0, 0, 32.26%, 0, 0, 2, 327.63, 187702, 10
580, 92, 2, 3, 0, 0, 32.26%, 0, 0, 2, 326.64, 189378, 10
585, 93, 2, 3, 0, 0, 32.26%, 0, 0, 2, 330.03, 191034, 10
590, 94, 0, 3, 0, 0, 32.26%, 0, 0, 2, 324.89, 192723, 10
595, 94, 2, 3, 0, 0, 32.26%, 0, 0, 2, 323.44, 194383, 10
600, 95, 0, 3, 0, 0, 32.26%, 0, 0, 2, 323.48, 196063, 10
605, 95, 2, 3, 0, 0, 32.26%, 0, 0, 2, 321.25, 197711, 10
611, 96, 2, 3, 0, 0, 32.26%, 0, 0, 2, 326.89, 199406, 10
616, 98, 2, 3, 0, 0, 32.26%, 0, 0, 2, 326.91, 201110, 10
621, 98, 0, 3, 0, 0, 32.26%, 0, 0, 2, 323.53, 202787, 10
626, 99, 2, 3, 0, 0, 32.26%, 0, 0, 2, 323.01, 204450, 10
631, 100, 2, 3, 0, 0, 32.26%, 0, 0, 2, 325.67, 206109, 10
636, 100, 0, 3, 0, 0, 32.26%, 0, 0, 2, 323.39, 207776, 10
642, 101, 2, 3, 0, 0, 32.26%, 0, 0, 2, 323.99, 209443, 10
647, 102, 2, 3, 0, 0, 32.26%, 0, 0, 2, 329.78, 211159, 10
652, 103, 0, 3, 0, 0, 32.26%, 0, 0, 2, 325.00, 212836, 10
657, 103, 2, 3, 0, 0, 32.26%, 0, 0, 2, 321.35, 214490, 10
662, 105, 2, 3, 0, 0, 32.26%, 0, 0, 2, 327.73, 216194, 10
667, 105, 0, 3, 0, 0, 32.26%, 0, 0, 2, 323.47, 217874, 10
673, 106, 0, 3, 0, 0, 32.26%, 0, 0, 2, 317.87, 219484, 10
678, 107, 0, 3, 0, 0, 32.26%, 0, 0, 2, 325.66, 221124, 10
683, 107, 2, 3, 0, 0, 32.26%, 0, 0, 2, 324.75, 222788, 10
688, 108, 2, 3, 0, 0, 32.26%, 0, 0, 2, 322.39, 224455, 10
693, 109, 0, 3, 0, 0, 32.26%, 0, 0, 2, 323.80, 226147, 10
698, 110, 2, 3, 0, 0, 32.26%, 0, 0, 2, 328.71, 227847, 10
703, 110, 0, 3, 0, 0, 32.26%, 0, 0, 2, 322.29, 229499, 10
709, 111, 2, 3, 0, 0, 32.26%, 0, 0, 2, 326.34, 231190, 10
714, 112, 2, 3, 0, 0, 32.26%, 0, 0, 2, 323.14, 232845, 10
719, 113, 0, 3, 0, 0, 32.26%, 0, 0, 2, 324.97, 234540, 10
724, 113, 2, 3, 0, 0, 32.26%, 0, 0, 2, 324.16, 236207, 10
729, 114, 0, 3, 0, 0, 32.26%, 0, 0, 2, 323.42, 237866, 10
734, 115, 0, 3, 0, 0, 32.26%, 0, 0, 2, 324.91, 239545, 10
740, 116, 2, 3, 0, 0, 32.26%, 0, 0, 2, 325.50, 241218, 10
745, 116, 0, 3, 0, 0, 32.26%, 0, 0, 2, 322.08, 242870, 10
750, 117, 2, 3, 0, 0, 32.26%, 0, 0, 2, 324.47, 244531, 10
755, 118, 0, 3, 0, 0, 32.26%, 0, 0, 2, 320.87, 246184, 10
760, 118, 2, 3, 0, 0, 32.26%, 0, 0, 2, 321.89, 247844, 10
765, 119, 0, 3, 0, 0, 32.26%, 0, 0, 2, 322.41, 249518, 10
771, 120, 2, 3, 0, 0, 32.26%, 0, 0, 2, 327.00, 251215, 10
776, 121, 2, 3, 0, 0, 32.26%, 0, 0, 2, 325.38, 252850, 10
781, 121, 2, 3, 0, 0, 32.26%, 0, 0, 2, 323.02, 254469, 10
786, 122, 2, 3, 0, 0, 32.26%, 0, 0, 2, 321.90, 256130, 10
791, 122, 0, 3, 0, 0, 32.26%, 0, 0, 2, 321.32, 257788, 10
796, 123, 0, 3, 0, 0, 32.26%, 0, 0, 2, 316.57, 259425, 10
801, 124, 2, 3, 0, 0, 32.26%, 0, 0, 2, 323.78, 261107, 10
806, 124, 1, 3, 0, 0, 32.26%, 0, 0, 2, 323.64, 262780, 10
811, 126, 2, 3, 0, 0, 32.26%, 0, 0, 2, 328.30, 264439, 10
817, 126, 0, 3, 0, 0, 32.26%, 0, 0, 2, 319.60, 266069, 10
822, 127, 2, 3, 0, 0, 32.26%, 0, 0, 2, 323.72, 267730, 10
823, 128, 2, 3, 0, 0, 32.26%, 1, 0, 2, 316.64, 268187, 10
