# relative_time, cycles_done, cur_item, corpus_count, pending_total, pending_favs, map_size, saved_crashes, saved_hangs, max_depth, execs_per_sec, total_execs, edges_found
61, 10, 1, 3, 0, 0, 36.00%, 0, 0, 2, 329.26, 20175, 9
67, 11, 1, 3, 0, 0, 36.00%, 0, 0, 2, 326.88, 21861, 9
72, 12, 0, 3, 0, 0, 36.00%, 0, 0, 2, 324.96, 23556, 9
77, 13, 2, 3, 0, 0, 36.00%, 0, 0, 2, 328.07, 25208, 9
82, 14, 0, 3, 0, 0, 36.00%, 0, 0, 2, 326.57, 26852, 9
87, 14, 1, 3, 0, 0, 36.00%, 0, 0, 2, 329.05, 28546, 9
92, 15, 1, 3, 0, 0, 36.00%, 0, 0, 2, 325.31, 30219, 9
97, 16, 1, 3, 0, 0, 36.00%, 0, 0, 2, 329.85, 31896, 9
102, 17, 0, 3, 0, 0, 36.00%, 0, 0, 2, 326.46, 33576, 9
108, 17, 0, 3, 0, 0, 36.00%, 0, 0, 2, 321.55, 35225, 9
113, 18, 0, 3, 0, 0, 36.00%, 0, 0, 2, 320.16, 36868, 9
118, 19, 0, 3, 0, 0, 36.00%, 0, 0, 2, 325.50, 38508, 9
123, 19, 0, 3, 0, 0, 36.00%, 0, 0, 2, 323.02, 40166, 9
128, 19, 0, 3, 0, 0, 36.00%, 0, 0, 2, 321.29, 41815, 9
133, 20, 1, 3, 0, 0, 36.00%, 0, 0, 2, 320.41, 43463, 9
138, 20, 1, 3, 0, 0, 36.00%, 0, 0, 2, 322.61, 45118, 9
143, 21, 1, 3, 0, 0, 36.00%, 0, 0, 2, 322.72, 46794, 9
149, 22, 1, 3, 0, 0, 36.00%, 0, 0, 2, 327.93, 48510, 9
154, 23, 1, 3, 0, 0, 36.00%, 0, 0, 2, 328.04, 50202, 9
159, 24, 2, 3, 0, 0, 36.00%, 0, 0, 2, 326.13, 51894, 9
164, 25, 0, 3, 0, 0, 36.00%, 0, 0, 2, 325.63, 53589, 9
169, 26, 0, 3, 0, 0, 36.00%, 0, 0, 2, 325.28, 55283, 9
175, 27, 2, 3, 0, 0, 36.00%, 0, 0, 2, 325.29, 56965, 9
180, 27, 0, 3, 0, 0, 36.00%, 0, 0, 2, 323.03, 58636, 9
185, 28, 2, 3, 0, 0, 36.00%, 0, 0, 2, 328.71, 60306, 9
190, 29, 0, 3, 0, 0, 36.00%, 0, 0, 2, 323.95, 61995, 9
195, 30, 0, 3, 0, 0, 36.00%, 0, 0, 2, 323.21, 63668, 9
200, 31, 1, 3, 0, 0, 36.00%, 0, 0, 2, 327.39, 65359, 9
205, 32, 0, 3, 0, 0, 36.00%, 0, 0, 2, 329.54, 67009, 9
210, 32, 0, 3, 0, 0, 36.00%, 0, 0, 2, 321.90, 68658, 9
215, 33, 1, 3, 0, 0, 36.00%, 0, 0, 2, 325.79, 70292, 9
221, 33, 1, 3, 0, 0, 36.00%, 0, 0, 2, 324.18, 71962, 9
226, 34, 0, 3, 0, 0, 36.00%, 0, 0, 2, 325.25, 73642, 9
231, 35, 0, 3, 0, 0, 36.00%, 0, 0, 2, 324.68, 75310, 9
236, 35, 0, 3, 0, 0, 36.00%, 0, 0, 2, 320.62, 76965, 9
241, 36, 1, 3, 0, 0, 36.00%, 0, 0, 2, 325.82, 78641, 9
246, 37, 0, 3, 0, 0, 36.00%, 0, 0, 2, 322.47, 80300, 9
251, 38, 1, 3, 0, 0, 36.00%, 0, 0, 2, 328.45, 81970, 9
257, 39, 1, 3, 0, 0, 36.00%, 0, 0, 2, 326.62, 83662, 9
262, 39, 1, 3, 0, 0, 36.00%, 0, 0, 2, 324.00, 85332, 9
267, 41, 2, 3, 0, 0, 36.00%, 0, 0, 2, 327.59, 86988, 9
272, 42, 1, 3, 0, 0, 36.00%, 0, 0, 2, 325.65, 88656, 9
277, 43, 1, 3, 0, 0, 36.00%, 0, 0, 2, 328.56, 90303, 9
282, 44, 1, 3, 0, 0, 36.00%, 0, 0, 2, 330.62, 91971, 9
287, 45, 1, 3, 0, 0, 36.00%, 0, 0, 2, 329.13, 93669, 9
292, 46, 0, 3, 0, 0, 36.00%, 0, 0, 2, 327.37, 95367, 9
298, 47, 1, 3, 0, 0, 36.00%, 0, 0, 2, 326.41, 97037, 9
303, 48, 1, 3, 0, 0, 36.00%, 0, 0, 2, 327.53, 98687, 9
308, 49, 1, 3, 0, 0, 36.00%, 0, 0, 2, 329.45, 100397, 9
313, 50, 0, 3, 0, 0, 36.00%, 0, 0, 2, 323.24, 102056, 9
318, 50, 1, 3, 0, 0, 36.00%, 0, 0, 2, 323.84, 103716, 9
323, 51, 1, 3, 0, 0, 36.00%, 0, 0, 2, 328.00, 105426, 9
328, 52, 1, 3, 0, 0, 36.00%, 0, 0, 2, 321.85, 107099, 9
334, 53, 1, 3, 0, 0, 36.00%, 0, 0, 2, 328.70, 108773, 9
339, 54, 0, 3, 0, 0, 36.00%, 0, 0, 2, 324.68, 110447, 9
344, 55, 1, 3, 0, 0, 36.00%, 0, 0, 2, 329.28, 112159, 9
349, 56, 0, 3, 0, 0, 36.00%, 0, 0, 2, 326.26, 113860, 9
354, 57, 1, 3, 0, 0, 36.00%, 0, 0, 2, 326.23, 115494, 9
359, 57, 0, 3, 0, 0, 36.00%, 0, 0, 2, 325.70, 117192, 9
364, 58, 1, 3, 0, 0, 36.00%, 0, 0, 2, 329.43, 118886, 9
370, 59, 1, 3, 0, 0, 36.00%, 0, 0, 2, 327.79, 120590, 9
375, 61, 1, 3, 0, 0, 36.00%, 0, 0, 2, 329.15, 122252, 9
380, 62, 1, 3, 0, 0, 36.00%, 0, 0, 2, 328.41, 123938, 9
385, 63, 2, 3, 0, 0, 36.00%, 0, 0, 2, 328.70, 125591, 9
390, 64, 0, 3, 0, 0, 36.00%, 0, 0, 2, 325.70, 127226, 9
395, 64, 0, 3, 0, 0, 36.00%, 0, 0, 2, 321.96, 128875, 9
400, 65, 1, 3, 0, 0, 36.00%, 0, 0, 2, 327.22, 130572, 9
405, 66, 1, 3, 0, 0, 36.00%, 0, 0, 2, 327.56, 132216, 9
410, 67, 2, 3, 0, 0, 36.00%, 0, 0, 2, 328.56, 133932, 9
416, 68, 1, 3, 0, 0, 36.00%, 0, 0, 2, 324.23, 135605, 9
421, 69, 1, 3, 0, 0, 36.00%, 0, 0, 2, 326.83, 137270, 9
426, 70, 0, 3, 0, 0, 36.00%, 0, 0, 2, 325.15, 138950, 9
431, 71, 1, 3, 0, 0, 36.00%, 1, 0, 2, 317.70, 140501, 9
