# relative_time, cycles_done, cur_item, corpus_count, pending_total, pending_favs, map_size, saved_crashes, saved_hangs, max_depth, execs_per_sec, total_execs, edges_found
61, 8, 2, 3, 0, 0, 30.43%, 0, 0, 2, 332.35, 20395, 7
66, 9, 2, 3, 0, 0, 30.43%, 0, 0, 2, 334.40, 22107, 7
71, 9, 2, 3, 0, 0, 30.43%, 0, 0, 2, 333.15, 23793, 7
76, 10, 2, 3, 0, 0, 30.43%, 0, 0, 2, 333.80, 25469, 7
81, 11, 0, 3, 0, 0, 30.43%, 0, 0, 2, 333.74, 27169, 7
86, 12, 2, 3, 0, 0, 30.43%, 0, 0, 2, 330.83, 28862, 7
91, 12, 2, 3, 0, 0, 30.43%, 0, 0, 2, 336.62, 30556, 7
96, 13, 2, 3, 0, 0, 30.43%, 0, 0, 2, 345.61, 32364, 7
102, 14, 2, 3, 0, 0, 30.43%, 0, 0, 2, 341.00, 34142, 7
107, 15, 2, 3, 0, 0, 30.43%, 0, 0, 2, 344.42, 35878, 7
112, 16, 2, 3, 0, 0, 30.43%, 0, 0, 2, 346.45, 37680, 7
117, 17, 2, 3, 0, 0, 30.43%, 0, 0, 2, 346.23, 39416, 7
122, 18, 2, 3, 0, 0, 30.43%, 0, 0, 2, 345.53, 41218, 7
127, 18, 2, 3, 0, 0, 30.43%, 0, 0, 2, 345.54, 42954, 7
132, 19, 0, 3, 0, 0, 30.43%, 0, 0, 2, 345.57, 44744, 7
137, 20, 2, 3, 0, 0, 30.43%, 0, 0, 2, 343.86, 46473, 7
142, 21, 2, 3, 0, 0, 30.43%, 0, 0, 2, 345.49, 48203, 7
147, 21, 2, 3, 0, 0, 30.43%, 0, 0, 2, 346.89, 49939, 7
152, 22, 0, 3, 0, 0, 30.43%, 0, 0, 2, 336.07, 51619, 7
157, 22, 2, 3, 0, 0, 30.43%, 0, 0, 2, 332.67, 53270, 7
162, 23, 2, 3, 0, 0, 30.43%, 0, 0, 2, 332.60, 54946, 7
167, 24, 2, 3, 0, 0, 30.43%, 0, 0, 2, 333.27, 56622, 7
172, 25, 2, 3, 0, 0, 30.43%, 0, 0, 2, 328.12, 58303, 7
178, 25, 0, 3, 0, 0, 30.43%, 0, 0, 2, 327.59, 59999, 7
183, 26, 2, 3, 0, 0, 30.43%, 0, 0, 2, 325.27, 61665, 7
188, 26, 2, 3, 0, 0, 30.43%, 0, 0, 2, 331.97, 63347, 7
193, 27, 2, 3, 0, 0, 30.43%, 0, 0, 2, 333.65, 65029, 7
198, 28, 2, 3, 0, 0, 30.43%, 0, 0, 2, 335.79, 66729, 7
200, 28, 2, 3, 0, 0, 30.43%, 1, 0, 2, 328.00, 67344, 7
