# relative_time, cycles_done, cur_item, corpus_count, pending_total, pending_favs, map_size, saved_crashes, saved_hangs, max_depth, execs_per_sec, total_execs, edges_found
61, 5, 0, 1, 0, 0, 25.00%, 0, 0, 1, 327.51, 20217, 2
66, 6, 0, 1, 0, 0, 25.00%, 0, 0, 1, 327.04, 21901, 2
71, 6, 0, 1, 0, 0, 25.00%, 0, 0, 1, 327.96, 23580, 2
77, 7, 0, 1, 0, 0, 25.00%, 0, 0, 1, 327.63, 25276, 2
82, 7, 0, 1, 0, 0, 25.00%, 0, 0, 1, 326.37, 26955, 2
87, 8, 0, 1, 0, 0, 25.00%, 0, 0, 1, 327.82, 28651, 2
92, 8, 0, 1, 0, 0, 25.00%, 0, 0, 1, 328.04, 30348, 2
97, 9, 0, 1, 0, 0, 25.00%, 0, 0, 1, 326.21, 32008, 2
102, 9, 0, 1, 0, 0, 25.00%, 0, 0, 1, 328.01, 33705, 2
107, 10, 0, 1, 0, 0, 25.00%, 0, 0, 1, 326.75, 35372, 2
113, 10, 0, 1, 0, 0, 25.00%, 0, 0, 1, 326.88, 37050, 2
118, 11, 0, 1, 0, 0, 25.00%, 0, 0, 1, 327.15, 38723, 2
123, 11, 0, 1, 0, 0, 25.00%, 0, 0, 1, 327.19, 40395, 2
128, 12, 0, 1, 0, 0, 25.00%, 0, 0, 1, 326.65, 42080, 2
133, 12, 0, 1, 0, 0, 25.00%, 0, 0, 1, 325.77, 43752, 2
138, 13, 0, 1, 0, 0, 25.00%, 0, 0, 1, 326.60, 45419, 2
143, 13, 0, 1, 0, 0, 25.00%, 0, 0, 1, 320.90, 47056, 2
149, 14, 0, 1, 0, 0, 25.00%, 0, 0, 1, 326.04, 48740, 2
154, 14, 0, 1, 0, 0, 25.00%, 0, 0, 1, 327.83, 50425, 2
159, 15, 0, 1, 0, 0, 25.00%, 0, 0, 1, 326.17, 52109, 2
164, 15, 0, 1, 0, 0, 25.00%, 0, 0, 1, 326.60, 53782, 2
169, 15, 0, 1, 0, 0, 25.00%, 0, 0, 1, 328.07, 55473, 2
174, 16, 0, 1, 0, 0, 25.00%, 0, 0, 1, 327.33, 57145, 2
179, 16, 0, 1, 0, 0, 25.00%, 0, 0, 1, 327.83, 58836, 2
184, 17, 0, 1, 0, 0, 25.00%, 0, 0, 1, 325.91, 60502, 2
190, 17, 0, 1, 0, 0, 25.00%, 0, 0, 1, 326.43, 62169, 2
195, 18, 0, 1, 0, 0, 25.00%, 0, 0, 1, 326.99, 63841, 2
200, 18, 0, 1, 0, 0, 25.00%, 0, 0, 1, 323.51, 65490, 2
205, 19, 0, 1, 0, 0, 25.00%, 0, 0, 1, 327.67, 67181, 2
210, 19, 0, 1, 0, 0, 25.00%, 0, 0, 1, 326.80, 68871, 2
215, 20, 0, 1, 0, 0, 25.00%, 0, 0, 1, 326.18, 70514, 2
220, 20, 0, 1, 0, 0, 25.00%, 0, 0, 1, 326.92, 72198, 2
225, 21, 0, 1, 0, 0, 25.00%, 0, 0, 1, 327.73, 73871, 2
231, 21, 0, 1, 0, 0, 25.00%, 0, 0, 1, 328.12, 75573, 2
236, 22, 0, 1, 0, 0, 25.00%, 0, 0, 1, 328.39, 77258, 2
241, 22, 0, 1, 0, 0, 25.00%, 0, 0, 1, 328.45, 78949, 2
246, 23, 0, 1, 0, 0, 25.00%, 0, 0, 1, 327.02, 80639, 2
251, 23, 0, 1, 0, 0, 25.00%, 0, 0, 1, 328.00, 82318, 2
256, 24, 0, 1, 0, 0, 25.00%, 0, 0, 1, 327.20, 83996, 2
261, 24, 0, 1, 0, 0, 25.00%, 0, 0, 1, 327.03, 85669, 2
266, 25, 0, 1, 0, 0, 25.00%, 0, 0, 1, 324.19, 87323, 2
271, 25, 0, 1, 0, 0, 25.00%, 0, 0, 1, 316.01, 88900, 2
277, 25, 0, 1, 0, 0, 25.00%, 0, 0, 1, 322.23, 90573, 2
282, 26, 0, 1, 0, 0, 25.00%, 0, 0, 1, 320.38, 92227, 2
287, 26, 0, 1, 0, 0, 25.00%, 0, 0, 1, 325.00, 93894, 2
292, 27, 0, 1, 0, 0, 25.00%, 0, 0, 1, 324.06, 95548, 2
297, 27, 0, 1, 0, 0, 25.00%, 0, 0, 1, 324.30, 97197, 2
302, 28, 0, 1, 0, 0, 25.00%, 0, 0, 1, 322.61, 98840, 2
307, 28, 0, 1, 0, 0, 25.00%, 0, 0, 1, 323.10, 100506, 2
313, 29, 0, 1, 0, 0, 25.00%, 0, 0, 1, 314.89, 102137, 2
318, 29, 0, 1, 0, 0, 25.00%, 0, 0, 1, 322.58, 103791, 2
323, 30, 0, 1, 0, 0, 25.00%, 0, 0, 1, 325.35, 105476, 2
328, 30, 0, 1, 0, 0, 25.00%, 0, 0, 1, 327.17, 107167, 2
333, 31, 0, 1, 0, 0, 25.00%, 0, 0, 1, 328.04, 108869, 2
338, 31, 0, 1, 0, 0, 25.00%, 0, 0, 1, 326.72, 110542, 2
343, 32, 0, 1, 0, 0, 25.00%, 0, 0, 1, 326.84, 112208, 2
349, 32, 0, 1, 0, 0, 25.00%, 0, 0, 1, 326.32, 113893, 2
354, 33, 0, 1, 0, 0, 25.00%, 0, 0, 1, 325.24, 115577, 2
359, 33, 0, 1, 0, 0, 25.00%, 0, 0, 1, 321.84, 117244, 2
364, 33, 0, 1, 0, 0, 25.00%, 0, 0, 1, 321.29, 118881, 2
369, 34, 0, 1, 0, 0, 25.00%, 0, 0, 1, 324.05, 120553, 2
374, 34, 0, 1, 0, 0, 25.00%, 0, 0, 1, 326.18, 122226, 2
380, 35, 0, 1, 0, 0, 25.00%, 0, 0, 1, 327.67, 123910, 2
385, 35, 0, 1, 0, 0, 25.00%, 0, 0, 1, 325.48, 125583, 2
390, 36, 0, 1, 0, 0, 25.00%, 0, 0, 1, 325.64, 127255, 2
395, 36, 0, 1, 0, 0, 25.00%, 0, 0, 1, 326.13, 128922, 2
400, 37, 0, 1, 0, 0, 25.00%, 0, 0, 1, 325.17, 130595, 2
405, 37, 0, 1, 0, 0, 25.00%, 0, 0, 1, 325.74, 132255, 2
410, 38, 0, 1, 0, 0, 25.00%, 0, 0, 1, 325.77, 133916, 2
415, 38, 0, 1, 0, 0, 25.00%, 0, 0, 1, 326.28, 135594, 2
421, 39, 0, 1, 0, 0, 25.00%, 0, 0, 1, 323.66, 137255, 2
426, 39, 0, 1, 0, 0, 25.00%, 0, 0, 1, 324.17, 138927, 2
431, 40, 0, 1, 0, 0, 25.00%, 0, 0, 1, 325.41, 140594, 2
436, 40, 0, 1, 0, 0, 25.00%, 0, 0, 1, 276.70, 141941, 2
441, 40, 0, 1, 0, 0, 25.00%, 0, 0, 1, 271.67, 143306, 2
446, 41, 0, 1, 0, 0, 25.00%, 0, 0, 1, 273.99, 144707, 2
451, 41, 0, 1, 0, 0, 25.00%, 0, 0, 1, 287.87, 146162, 2
456, 42, 0, 1, 0, 0, 25.00%, 0, 0, 1, 302.15, 147754, 2
461, 42, 0, 1, 0, 0, 25.00%, 0, 0, 1, 314.91, 149397, 2
466, 43, 0, 1, 0, 0, 25.00%, 0, 0, 1, 292.00, 150922, 2
471, 43, 0, 1, 0, 0, 25.00%, 0, 0, 1, 304.53, 152466, 2
476, 43, 0, 1, 0, 0, 25.00%, 0, 0, 1, 307.15, 154013, 2
482, 44, 0, 1, 0, 0, 25.00%, 0, 0, 1, 317.70, 155679, 2
487, 44, 0, 1, 0, 0, 25.00%, 0, 0, 1, 307.77, 157214, 2
492, 45, 0, 1, 0, 0, 25.00%, 0, 0, 1, 297.85, 158692, 2
497, 45, 0, 1, 0, 0, 25.00%, 0, 0, 1, 319.60, 160349, 2
502, 46, 0, 1, 0, 0, 25.00%, 0, 0, 1, 321.04, 161998, 2
507, 46, 0, 1, 0, 0, 25.00%, 0, 0, 1, 312.77, 163604, 2
512, 47, 0, 1, 0, 0, 25.00%, 0, 0, 1, 306.52, 165103, 2
517, 47, 0, 1, 0, 0, 25.00%, 0, 0, 1, 305.00, 166674, 2
522, 47, 0, 1, 0, 0, 25.00%, 0, 0, 1, 306.61, 168227, 2
527, 48, 0, 1, 0, 0, 25.00%, 0, 0, 1, 313.90, 169809, 2
533, 48, 0, 1, 0, 0, 25.00%, 0, 0, 1, 314.30, 171428, 2
538, 49, 0, 1, 0, 0, 25.00%, 0, 0, 1, 306.42, 172945, 2
543, 49, 0, 1, 0, 0, 25.00%, 0, 0, 1, 317.68, 174593, 2
548, 50, 0, 1, 0, 0, 25.00%, 0, 0, 1, 321.33, 176236, 2
553, 50, 0, 1, 0, 0, 25.00%, 0, 0, 1, 321.38, 177884, 2
558, 51, 0, 1, 0, 0, 25.00%, 0, 0, 1, 321.14, 179551, 2
563, 51, 0, 1, 0, 0, 25.00%, 0, 0, 1, 322.94, 181223, 2
569, 52, 0, 1, 0, 0, 25.00%, 0, 0, 1, 321.99, 182878, 2
574, 52, 0, 1, 0, 0, 25.00%, 0, 0, 1, 319.32, 184527, 2
579, 53, 0, 1, 0, 0, 25.00%, 0, 0, 1, 325.15, 186217, 2
584, 53, 0, 1, 0, 0, 25.00%, 0, 0, 1, 325.21, 187866, 2
589, 54, 0, 1, 0, 0, 25.00%, 0, 0, 1, 324.16, 189520, 2
594, 54, 0, 1, 0, 0, 25.00%, 0, 0, 1, 325.71, 191193, 2
599, 54, 0, 1, 0, 0, 25.00%, 0, 0, 1, 327.27, 192872, 2
604, 55, 0, 1, 0, 0, 25.00%, 0, 0, 1, 325.47, 194550, 2
610, 55, 0, 1, 0, 0, 25.00%, 0, 0, 1, 324.32, 196217, 2
615, 56, 0, 1, 0, 0, 25.00%, 0, 0, 1, 323.65, 197883, 2
620, 56, 0, 1, 0, 0, 25.00%, 0, 0, 1, 324.59, 199550, 2
625, 57, 0, 1, 0, 0, 25.00%, 0, 0, 1, 321.59, 201210, 2
630, 57, 0, 1, 0, 0, 25.00%, 0, 0, 1, 322.90, 202883, 2
635, 58, 0, 1, 0, 0, 25.00%, 0, 0, 1, 323.90, 204544, 2
641, 58, 0, 1, 0, 0, 25.00%, 0, 0, 1, 321.78, 206204, 2
646, 59, 0, 1, 0, 0, 25.00%, 0, 0, 1, 313.63, 207823, 2
651, 59, 0, 1, 0, 0, 25.00%, 0, 0, 1, 321.74, 209471, 2
656, 60, 0, 1, 0, 0, 25.00%, 0, 0, 1, 323.43, 211120, 2
661, 60, 0, 1, 0, 0, 25.00%, 0, 0, 1, 325.11, 212775, 2
666, 61, 0, 1, 0, 0, 25.00%, 0, 0, 1, 323.93, 214429, 2
671, 61, 0, 1, 0, 0, 25.00%, 0, 0, 1, 324.29, 216084, 2
676, 62, 0, 1, 0, 0, 25.00%, 0, 0, 1, 324.32, 217738, 2
681, 62, 0, 1, 0, 0, 25.00%, 0, 0, 1, 324.13, 219393, 2
687, 62, 0, 1, 0, 0, 25.00%, 0, 0, 1, 321.39, 221036, 2
692, 63, 0, 1, 0, 0, 25.00%, 0, 0, 1, 323.81, 222696, 2
697, 63, 0, 1, 0, 0, 25.00%, 0, 0, 1, 323.04, 224369, 2
702, 64, 0, 1, 0, 0, 25.00%, 0, 0, 1, 325.58, 226029, 2
707, 64, 0, 1, 0, 0, 25.00%, 0, 0, 1, 324.58, 227678, 2
712, 65, 0, 1, 0, 0, 25.00%, 0, 0, 1, 324.69, 229345, 2
715, 65, 0, 1, 0, 0, 25.00%, 1, 0, 1, 0.00, 230232, 2
