# relative_time, cycles_done, cur_item, corpus_count, pending_total, pending_favs, map_size, saved_crashes, saved_hangs, max_depth, execs_per_sec, total_execs, edges_found
61, 11, 0, 3, 0, 0, 32.26%, 0, 0, 2, 321.07, 20117, 10
66, 12, 2, 3, 0, 0, 32.26%, 0, 0, 2, 326.13, 21798, 10
72, 13, 2, 3, 0, 0, 32.26%, 0, 0, 2, 327.70, 23488, 10
77, 14, 0, 3, 0, 0, 32.26%, 0, 0, 2, 323.87, 25117, 10
82, 15, 0, 3, 0, 0, 32.26%, 0, 0, 2, 320.82, 26775, 10
87, 15, 0, 3, 0, 0, 32.26%, 0, 0, 2, 318.75, 28433, 10
92, 16, 0, 3, 0, 0, 32.26%, 0, 0, 2, 319.31, 30094, 10
97, 16, 0, 3, 0, 0, 32.26%, 0, 0, 2, 320.74, 31758, 10
102, 17, 2, 3, 0, 0, 32.26%, 0, 0, 2, 325.56, 33455, 10
108, 18, 0, 3, 0, 0, 32.26%, 0, 0, 2, 324.11, 35129, 10
113, 19, 0, 3, 0, 0, 32.26%, 0, 0, 2, 319.82, 36778, 10
118, 19, 0, 3, 0, 0, 32.26%, 0, 0, 2, 321.15, 38439, 10
123, 20, 2, 3, 0, 0, 32.26%, 0, 0, 2, 325.70, 40124, 10
128, 22, 2, 3, 0, 0, 32.26%, 0, 0, 2, 327.36, 41822, 10
133, 22, 0, 3, 0, 0, 32.26%, 0, 0, 2, 317.42, 43463, 10
139, 23, 2, 3, 0, 0, 32.26%, 0, 0, 2, 325.41, 45148, 10
144, 24, 0, 3, 0, 0, 32.26%, 0, 0, 2, 321.63, 46803, 10
149, 24, 0, 3, 0, 0, 32.26%, 0, 0, 2, 318.28, 48452, 10
154, 24, 0, 3, 0, 0, 32.26%, 0, 0, 2, 317.54, 50095, 10
159, 25, 0, 3, 0, 0, 32.26%, 0, 0, 2, 317.56, 51747, 10
165, 25, 0, 3, 0, 0, 32.26%, 0, 0, 2, 317.12, 53398, 10
170, 26, 2, 3, 0, 0, 32.26%, 0, 0, 2, 322.89, 55065, 10
175, 27, 1, 3, 0, 0, 32.26%, 0, 0, 2, 326.42, 56751, 10
180, 28, 2, 3, 0, 0, 32.26%, 0, 0, 2, 322.56, 58403, 10
185, 28, 0, 3, 0, 0, 32.26%, 0, 0, 2, 319.97, 60055, 10
190, 28, 0, 3, 0, 0, 32.26%, 0, 0, 2, 319.46, 61704, 10
196, 29, 0, 3, 0, 0, 32.26%, 0, 0, 2, 320.84, 63365, 10
201, 30, 2, 3, 0, 0, 32.26%, 0, 0, 2, 324.89, 65035, 10
206, 31, 2, 3, 0, 0, 32.26%, 0, 0, 2, 326.89, 66721, 10
211, 32, 0, 3, 0, 0, 32.26%, 0, 0, 2, 326.60, 68410, 10
216, 33, 2, 3, 0, 0, 32.26%, 0, 0, 2, 323.62, 70071, 10
221, 34, 2, 3, 0, 0, 32.26%, 0, 0, 2, 322.68, 71736, 10
226, 35, 0, 3, 0, 0, 32.26%, 0, 0, 2, 320.45, 73401, 10
232, 36, 2, 3, 0, 0, 32.26%, 0, 0, 2, 325.37, 75077, 10
237, 37, 2, 3, 0, 0, 32.26%, 0, 0, 2, 327.44, 76769, 10
239, 37, 2, 3, 0, 0, 32.26%, 1, 0, 2, 315.78, 77547, 10
