# relative_time, cycles_done, cur_item, corpus_count, pending_total, pending_favs, map_size, saved_crashes, saved_hangs, max_depth, execs_per_sec, total_execs, edges_found
61, 6, 0, 3, 0, 0, 32.26%, 0, 0, 2, 321.26, 19884, 10
66, 7, 2, 3, 0, 0, 32.26%, 0, 0, 2, 322.39, 21537, 10
71, 7, 0, 3, 0, 0, 32.26%, 0, 0, 2, 320.19, 23190, 10
77, 7, 0, 3, 0, 0, 32.26%, 0, 0, 2, 320.78, 24839, 10
82, 8, 2, 3, 0, 0, 32.26%, 0, 0, 2, 322.74, 26492, 10
87, 9, 2, 3, 0, 0, 32.26%, 0, 0, 2, 322.90, 28150, 10
92, 10, 2, 3, 0, 0, 32.26%, 0, 0, 2, 323.32, 29806, 10
97, 10, 2, 3, 0, 0, 32.26%, 0, 0, 2, 323.81, 31468, 10
102, 11, 2, 3, 0, 0, 32.26%, 0, 0, 2, 323.53, 33142, 10
107, 11, 2, 3, 0, 0, 32.26%, 0, 0, 2, 322.89, 34798, 10
112, 12, 2, 3, 0, 0, 32.26%, 0, 0, 2, 322.89, 36450, 10
117, 12, 0, 3, 0, 0, 32.26%, 1, 0, 2, 306.63, 37721, 10
