# relative_time, cycles_done, cur_item, corpus_count, pending_total, pending_favs, map_size, saved_crashes, saved_hangs, max_depth, execs_per_sec, total_execs, edges_found
61, 9, 0, 3, 0, 0, 36.00%, 0, 0, 2, 321.47, 20093, 9
66, 10, 1, 3, 0, 0, 36.00%, 0, 0, 2, 324.87, 21770, 9
72, 10, 2, 3, 0, 0, 36.00%, 0, 0, 2, 324.14, 23445, 9
77, 11, 1, 3, 0, 0, 36.00%, 0, 0, 2, 322.95, 25110, 9
82, 12, 1, 3, 0, 0, 36.00%, 0, 0, 2, 324.47, 26794, 9
87, 12, 0, 3, 0, 0, 36.00%, 0, 0, 2, 320.99, 28442, 9
92, 13, 0, 3, 0, 0, 36.00%, 0, 0, 2, 321.41, 30094, 9
97, 14, 2, 3, 0, 0, 36.00%, 0, 0, 2, 324.70, 31728, 9
102, 14, 1, 3, 0, 0, 36.00%, 0, 0, 2, 324.33, 33392, 9
107, 15, 0, 3, 0, 0, 36.00%, 0, 0, 2, 326.92, 35094, 9
113, 16, 1, 3, 0, 0, 36.00%, 0, 0, 2, 323.25, 36753, 9
118, 17, 1, 3, 0, 0, 36.00%, 0, 0, 2, 324.62, 38401, 9
123, 18, 2, 3, 0, 0, 36.00%, 0, 0, 2, 325.38, 40039, 9
128, 18, 0, 3, 0, 0, 36.00%, 0, 0, 2, 323.71, 41714, 9
133, 19, 1, 3, 0, 0, 36.00%, 0, 0, 2, 325.07, 43385, 9
138, 20, 2, 3, 0, 0, 36.00%, 0, 0, 2, 323.19, 45045, 9
143, 21, 2, 3, 0, 0, 36.00%, 0, 0, 2, 324.70, 46735, 9
148, 22, 1, 3, 0, 0, 36.00%, 0, 0, 2, 328.29, 48446, 9
154, 23, 2, 3, 0, 0, 36.00%, 0, 0, 2, 327.23, 50094, 9
159, 24, 2, 3, 0, 0, 36.00%, 0, 0, 2, 324.22, 51767, 9
161, 24, 1, 3, 0, 0, 36.00%, 1, 0, 2, 317.34, 52515, 9
