# relative_time, cycles_done, cur_item, corpus_count, pending_total, pending_favs, map_size, saved_crashes, saved_hangs, max_depth, execs_per_sec, total_execs, edges_found
61, 5, 0, 1, 0, 0, 25.00%, 0, 0, 1, 325.02, 20055, 2
66, 6, 0, 1, 0, 0, 25.00%, 0, 0, 1, 326.10, 21715, 2
71, 6, 0, 1, 0, 0, 25.00%, 0, 0, 1, 326.42, 23406, 2
76, 7, 0, 1, 0, 0, 25.00%, 0, 0, 1, 325.75, 25084, 2
82, 7, 0, 1, 0, 0, 25.00%, 0, 0, 1, 326.96, 26757, 2
87, 8, 0, 1, 0, 0, 25.00%, 0, 0, 1, 326.32, 28430, 2
92, 8, 0, 1, 0, 0, 25.00%, 0, 0, 1, 325.71, 30078, 2
97, 9, 0, 1, 0, 0, 25.00%, 0, 0, 1, 322.83, 31757, 2
102, 9, 0, 1, 0, 0, 25.00%, 0, 0, 1, 325.25, 33435, 2
107, 10, 0, 1, 0, 0, 25.00%, 0, 0, 1, 326.39, 35102, 2
112, 10, 0, 1, 0, 0, 25.00%, 0, 0, 1, 325.82, 36768, 2
117, 11, 0, 1, 0, 0, 25.00%, 0, 0, 1, 324.68, 38429, 2
122, 11, 0, 1, 0, 0, 25.00%, 0, 0, 1, 324.96, 40078, 2
128, 12, 0, 1, 0, 0, 25.00%, 0, 0, 1, 324.23, 41738, 2
133, 12, 0, 1, 0, 0, 25.00%, 0, 0, 1, 325.57, 43405, 2
138, 13, 0, 1, 0, 0, 25.00%, 0, 0, 1, 325.67, 45089, 2
143, 13, 0, 1, 0, 0, 25.00%, 0, 0, 1, 325.59, 46756, 2
148, 13, 0, 1, 0, 0, 25.00%, 0, 0, 1, 327.45, 48429, 2
153, 14, 0, 1, 0, 0, 25.00%, 0, 0, 1, 324.94, 50083, 2
158, 14, 0, 1, 0, 0, 25.00%, 0, 0, 1, 320.81, 51714, 2
163, 15, 0, 1, 0, 0, 25.00%, 0, 0, 1, 324.75, 53374, 2
169, 15, 0, 1, 0, 0, 25.00%, 0, 0, 1, 325.56, 55041, 2
174, 16, 0, 1, 0, 0, 25.00%, 0, 0, 1, 322.95, 56695, 2
179, 16, 0, 1, 0, 0, 25.00%, 0, 0, 1, 325.11, 58368, 2
184, 17, 0, 1, 0, 0, 25.00%, 0, 0, 1, 325.47, 60041, 2
189, 17, 0, 1, 0, 0, 25.00%, 0, 0, 1, 324.92, 61689, 2
194, 18, 0, 1, 0, 0, 25.00%, 0, 0, 1, 324.99, 63344, 2
199, 18, 0, 1, 0, 0, 25.00%, 0, 0, 1, 326.62, 65016, 2
204, 19, 0, 1, 0, 0, 25.00%, 0, 0, 1, 325.56, 66683, 2
209, 19, 0, 1, 0, 0, 25.00%, 0, 0, 1, 324.32, 68350, 2
215, 20, 0, 1, 0, 0, 25.00%, 0, 0, 1, 323.01, 70022, 2
220, 20, 0, 1, 0, 0, 25.00%, 0, 0, 1, 325.27, 71689, 2
225, 21, 0, 1, 0, 0, 25.00%, 0, 0, 1, 325.96, 73355, 2
230, 21, 0, 1, 0, 0, 25.00%, 0, 0, 1, 325.71, 75016, 2
235, 22, 0, 1, 0, 0, 25.00%, 0, 0, 1, 325.54, 76682, 2
240, 22, 0, 1, 0, 0, 25.00%, 0, 0, 1, 324.77, 78337, 2
245, 22, 0, 1, 0, 0, 25.00%, 0, 0, 1, 324.92, 79992, 2
250, 23, 0, 1, 0, 0, 25.00%, 0, 0, 1, 324.75, 81664, 2
255, 23, 0, 1, 0, 0, 25.00%, 0, 0, 1, 325.41, 83331, 2
261, 24, 0, 1, 0, 0, 25.00%, 0, 0, 1, 325.38, 84991, 2
266, 24, 0, 1, 0, 0, 25.00%, 0, 0, 1, 324.64, 86640, 2
271, 25, 0, 1, 0, 0, 25.00%, 0, 0, 1, 324.63, 88289, 2
276, 25, 0, 1, 0, 0, 25.00%, 0, 0, 1, 324.21, 89943, 2
281, 26, 0, 1, 0, 0, 25.00%, 0, 0, 1, 323.10, 91592, 2
286, 26, 0, 1, 0, 0, 25.00%, 0, 0, 1, 324.76, 93252, 2
291, 27, 0, 1, 0, 0, 25.00%, 0, 0, 1, 326.77, 94919, 2
296, 27, 0, 1, 0, 0, 25.00%, 0, 0, 1, 327.00, 96592, 2
301, 28, 0, 1, 0, 0, 25.00%, 0, 0, 1, 324.57, 98240, 2
306, 28, 0, 1, 0, 0, 25.00%, 0, 0, 1, 325.37, 99901, 2
312, 29, 0, 1, 0, 0, 25.00%, 0, 0, 1, 325.69, 101573, 2
317, 29, 0, 1, 0, 0, 25.00%, 0, 0, 1, 324.90, 103240, 2
322, 30, 0, 1, 0, 0, 25.00%, 0, 0, 1, 325.87, 104900, 2
327, 30, 0, 1, 0, 0, 25.00%, 0, 0, 1, 326.04, 106567, 2
332, 30, 0, 1, 0, 0, 25.00%, 0, 0, 1, 326.13, 108228, 2
337, 31, 0, 1, 0, 0, 25.00%, 0, 0, 1, 325.33, 109894, 2
342, 31, 0, 1, 0, 0, 25.00%, 0, 0, 1, 323.87, 111549, 2
347, 32, 0, 1, 0, 0, 25.00%, 0, 0, 1, 325.72, 113209, 2
352, 32, 0, 1, 0, 0, 25.00%, 0, 0, 1, 325.10, 114858, 2
358, 33, 0, 1, 0, 0, 25.00%, 0, 0, 1, 326.04, 116513, 2
363, 33, 0, 1, 0, 0, 25.00%, 0, 0, 1, 325.94, 118185, 2
368, 34, 0, 1, 0, 0, 25.00%, 0, 0, 1, 325.45, 119846, 2
373, 34, 0, 1, 0, 0, 25.00%, 0, 0, 1, 327.26, 121524, 2
378, 35, 0, 1, 0, 0, 25.00%, 0, 0, 1, 325.06, 123179, 2
383, 35, 0, 1, 0, 0, 25.00%, 0, 0, 1, 325.02, 124845, 2
388, 36, 0, 1, 0, 0, 25.00%, 0, 0, 1, 326.57, 126518, 2
393, 36, 0, 1, 0, 0, 25.00%, 0, 0, 1, 325.76, 128197, 2
399, 37, 0, 1, 0, 0, 25.00%, 0, 0, 1, 326.45, 129869, 2
404, 37, 0, 1, 0, 0, 25.00%, 0, 0, 1, 324.99, 131536, 2
409, 38, 0, 1, 0, 0, 25.00%, 0, 0, 1, 322.72, 133196, 2
414, 38, 0, 1, 0, 0, 25.00%, 0, 0, 1, 323.95, 134839, 2
419, 38, 0, 1, 0, 0, 25.00%, 0, 0, 1, 325.20, 136494, 2
424, 39, 0, 1, 0, 0, 25.00%, 0, 0, 1, 324.69, 138148, 2
429, 39, 0, 1, 0, 0, 25.00%, 0, 0, 1, 324.70, 139809, 2
434, 40, 0, 1, 0, 0, 25.00%, 0, 0, 1, 324.97, 141469, 2
439, 40, 0, 1, 0, 0, 25.00%, 0, 0, 1, 325.26, 143130, 2
445, 41, 0, 1, 0, 0, 25.00%, 0, 0, 1, 323.98, 144796, 2
450, 41, 0, 1, 0, 0, 25.00%, 0, 0, 1, 325.17, 146445, 2
455, 42, 0, 1, 0, 0, 25.00%, 0, 0, 1, 325.97, 148124, 2
460, 42, 0, 1, 0, 0, 25.00%, 0, 0, 1, 324.95, 149784, 2
465, 43, 0, 1, 0, 0, 25.00%, 0, 0, 1, 325.94, 151445, 2
470, 43, 0, 1, 0, 0, 25.00%, 0, 0, 1, 325.23, 153111, 2
475, 44, 0, 1, 0, 0, 25.00%, 0, 0, 1, 323.40, 154772, 2
480, 44, 0, 1, 0, 0, 25.00%, 0, 0, 1, 326.00, 156439, 2
485, 45, 0, 1, 0, 0, 25.00%, 0, 0, 1, 325.59, 158099, 2
490, 45, 0, 1, 0, 0, 25.00%, 0, 0, 1, 325.67, 159766, 2
496, 46, 0, 1, 0, 0, 25.00%, 0, 0, 1, 325.01, 161432, 2
501, 46, 0, 1, 0, 0, 25.00%, 0, 0, 1, 322.98, 163093, 2
506, 46, 0, 1, 0, 0, 25.00%, 0, 0, 1, 324.99, 164754, 2
511, 47, 0, 1, 0, 0, 25.00%, 0, 0, 1, 325.46, 166414, 2
516, 47, 0, 1, 0, 0, 25.00%, 0, 0, 1, 323.51, 168069, 2
520, 48, 0, 1, 0, 0, 25.00%, 1, 0, 1, 314.96, 169309, 2
