# relative_time, cycles_done, cur_item, corpus_count, pending_total, pending_favs, map_size, saved_crashes, saved_hangs, max_depth, execs_per_sec, total_execs, edges_found
61, 5, 0, 1, 0, 0, 25.00%, 0, 0, 1, 324.87, 20001, 2
66, 6, 0, 1, 0, 0, 25.00%, 0, 0, 1, 325.81, 21673, 2
71, 6, 0, 1, 0, 0, 25.00%, 0, 0, 1, 325.17, 23340, 2
76, 7, 0, 1, 0, 0, 25.00%, 0, 0, 1, 326.54, 25012, 2
81, 7, 0, 1, 0, 0, 25.00%, 0, 0, 1, 325.80, 26679, 2
86, 8, 0, 1, 0, 0, 25.00%, 0, 0, 1, 326.95, 28352, 2
92, 8, 0, 1, 0, 0, 25.00%, 0, 0, 1, 326.31, 30024, 2
97, 9, 0, 1, 0, 0, 25.00%, 0, 0, 1, 325.92, 31685, 2
102, 9, 0, 1, 0, 0, 25.00%, 0, 0, 1, 326.60, 33351, 2
107, 10, 0, 1, 0, 0, 25.00%, 0, 0, 1, 325.36, 35012, 2
112, 10, 0, 1, 0, 0, 25.00%, 0, 0, 1, 326.04, 36696, 2
117, 11, 0, 1, 0, 0, 25.00%, 0, 0, 1, 326.93, 38363, 2
122, 11, 0, 1, 0, 0, 25.00%, 0, 0, 1, 326.48, 40042, 2
127, 12, 0, 1, 0, 0, 25.00%, 0, 0, 1, 326.23, 41714, 2
133, 12, 0, 1, 0, 0, 25.00%, 0, 0, 1, 325.11, 43369, 2
138, 13, 0, 1, 0, 0, 25.00%, 0, 0, 1, 324.00, 45047, 2
143, 13, 0, 1, 0, 0, 25.00%, 0, 0, 1, 325.69, 46714, 2
148, 13, 0, 1, 0, 0, 25.00%, 0, 0, 1, 324.04, 48369, 2
153, 14, 0, 1, 0, 0, 25.00%, 0, 0, 1, 324.69, 50035, 2
158, 14, 0, 1, 0, 0, 25.00%, 0, 0, 1, 325.10, 51696, 2
163, 15, 0, 1, 0, 0, 25.00%, 0, 0, 1, 325.04, 53374, 2
168, 15, 0, 1, 0, 0, 25.00%, 0, 0, 1, 324.98, 55041, 2
174, 16, 0, 1, 0, 0, 25.00%, 0, 0, 1, 325.73, 56695, 2
179, 16, 0, 1, 0, 0, 25.00%, 0, 0, 1, 325.86, 58362, 2
184, 17, 0, 1, 0, 0, 25.00%, 0, 0, 1, 326.89, 60041, 2
189, 17, 0, 1, 0, 0, 25.00%, 0, 0, 1, 326.09, 61707, 2
194, 18, 0, 1, 0, 0, 25.00%, 0, 0, 1, 325.22, 63362, 2
199, 18, 0, 1, 0, 0, 25.00%, 0, 0, 1, 324.28, 65016, 2
204, 19, 0, 1, 0, 0, 25.00%, 0, 0, 1, 325.00, 66671, 2
209, 19, 0, 1, 0, 0, 25.00%, 0, 0, 1, 325.32, 68326, 2
214, 20, 0, 1, 0, 0, 25.00%, 0, 0, 1, 324.45, 69986, 2
220, 20, 0, 1, 0, 0, 25.00%, 0, 0, 1, 325.33, 71659, 2
225, 21, 0, 1, 0, 0, 25.00%, 0, 0, 1, 325.65, 73331, 2
230, 21, 0, 1, 0, 0, 25.00%, 0, 0, 1, 325.01, 75004, 2
235, 22, 0, 1, 0, 0, 25.00%, 0, 0, 1, 326.12, 76676, 2
240, 22, 0, 1, 0, 0, 25.00%, 0, 0, 1, 320.98, 78313, 2
245, 22, 0, 1, 0, 0, 25.00%, 0, 0, 1, 320.80, 79938, 2
250, 23, 0, 1, 0, 0, 25.00%, 0, 0, 1, 325.51, 81598, 2
255, 23, 0, 1, 0, 0, 25.00%, 0, 0, 1, 326.67, 83277, 2
261, 24, 0, 1, 0, 0, 25.00%, 0, 0, 1, 324.34, 84937, 2
266, 24, 0, 1, 0, 0, 25.00%, 0, 0, 1, 324.54, 86592, 2
271, 25, 0, 1, 0, 0, 25.00%, 0, 0, 1, 326.38, 88271, 2
276, 25, 0, 1, 0, 0, 25.00%, 0, 0, 1, 325.14, 89931, 2
281, 26, 0, 1, 0, 0, 25.00%, 0, 0, 1, 326.39, 91592, 2
286, 26, 0, 1, 0, 0, 25.00%, 0, 0, 1, 325.53, 93252, 2
291, 27, 0, 1, 0, 0, 25.00%, 0, 0, 1, 325.65, 94925, 2
296, 27, 0, 1, 0, 0, 25.00%, 0, 0, 1, 326.04, 96586, 2
301, 28, 0, 1, 0, 0, 25.00%, 0, 0, 1, 324.53, 98240, 2
306, 28, 0, 1, 0, 0, 25.00%, 0, 0, 1, 324.94, 99901, 2
312, 29, 0, 1, 0, 0, 25.00%, 0, 0, 1, 325.19, 101573, 2
317, 29, 0, 1, 0, 0, 25.00%, 0, 0, 1, 325.60, 103228, 2
322, 30, 0, 1, 0, 0, 25.00%, 0, 0, 1, 325.90, 104888, 2
327, 30, 0, 1, 0, 0, 25.00%, 0, 0, 1, 327.12, 106555, 2
332, 30, 0, 1, 0, 0, 25.00%, 0, 0, 1, 326.42, 108222, 2
337, 31, 0, 1, 0, 0, 25.00%, 0, 0, 1, 325.55, 109882, 2
342, 31, 0, 1, 0, 0, 25.00%, 0, 0, 1, 327.18, 111567, 2
345, 32, 0, 1, 0, 0, 25.00%, 1, 0, 1, 316.58, 112416, 2
