# relative_time, cycles_done, cur_item, corpus_count, pending_total, pending_favs, map_size, saved_crashes, saved_hangs, max_depth, execs_per_sec, total_execs, edges_found
61, 11, 0, 3, 0, 0, 36.00%, 0, 0, 2, 327.18, 20293, 9
66, 11, 2, 3, 0, 0, 36.00%, 0, 0, 2, 327.34, 21984, 9
71, 13, 2, 3, 0, 0, 36.00%, 0, 0, 2, 329.51, 23652, 9
76, 14, 0, 3, 0, 0, 36.00%, 0, 0, 2, 326.93, 25341, 9
81, 14, 2, 3, 0, 0, 36.00%, 0, 0, 2, 327.49, 27023, 9
86, 15, 0, 3, 0, 0, 36.00%, 0, 0, 2, 323.25, 28693, 9
92, 15, 2, 3, 0, 0, 36.00%, 0, 0, 2, 326.19, 30366, 9
97, 16, 0, 3, 0, 0, 36.00%, 0, 0, 2, 327.73, 32013, 9
102, 17, 0, 3, 0, 0, 36.00%, 0, 0, 2, 322.38, 33662, 9
107, 18, 2, 3, 0, 0, 36.00%, 0, 0, 2, 328.27, 35365, 9
112, 18, 2, 3, 0, 0, 36.00%, 0, 0, 2, 325.23, 37050, 9
117, 19, 0, 3, 0, 0, 36.00%, 0, 0, 2, 326.87, 38754, 9
122, 20, 2, 3, 0, 0, 36.00%, 0, 0, 2, 327.99, 40442, 9
128, 21, 0, 3, 0, 0, 36.00%, 0, 0, 2, 324.52, 42104, 9
133, 22, 2, 3, 0, 0, 36.00%, 0, 0, 2, 326.15, 43801, 9
138, 23, 0, 3, 0, 0, 36.00%, 0, 0, 2, 325.68, 45496, 9
143, 24, 2, 3, 0, 0, 36.00%, 0, 0, 2, 327.78, 47190, 9
148, 25, 0, 3, 0, 0, 36.00%, 0, 0, 2, 327.62, 48885, 9
153, 26, 2, 3, 0, 0, 36.00%, 0, 0, 2, 327.81, 50570, 9
158, 27, 2, 3, 0, 0, 36.00%, 0, 0, 2, 331.46, 52232, 9
163, 28, 2, 3, 0, 0, 36.00%, 0, 0, 2, 331.09, 53897, 9
169, 30, 2, 3, 0, 0, 36.00%, 0, 0, 2, 330.68, 55556, 9
174, 31, 2, 3, 0, 0, 36.00%, 0, 0, 2, 330.24, 57212, 9
179, 32, 0, 3, 0, 0, 36.00%, 0, 0, 2, 327.18, 58913, 9
184, 33, 0, 3, 0, 0, 36.00%, 0, 0, 2, 326.02, 60586, 9
189, 33, 0, 3, 0, 0, 36.00%, 0, 0, 2, 323.43, 62250, 9
194, 34, 2, 3, 0, 0, 36.00%, 0, 0, 2, 326.17, 63929, 9
199, 35, 2, 3, 0, 0, 36.00%, 0, 0, 2, 329.28, 65627, 9
204, 36, 2, 3, 0, 0, 36.00%, 0, 0, 2, 329.64, 67286, 9
209, 37, 0, 3, 0, 0, 36.00%, 0, 0, 2, 323.80, 68938, 9
215, 38, 0, 3, 0, 0, 36.00%, 0, 0, 2, 325.39, 70623, 9
220, 38, 2, 3, 0, 0, 36.00%, 0, 0, 2, 325.21, 72299, 9
225, 39, 2, 3, 0, 0, 36.00%, 0, 0, 2, 329.35, 73961, 9
230, 40, 2, 3, 0, 0, 36.00%, 0, 0, 2, 323.89, 75640, 9
235, 41, 2, 3, 0, 0, 36.00%, 0, 0, 2, 329.38, 77353, 9
240, 42, 0, 3, 0, 0, 36.00%, 0, 0, 2, 325.73, 79042, 9
246, 43, 2, 3, 0, 0, 36.00%, 0, 0, 2, 323.32, 80705, 9
251, 44, 2, 3, 0, 0, 36.00%, 0, 0, 2, 330.30, 82370, 9
256, 45, 2, 3, 0, 0, 36.00%, 0, 0, 2, 329.83, 84032, 9
261, 46, 0, 3, 0, 0, 36.00%, 0, 0, 2, 323.88, 85709, 9
266, 46, 2, 3, 0, 0, 36.00%, 0, 0, 2, 323.60, 87375, 9
271, 47, 2, 3, 0, 0, 36.00%, 0, 0, 2, 329.97, 89034, 9
276, 49, 2, 3, 0, 0, 36.00%, 0, 0, 2, 331.21, 90702, 9
281, 50, 2, 3, 0, 0, 36.00%, 0, 0, 2, 331.47, 92427, 9
286, 51, 0, 3, 0, 0, 36.00%, 0, 0, 2, 326.45, 94116, 9
292, 52, 2, 3, 0, 0, 36.00%, 0, 0, 2, 329.20, 95816, 9
297, 52, 0, 3, 0, 0, 36.00%, 0, 0, 2, 322.46, 97493, 9
302, 53, 0, 3, 0, 0, 36.00%, 0, 0, 2, 321.78, 99157, 9
307, 53, 2, 3, 0, 0, 36.00%, 0, 0, 2, 323.67, 100844, 9
312, 55, 0, 3, 0, 0, 36.00%, 0, 0, 2, 323.55, 102479, 9
317, 55, 2, 3, 0, 0, 36.00%, 0, 0, 2, 325.44, 104155, 9
322, 56, 0, 3, 0, 0, 36.00%, 0, 0, 2, 327.87, 105844, 9
328, 57, 2, 3, 0, 0, 36.00%, 0, 0, 2, 328.43, 107544, 9
333, 58, 2, 3, 0, 0, 36.00%, 0, 0, 2, 330.97, 109203, 9
338, 59, 0, 3, 0, 0, 36.00%, 0, 0, 2, 324.47, 110868, 9
343, 60, 0, 3, 0, 0, 36.00%, 0, 0, 2, 325.68, 112517, 9
348, 61, 2, 3, 0, 0, 36.00%, 0, 0, 2, 325.26, 114202, 9
353, 62, 0, 3, 0, 0, 36.00%, 0, 0, 2, 327.30, 115915, 9
358, 62, 0, 3, 0, 0, 36.00%, 0, 0, 2, 324.05, 117585, 9
363, 63, 0, 3, 0, 0, 36.00%, 0, 0, 2, 323.46, 119204, 9
369, 63, 0, 3, 0, 0, 36.00%, 0, 0, 2, 322.87, 120874, 9
374, 64, 2, 3, 0, 0, 36.00%, 0, 0, 2, 326.60, 122508, 9
379, 65, 2, 3, 0, 0, 36.00%, 0, 0, 2, 325.28, 124181, 9
384, 65, 2, 3, 0, 0, 36.00%, 0, 0, 2, 322.89, 125845, 9
387, 66, 2, 3, 0, 0, 36.00%, 1, 0, 2, 41.96, 126748, 9
