# relative_time, cycles_done, cur_item, corpus_count, pending_total, pending_favs, map_size, saved_crashes, saved_hangs, max_depth, execs_per_sec, total_execs, edges_found
61, 10, 0, 3, 0, 0, 36.00%, 0, 0, 2, 329.52, 20129, 9
66, 10, 0, 3, 0, 0, 36.00%, 0, 0, 2, 327.46, 21808, 9
71, 11, 0, 3, 0, 0, 36.00%, 0, 0, 2, 324.48, 23472, 9
76, 11, 0, 3, 0, 0, 36.00%, 0, 0, 2, 325.87, 25157, 9
81, 12, 2, 3, 0, 0, 36.00%, 0, 0, 2, 327.49, 26836, 9
87, 13, 0, 3, 0, 0, 36.00%, 0, 0, 2, 325.41, 28534, 9
92, 13, 2, 3, 0, 0, 36.00%, 0, 0, 2, 329.00, 30186, 9
97, 15, 2, 3, 0, 0, 36.00%, 0, 0, 2, 329.66, 31902, 9
102, 15, 2, 3, 0, 0, 36.00%, 0, 0, 2, 324.12, 33575, 9
107, 16, 0, 3, 0, 0, 36.00%, 0, 0, 2, 324.58, 35270, 9
112, 17, 0, 3, 0, 0, 36.00%, 0, 0, 2, 319.11, 36931, 9
117, 18, 2, 3, 0, 0, 36.00%, 0, 0, 2, 326.03, 38565, 9
122, 19, 0, 3, 0, 0, 36.00%, 0, 0, 2, 333.28, 40248, 9
127, 19, 0, 3, 0, 0, 36.00%, 0, 0, 2, 336.73, 41951, 9
132, 20, 0, 3, 0, 0, 36.00%, 0, 0, 2, 334.57, 43639, 9
138, 21, 0, 3, 0, 0, 36.00%, 0, 0, 2, 341.06, 45363, 9
143, 21, 0, 3, 0, 0, 36.00%, 0, 0, 2, 335.73, 47066, 9
148, 22, 2, 3, 0, 0, 36.00%, 0, 0, 2, 341.88, 48787, 9
153, 23, 2, 3, 0, 0, 36.00%, 0, 0, 2, 344.25, 50515, 9
158, 24, 2, 3, 0, 0, 36.00%, 0, 0, 2, 330.08, 52215, 9
163, 24, 0, 3, 0, 0, 36.00%, 0, 0, 2, 324.23, 53882, 9
168, 25, 2, 3, 0, 0, 36.00%, 0, 0, 2, 326.33, 55558, 9
173, 26, 2, 3, 0, 0, 36.00%, 0, 0, 2, 330.97, 57238, 9
178, 27, 0, 3, 0, 0, 36.00%, 0, 0, 2, 329.27, 58951, 9
184, 28, 0, 3, 0, 0, 36.00%, 0, 0, 2, 326.31, 60624, 9
189, 28, 0, 3, 0, 0, 36.00%, 0, 0, 2, 324.30, 62294, 9
194, 29, 0, 3, 0, 0, 36.00%, 0, 0, 2, 327.10, 63982, 9
199, 30, 2, 3, 0, 0, 36.00%, 0, 0, 2, 323.93, 65640, 9
204, 31, 0, 3, 0, 0, 36.00%, 0, 0, 2, 326.38, 67284, 9
209, 32, 2, 3, 0, 0, 36.00%, 0, 0, 2, 325.19, 68915, 9
214, 33, 2, 3, 0, 0, 36.00%, 0, 0, 2, 329.96, 70583, 9
219, 33, 0, 3, 0, 0, 36.00%, 0, 0, 2, 325.17, 72244, 9
224, 34, 0, 3, 0, 0, 36.00%, 0, 0, 2, 326.56, 73923, 9
230, 34, 2, 3, 0, 0, 36.00%, 0, 0, 2, 326.99, 75599, 9
235, 35, 0, 3, 0, 0, 36.00%, 0, 0, 2, 314.21, 77246, 9
237, 36, 0, 3, 0, 0, 36.00%, 1, 0, 2, 309.53, 78025, 9
