# relative_time, cycles_done, cur_item, corpus_count, pending_total, pending_favs, map_size, saved_crashes, saved_hangs, max_depth, execs_per_sec, total_execs, edges_found
61, 7, 0, 3, 0, 0, 36.00%, 0, 0, 2, 324.24, 20117, 9
66, 8, 2, 3, 0, 0, 36.00%, 0, 0, 2, 328.00, 21805, 9
72, 9, 2, 3, 0, 0, 36.00%, 0, 0, 2, 328.65, 23509, 9
77, 11, 1, 3, 0, 0, 36.00%, 0, 0, 2, 328.68, 25219, 9
82, 12, 2, 3, 0, 0, 36.00%, 0, 0, 2, 329.43, 26861, 9
87, 12, 0, 3, 0, 0, 36.00%, 0, 0, 2, 323.61, 28513, 9
92, 13, 0, 3, 0, 0, 36.00%, 0, 0, 2, 324.47, 30132, 9
97, 13, 0, 3, 0, 0, 36.00%, 0, 0, 2, 322.60, 31781, 9
102, 13, 0, 3, 0, 0, 36.00%, 0, 0, 2, 319.35, 33433, 9
107, 15, 2, 3, 0, 0, 36.00%, 0, 0, 2, 327.11, 35076, 9
112, 16, 0, 3, 0, 0, 36.00%, 0, 0, 2, 328.21, 36726, 9
117, 16, 2, 3, 0, 0, 36.00%, 0, 0, 2, 328.20, 38420, 9
120, 17, 2, 3, 0, 0, 36.00%, 1, 0, 2, 318.66, 39072, 9
