# relative_time, cycles_done, cur_item, corpus_count, pending_total, pending_favs, map_size, saved_crashes, saved_hangs, max_depth, execs_per_sec, total_execs, edges_found
61, 9, 2, 3, 0, 0, 36.00%, 0, 0, 2, 329.22, 20059, 9
66, 9, 2, 3, 0, 0, 36.00%, 0, 0, 2, 324.21, 21732, 9
71, 10, 1, 3, 0, 0, 36.00%, 0, 0, 2, 322.16, 23391, 9
76, 10, 0, 3, 0, 0, 36.00%, 0, 0, 2, 321.94, 25046, 9
82, 11, 2, 3, 0, 0, 36.00%, 0, 0, 2, 327.59, 26740, 9
87, 12, 1, 3, 0, 0, 36.00%, 0, 0, 2, 327.40, 28433, 9
92, 13, 2, 3, 0, 0, 36.00%, 0, 0, 2, 326.40, 30126, 9
97, 13, 0, 3, 0, 0, 36.00%, 0, 0, 2, 322.60, 31785, 9
102, 14, 1, 3, 0, 0, 36.00%, 0, 0, 2, 329.52, 33497, 9
107, 14, 1, 3, 0, 0, 36.00%, 0, 0, 2, 326.12, 35173, 9
113, 15, 2, 3, 0, 0, 36.00%, 0, 0, 2, 326.73, 36874, 9
118, 16, 0, 3, 0, 0, 36.00%, 0, 0, 2, 324.83, 38558, 9
123, 17, 2, 3, 0, 0, 36.00%, 0, 0, 2, 324.69, 40247, 9
128, 17, 0, 3, 0, 0, 36.00%, 0, 0, 2, 323.03, 41903, 9
133, 18, 1, 3, 0, 0, 36.00%, 0, 0, 2, 327.97, 43540, 9
138, 18, 2, 3, 0, 0, 36.00%, 0, 0, 2, 323.96, 45204, 9
143, 19, 1, 3, 0, 0, 36.00%, 0, 0, 2, 327.49, 46844, 9
148, 20, 1, 3, 0, 0, 36.00%, 0, 0, 2, 327.41, 48523, 9
153, 21, 2, 3, 0, 0, 36.00%, 0, 0, 2, 330.42, 50197, 9
159, 22, 0, 3, 0, 0, 36.00%, 0, 0, 2, 327.15, 51879, 9
164, 22, 1, 3, 0, 0, 36.00%, 0, 0, 2, 327.33, 53561, 9
169, 23, 1, 3, 0, 0, 36.00%, 0, 0, 2, 328.80, 55197, 9
174, 24, 1, 3, 0, 0, 36.00%, 0, 0, 2, 331.83, 56859, 9
179, 25, 2, 3, 0, 0, 36.00%, 0, 0, 2, 327.36, 58563, 9
184, 26, 2, 3, 0, 0, 36.00%, 0, 0, 2, 328.92, 60214, 9
189, 27, 2, 3, 0, 0, 36.00%, 0, 0, 2, 325.48, 61890, 9
194, 28, 0, 3, 0, 0, 36.00%, 0, 0, 2, 322.47, 63548, 9
199, 28, 1, 3, 0, 0, 36.00%, 0, 0, 2, 327.04, 65234, 9
205, 29, 2, 3, 0, 0, 36.00%, 0, 0, 2, 325.25, 66927, 9
210, 30, 1, 3, 0, 0, 36.00%, 0, 0, 2, 326.59, 68570, 9
215, 30, 2, 3, 0, 0, 36.00%, 0, 0, 2, 323.25, 70216, 9
220, 31, 1, 3, 0, 0, 36.00%, 0, 0, 2, 323.21, 71875, 9
225, 32, 0, 3, 0, 0, 36.00%, 0, 0, 2, 326.70, 73582, 9
230, 32, 0, 3, 0, 0, 36.00%, 0, 0, 2, 323.92, 75231, 9
235, 32, 1, 3, 0, 0, 36.00%, 0, 0, 2, 322.90, 76891, 9
241, 33, 1, 3, 0, 0, 36.00%, 0, 0, 2, 327.09, 78581, 9
246, 34, 1, 3, 0, 0, 36.00%, 0, 0, 2, 328.53, 80265, 9
251, 35, 1, 3, 0, 0, 36.00%, 0, 0, 2, 324.88, 81935, 9
256, 35, 0, 3, 0, 0, 36.00%, 0, 0, 2, 323.27, 83601, 9
261, 36, 1, 3, 0, 0, 36.00%, 0, 0, 2, 324.07, 85284, 9
266, 37, 2, 3, 0, 0, 36.00%, 0, 0, 2, 326.80, 86934, 9
271, 38, 1, 3, 0, 0, 36.00%, 0, 0, 2, 329.09, 88591, 9
276, 39, 0, 3, 0, 0, 36.00%, 0, 0, 2, 330.04, 90259, 9
281, 40, 2, 3, 0, 0, 36.00%, 0, 0, 2, 325.35, 91923, 9
287, 40, 1, 3, 0, 0, 36.00%, 0, 0, 2, 323.73, 93582, 9
292, 41, 2, 3, 0, 0, 36.00%, 0, 0, 2, 325.46, 95255, 9
297, 42, 2, 3, 0, 0, 36.00%, 0, 0, 2, 327.35, 96951, 9
302, 42, 1, 3, 0, 0, 36.00%, 0, 0, 2, 324.15, 98618, 9
307, 43, 2, 3, 0, 0, 36.00%, 0, 0, 2, 324.46, 100242, 9
312, 44, 1, 3, 0, 0, 36.00%, 0, 0, 2, 321.53, 101900, 9
317, 45, 0, 3, 0, 0, 36.00%, 0, 0, 2, 324.01, 103589, 9
323, 46, 2, 3, 0, 0, 36.00%, 0, 0, 2, 326.58, 105292, 9
328, 46, 1, 3, 0, 0, 36.00%, 0, 0, 2, 323.96, 106957, 9
333, 47, 2, 3, 0, 0, 36.00%, 0, 0, 2, 326.94, 108599, 9
338, 48, 0, 3, 0, 0, 36.00%, 0, 0, 2, 324.70, 110268, 9
343, 48, 0, 3, 0, 0, 36.00%, 0, 0, 2, 324.63, 111953, 9
348, 49, 0, 3, 0, 0, 36.00%, 0, 0, 2, 324.24, 113623, 9
353, 49, 2, 3, 0, 0, 36.00%, 0, 0, 2, 326.28, 115306, 9
358, 50, 0, 3, 0, 0, 36.00%, 0, 0, 2, 325.63, 116972, 9
364, 51, 0, 3, 0, 0, 36.00%, 0, 0, 2, 324.87, 118645, 9
369, 52, 1, 3, 0, 0, 36.00%, 0, 0, 2, 329.57, 120348, 9
374, 52, 1, 3, 0, 0, 36.00%, 0, 0, 2, 328.29, 121987, 9
379, 54, 1, 3, 0, 0, 36.00%, 0, 0, 2, 331.53, 123661, 9
384, 55, 0, 3, 0, 0, 36.00%, 0, 0, 2, 325.05, 125345, 9
389, 55, 0, 3, 0, 0, 36.00%, 0, 0, 2, 322.52, 127004, 9
394, 55, 1, 3, 0, 0, 36.00%, 0, 0, 2, 325.95, 128686, 9
400, 56, 0, 3, 0, 0, 36.00%, 0, 0, 2, 324.43, 130369, 9
405, 57, 2, 3, 0, 0, 36.00%, 0, 0, 2, 323.62, 132041, 9
410, 57, 0, 3, 0, 0, 36.00%, 0, 0, 2, 323.25, 133704, 9
415, 58, 1, 3, 0, 0, 36.00%, 0, 0, 2, 329.22, 135353, 9
420, 59, 2, 3, 0, 0, 36.00%, 0, 0, 2, 325.56, 137014, 9
425, 59, 0, 3, 0, 0, 36.00%, 0, 0, 2, 321.32, 138668, 9
430, 60, 1, 3, 0, 0, 36.00%, 0, 0, 2, 325.34, 140340, 9
435, 60, 0, 3, 0, 0, 36.00%, 0, 0, 2, 323.48, 142013, 9
441, 61, 2, 3, 0, 0, 36.00%, 0, 0, 2, 324.73, 143677, 9
446, 62, 1, 3, 0, 0, 36.00%, 0, 0, 2, 329.26, 145337, 9
451, 63, 2, 3, 0, 0, 36.00%, 0, 0, 2, 323.63, 147018, 9
456, 64, 1, 3, 0, 0, 36.00%, 0, 0, 2, 326.79, 148655, 9
461, 64, 2, 3, 0, 0, 36.00%, 0, 0, 2, 327.62, 150294, 9
466, 65, 1, 3, 0, 0, 36.00%, 0, 0, 2, 322.83, 151941, 9
471, 65, 1, 3, 0, 0, 36.00%, 0, 0, 2, 324.64, 153620, 9
476, 66, 2, 3, 0, 0, 36.00%, 0, 0, 2, 324.57, 155253, 9
481, 67, 1, 3, 0, 0, 36.00%, 0, 0, 2, 325.40, 156929, 9
486, 68, 1, 3, 0, 0, 36.00%, 0, 0, 2, 323.48, 158596, 9
492, 68, 2, 3, 0, 0, 36.00%, 0, 0, 2, 325.99, 160294, 9
497, 69, 2, 3, 0, 0, 36.00%, 0, 0, 2, 323.47, 161953, 9
502, 70, 2, 3, 0, 0, 36.00%, 0, 0, 2, 329.17, 163602, 9
507, 70, 0, 3, 0, 0, 36.00%, 0, 0, 2, 324.77, 165262, 9
512, 71, 0, 3, 0, 0, 36.00%, 0, 0, 2, 322.36, 166911, 9
517, 71, 1, 3, 0, 0, 36.00%, 0, 0, 2, 324.07, 168586, 9
522, 72, 1, 3, 0, 0, 36.00%, 0, 0, 2, 325.12, 170277, 9
528, 73, 1, 3, 0, 0, 36.00%, 0, 0, 2, 326.01, 171965, 9
533, 74, 1, 3, 0, 0, 36.00%, 0, 0, 2, 329.17, 173667, 9
538, 74, 0, 3, 0, 0, 36.00%, 0, 0, 2, 324.83, 175345, 9
543, 74, 0, 3, 0, 0, 36.00%, 0, 0, 2, 321.66, 176994, 9
548, 75, 0, 3, 0, 0, 36.00%, 0, 0, 2, 319.55, 178655, 9
553, 76, 0, 3, 0, 0, 36.00%, 0, 0, 2, 326.30, 180293, 9
558, 76, 1, 3, 0, 0, 36.00%, 0, 0, 2, 326.68, 181975, 9
564, 77, 1, 3, 0, 0, 36.00%, 0, 0, 2, 326.67, 183654, 9
569, 78, 1, 3, 0, 0, 36.00%, 0, 0, 2, 328.01, 185304, 9
574, 79, 1, 3, 0, 0, 36.00%, 0, 0, 2, 327.56, 186949, 9
579, 80, 1, 3, 0, 0, 36.00%, 0, 0, 2, 330.41, 188611, 9
584, 81, 2, 3, 0, 0, 36.00%, 0, 0, 2, 323.96, 190272, 9
589, 81, 2, 3, 0, 0, 36.00%, 0, 0, 2, 322.40, 191925, 9
594, 82, 0, 3, 0, 0, 36.00%, 0, 0, 2, 324.65, 193615, 9
599, 83, 1, 3, 0, 0, 36.00%, 0, 0, 2, 326.62, 195298, 9
604, 83, 1, 3, 0, 0, 36.00%, 0, 0, 2, 324.40, 196965, 9
610, 84, 2, 3, 0, 0, 36.00%, 0, 0, 2, 323.95, 198640, 9
615, 85, 0, 3, 0, 0, 36.00%, 0, 0, 2, 316.74, 200250, 9
620, 85, 2, 3, 0, 0, 36.00%, 0, 0, 2, 322.39, 201908, 9
625, 86, 2, 3, 0, 0, 36.00%, 0, 0, 2, 322.22, 203563, 9
630, 86, 1, 3, 0, 0, 36.00%, 0, 0, 2, 323.13, 205225, 9
635, 87, 2, 3, 0, 0, 36.00%, 0, 0, 2, 326.61, 206915, 9
640, 88, 1, 3, 0, 0, 36.00%, 0, 0, 2, 323.89, 208582, 9
646, 89, 1, 3, 0, 0, 36.00%, 0, 0, 2, 324.78, 210249, 9
651, 89, 0, 3, 0, 0, 36.00%, 0, 0, 2, 323.49, 211925, 9
656, 90, 0, 3, 0, 0, 36.00%, 0, 0, 2, 321.54, 213574, 9
661, 90, 0, 3, 0, 0, 36.00%, 0, 0, 2, 322.41, 215241, 9
666, 91, 0, 3, 0, 0, 36.00%, 0, 0, 2, 322.07, 216905, 9
671, 91, 0, 3, 0, 0, 36.00%, 0, 0, 2, 321.91, 218578, 9
677, 92, 1, 3, 0, 0, 36.00%, 0, 0, 2, 327.53, 220266, 9
682, 92, 0, 3, 0, 0, 36.00%, 0, 0, 2, 321.76, 221923, 9
687, 93, 0, 3, 0, 0, 36.00%, 0, 0, 2, 323.28, 223598, 9
692, 93, 1, 3, 0, 0, 36.00%, 0, 0, 2, 321.12, 225256, 9
697, 94, 0, 3, 0, 0, 36.00%, 0, 0, 2, 325.23, 226940, 9
702, 95, 1, 3, 0, 0, 36.00%, 0, 0, 2, 324.87, 228613, 9
707, 96, 2, 3, 0, 0, 36.00%, 0, 0, 2, 325.41, 230251, 9
713, 97, 2, 3, 0, 0, 36.00%, 0, 0, 2, 325.11, 231947, 9
718, 98, 2, 3, 0, 0, 36.00%, 0, 0, 2, 328.45, 233652, 9
723, 99, 2, 3, 0, 0, 36.00%, 0, 0, 2, 324.89, 235339, 9
728, 100, 1, 3, 0, 0, 36.00%, 0, 0, 2, 327.34, 237030, 9
731, 100, 2, 3, 0, 0, 36.00%, 1, 0, 2, 316.64, 237827, 9
