# relative_time, cycles_done, cur_item, corpus_count, pending_total, pending_favs, map_size, saved_crashes, saved_hangs, max_depth, execs_per_sec, total_execs, edges_found
61, 5, 0, 1, 0, 0, 25.00%, 0, 0, 1, 326.04, 20007, 2
66, 6, 0, 1, 0, 0, 25.00%, 0, 0, 1, 325.52, 21667, 2
71, 6, 0, 1, 0, 0, 25.00%, 0, 0, 1, 325.49, 23328, 2
76, 7, 0, 1, 0, 0, 25.00%, 0, 0, 1, 325.35, 25000, 2
81, 7, 0, 1, 0, 0, 25.00%, 0, 0, 1, 324.70, 26655, 2
86, 8, 0, 1, 0, 0, 25.00%, 0, 0, 1, 324.87, 28316, 2
92, 8, 0, 1, 0, 0, 25.00%, 0, 0, 1, 324.74, 29982, 2
97, 9, 0, 1, 0, 0, 25.00%, 0, 0, 1, 325.28, 31649, 2
102, 9, 0, 1, 0, 0, 25.00%, 0, 0, 1, 324.48, 33303, 2
107, 10, 0, 1, 0, 0, 25.00%, 0, 0, 1, 325.52, 34970, 2
112, 10, 0, 1, 0, 0, 25.00%, 0, 0, 1, 325.83, 36631, 2
117, 11, 0, 1, 0, 0, 25.00%, 0, 0, 1, 325.49, 38297, 2
122, 11, 0, 1, 0, 0, 25.00%, 0, 0, 1, 325.41, 39958, 2
127, 12, 0, 1, 0, 0, 25.00%, 0, 0, 1, 326.48, 41630, 2
132, 12, 0, 1, 0, 0, 25.00%, 0, 0, 1, 325.07, 43279, 2
138, 13, 0, 1, 0, 0, 25.00%, 0, 0, 1, 326.08, 44933, 2
143, 13, 0, 1, 0, 0, 25.00%, 0, 0, 1, 323.05, 46594, 2
148, 13, 0, 1, 0, 0, 25.00%, 0, 0, 1, 325.85, 48261, 2
153, 14, 0, 1, 0, 0, 25.00%, 0, 0, 1, 325.76, 49927, 2
158, 14, 0, 1, 0, 0, 25.00%, 0, 0, 1, 324.82, 51582, 2
163, 15, 0, 1, 0, 0, 25.00%, 0, 0, 1, 324.76, 53236, 2
168, 15, 0, 1, 0, 0, 25.00%, 0, 0, 1, 324.73, 54891, 2
173, 16, 0, 1, 0, 0, 25.00%, 0, 0, 1, 326.02, 56570, 2
178, 16, 0, 1, 0, 0, 25.00%, 0, 0, 1, 324.84, 58224, 2
184, 17, 0, 1, 0, 0, 25.00%, 0, 0, 1, 324.66, 59885, 2
189, 17, 0, 1, 0, 0, 25.00%, 0, 0, 1, 326.05, 61551, 2
194, 18, 0, 1, 0, 0, 25.00%, 0, 0, 1, 326.80, 63236, 2
198, 18, 0, 1, 0, 0, 25.00%, 1, 0, 1, 315.35, 64606, 2
