# relative_time, cycles_done, cur_item, corpus_count, pending_total, pending_favs, map_size, saved_crashes, saved_hangs, max_depth, execs_per_sec, total_execs, edges_found
61, 7, 1, 3, 0, 0, 32.26%, 0, 0, 2, 319.82, 19867, 10
66, 8, 0, 3, 0, 0, 32.26%, 0, 0, 2, 319.80, 21526, 10
71, 9, 1, 3, 0, 0, 32.26%, 0, 0, 2, 323.54, 23212, 10
77, 10, 1, 3, 0, 0, 32.26%, 0, 0, 2, 322.13, 24885, 10
82, 10, 1, 3, 0, 0, 32.26%, 0, 0, 2, 323.17, 26555, 10
87, 11, 1, 3, 0, 0, 32.26%, 0, 0, 2, 322.75, 28165, 10
92, 12, 1, 3, 0, 0, 32.26%, 0, 0, 2, 325.40, 29849, 10
97, 13, 1, 3, 0, 0, 32.26%, 0, 0, 2, 324.27, 31533, 10
102, 13, 0, 3, 0, 0, 32.26%, 0, 0, 2, 321.23, 33141, 10
107, 14, 1, 3, 0, 0, 32.26%, 0, 0, 2, 324.55, 34773, 10
112, 15, 2, 3, 0, 0, 32.26%, 0, 0, 2, 322.64, 36431, 10
118, 16, 1, 3, 0, 0, 32.26%, 0, 0, 2, 322.92, 38098, 10
123, 16, 0, 3, 0, 0, 32.26%, 0, 0, 2, 322.79, 39778, 10
128, 17, 2, 3, 0, 0, 32.26%, 0, 0, 2, 324.30, 41455, 10
133, 18, 2, 3, 0, 0, 32.26%, 0, 0, 2, 324.87, 43125, 10
138, 19, 2, 3, 0, 0, 32.26%, 0, 0, 2, 324.10, 44746, 10
143, 20, 2, 3, 0, 0, 32.26%, 0, 0, 2, 325.18, 46430, 10
148, 20, 1, 3, 0, 0, 32.26%, 0, 0, 2, 319.94, 48071, 10
154, 21, 2, 3, 0, 0, 32.26%, 0, 0, 2, 321.37, 49731, 10
159, 22, 0, 3, 0, 0, 32.26%, 0, 0, 2, 322.55, 51406, 10
164, 22, 1, 3, 0, 0, 32.26%, 0, 0, 2, 324.59, 53083, 10
169, 23, 1, 3, 0, 0, 32.26%, 0, 0, 2, 322.00, 54741, 10
174, 24, 2, 3, 0, 0, 32.26%, 0, 0, 2, 323.07, 56428, 10
179, 25, 0, 3, 0, 0, 32.26%, 0, 0, 2, 323.67, 58052, 10
184, 25, 1, 3, 0, 0, 32.26%, 0, 0, 2, 324.27, 59725, 10
190, 26, 0, 3, 0, 0, 32.26%, 0, 0, 2, 320.84, 61390, 10
195, 27, 1, 3, 0, 0, 32.26%, 0, 0, 2, 324.43, 63052, 10
200, 27, 0, 3, 0, 0, 32.26%, 0, 0, 2, 322.39, 64718, 10
205, 28, 1, 3, 0, 0, 32.26%, 0, 0, 2, 328.04, 66408, 10
210, 29, 2, 3, 0, 0, 32.26%, 0, 0, 2, 322.50, 68068, 10
215, 30, 0, 3, 0, 0, 32.26%, 0, 0, 2, 321.21, 69728, 10
221, 31, 0, 3, 0, 0, 32.26%, 0, 0, 2, 316.84, 71342, 10
226, 31, 2, 3, 0, 0, 32.26%, 0, 0, 2, 321.64, 73000, 10
231, 32, 0, 3, 0, 0, 32.26%, 0, 0, 2, 321.06, 74666, 10
236, 32, 1, 3, 0, 0, 32.26%, 0, 0, 2, 320.93, 76329, 10
241, 33, 2, 3, 0, 0, 32.26%, 0, 0, 2, 322.61, 77995, 10
246, 34, 0, 3, 0, 0, 32.26%, 0, 0, 2, 320.39, 79655, 10
252, 34, 1, 3, 0, 0, 32.26%, 0, 0, 2, 322.22, 81323, 10
257, 35, 0, 3, 0, 0, 32.26%, 0, 0, 2, 322.87, 83015, 10
262, 36, 1, 3, 0, 0, 32.26%, 0, 0, 2, 317.10, 84663, 10
267, 36, 2, 3, 0, 0, 32.26%, 0, 0, 2, 317.80, 86311, 10
272, 37, 1, 3, 0, 0, 32.26%, 0, 0, 2, 328.48, 88022, 10
278, 38, 1, 3, 0, 0, 32.26%, 0, 0, 2, 323.80, 89695, 10
283, 38, 0, 3, 0, 0, 32.26%, 0, 0, 2, 321.55, 91352, 10
288, 39, 0, 3, 0, 0, 32.26%, 0, 0, 2, 324.22, 93041, 10
293, 40, 2, 3, 0, 0, 32.26%, 0, 0, 2, 324.97, 94660, 10
298, 41, 1, 3, 0, 0, 32.26%, 0, 0, 2, 325.21, 96342, 10
303, 41, 0, 3, 0, 0, 32.26%, 0, 0, 2, 324.14, 98019, 10
308, 42, 2, 3, 0, 0, 32.26%, 0, 0, 2, 323.28, 99693, 10
314, 43, 2, 3, 0, 0, 32.26%, 0, 0, 2, 326.49, 101390, 10
319, 44, 1, 3, 0, 0, 32.26%, 0, 0, 2, 328.68, 103086, 10
324, 44, 1, 3, 0, 0, 32.26%, 0, 0, 2, 325.30, 104762, 10
329, 45, 0, 3, 0, 0, 32.26%, 0, 0, 2, 325.72, 106434, 10
332, 45, 0, 3, 0, 0, 32.26%, 1, 0, 2, 316.38, 107357, 10
