# relative_time, cycles_done, cur_item, corpus_count, pending_total, pending_favs, map_size, saved_crashes, saved_hangs, max_depth, execs_per_sec, total_execs, edges_found
61, 8, 1, 3, 0, 0, 32.26%, 0, 0, 2, 322.06, 19913, 10
66, 9, 0, 3, 0, 0, 32.26%, 0, 0, 2, 322.95, 21575, 10
72, 10, 1, 3, 0, 0, 32.26%, 0, 0, 2, 322.21, 23236, 10
77, 11, 1, 3, 0, 0, 32.26%, 0, 0, 2, 321.57, 24888, 10
82, 12, 0, 3, 0, 0, 32.26%, 0, 0, 2, 321.75, 26547, 10
87, 12, 0, 3, 0, 0, 32.26%, 0, 0, 2, 322.06, 28196, 10
92, 12, 0, 3, 0, 0, 32.26%, 0, 0, 2, 320.79, 29848, 10
97, 13, 0, 3, 0, 0, 32.26%, 0, 0, 2, 320.55, 31503, 10
102, 13, 0, 3, 0, 0, 32.26%, 0, 0, 2, 321.89, 33164, 10
108, 14, 0, 3, 0, 0, 32.26%, 0, 0, 2, 320.99, 34819, 10
113, 15, 0, 3, 0, 0, 32.26%, 0, 0, 2, 320.51, 36477, 10
118, 16, 1, 3, 0, 0, 32.26%, 0, 0, 2, 322.00, 38135, 10
123, 16, 1, 3, 0, 0, 32.26%, 0, 0, 2, 321.57, 39787, 10
128, 17, 0, 3, 0, 0, 32.26%, 0, 0, 2, 322.13, 41461, 10
133, 18, 1, 3, 0, 0, 32.26%, 0, 0, 2, 322.03, 43116, 10
139, 19, 1, 3, 0, 0, 32.26%, 0, 0, 2, 322.97, 44787, 10
144, 20, 0, 3, 0, 0, 32.26%, 0, 0, 2, 320.99, 46443, 10
149, 21, 2, 3, 0, 0, 32.26%, 0, 0, 2, 323.04, 48104, 10
154, 21, 1, 3, 0, 0, 32.26%, 0, 0, 2, 320.98, 49762, 10
159, 22, 1, 3, 0, 0, 32.26%, 0, 0, 2, 322.80, 51430, 10
164, 23, 0, 3, 0, 0, 32.26%, 0, 0, 2, 321.72, 53086, 10
170, 23, 0, 3, 0, 0, 32.26%, 0, 0, 2, 317.34, 54732, 10
175, 24, 1, 3, 0, 0, 32.26%, 0, 0, 2, 322.20, 56399, 10
180, 26, 1, 3, 0, 0, 32.26%, 0, 0, 2, 321.58, 58019, 10
185, 26, 0, 3, 0, 0, 32.26%, 0, 0, 2, 317.74, 59665, 10
190, 27, 1, 3, 0, 0, 32.26%, 0, 0, 2, 318.42, 61308, 10
195, 28, 2, 3, 0, 0, 32.26%, 0, 0, 2, 318.82, 62940, 10
200, 29, 1, 3, 0, 0, 32.26%, 0, 0, 2, 322.10, 64611, 10
206, 29, 1, 3, 0, 0, 32.26%, 0, 0, 2, 318.64, 66260, 10
211, 30, 0, 3, 0, 0, 32.26%, 0, 0, 2, 322.03, 67919, 10
216, 31, 1, 3, 0, 0, 32.26%, 0, 0, 2, 321.51, 69574, 10
221, 32, 1, 3, 0, 0, 32.26%, 0, 0, 2, 322.25, 71235, 10
226, 33, 1, 3, 0, 0, 32.26%, 0, 0, 2, 323.72, 72903, 10
231, 33, 1, 3, 0, 0, 32.26%, 0, 0, 2, 322.48, 74555, 10
236, 34, 2, 3, 0, 0, 32.26%, 0, 0, 2, 323.09, 76217, 10
242, 36, 2, 3, 0, 0, 32.26%, 0, 0, 2, 323.44, 77885, 10
247, 36, 0, 3, 0, 0, 32.26%, 0, 0, 2, 321.47, 79541, 10
252, 37, 1, 3, 0, 0, 32.26%, 0, 0, 2, 323.20, 81211, 10
257, 38, 1, 3, 0, 0, 32.26%, 0, 0, 2, 321.57, 82867, 10
258, 39, 1, 3, 0, 0, 32.26%, 1, 0, 2, 313.24, 83247, 10
