# relative_time, cycles_done, cur_item, corpus_count, pending_total, pending_favs, map_size, saved_crashes, saved_hangs, max_depth, execs_per_sec, total_execs, edges_found
61, 8, 2, 3, 0, 0, 30.43%, 0, 0, 2, 335.78, 21051, 7
66, 9, 2, 3, 0, 0, 30.43%, 0, 0, 2, 332.34, 22721, 7
71, 9, 0, 3, 0, 0, 30.43%, 0, 0, 2, 327.67, 24417, 7
76, 10, 0, 3, 0, 0, 30.43%, 0, 0, 2, 330.72, 26102, 7
81, 11, 2, 3, 0, 0, 30.43%, 0, 0, 2, 327.35, 27795, 7
86, 11, 2, 3, 0, 0, 30.43%, 0, 0, 2, 332.73, 29501, 7
91, 12, 2, 3, 0, 0, 30.43%, 0, 0, 2, 334.38, 31201, 7
96, 13, 2, 3, 0, 0, 30.43%, 0, 0, 2, 334.57, 32895, 7
101, 14, 0, 3, 0, 0, 30.43%, 0, 0, 2, 333.08, 34571, 7
107, 14, 2, 3, 0, 0, 30.43%, 0, 0, 2, 329.08, 36252, 7
112, 15, 2, 3, 0, 0, 30.43%, 0, 0, 2, 335.00, 37952, 7
117, 16, 2, 3, 0, 0, 30.43%, 0, 0, 2, 332.71, 39626, 7
122, 16, 2, 3, 0, 0, 30.43%, 0, 0, 2, 333.84, 41308, 7
127, 17, 0, 3, 0, 0, 30.43%, 0, 0, 2, 331.65, 43038, 7
132, 18, 2, 3, 0, 0, 30.43%, 0, 0, 2, 331.71, 44749, 7
137, 18, 2, 3, 0, 0, 30.43%, 0, 0, 2, 332.05, 46467, 7
142, 19, 2, 3, 0, 0, 30.43%, 0, 0, 2, 332.74, 48149, 7
147, 20, 0, 3, 0, 0, 30.43%, 0, 0, 2, 327.34, 49845, 7
148, 20, 0, 3, 0, 0, 30.43%, 1, 0, 2, 313.72, 49866, 7
