# relative_time, cycles_done, cur_item, corpus_count, pending_total, pending_favs, map_size, saved_crashes, saved_hangs, max_depth, execs_per_sec, total_execs, edges_found
60, 9, 2, 3, 0, 0, 30.43%, 0, 0, 2, 333.61, 20394, 7
65, 10, 2, 3, 0, 0, 30.43%, 0, 0, 2, 333.93, 22098, 7
71, 10, 2, 3, 0, 0, 30.43%, 0, 0, 2, 335.23, 23798, 7
76, 11, 0, 3, 0, 0, 30.43%, 0, 0, 2, 330.35, 25520, 7
81, 12, 2, 3, 0, 0, 30.43%, 0, 0, 2, 332.74, 27197, 7
86, 13, 2, 3, 0, 0, 30.43%, 0, 0, 2, 334.99, 28889, 7
91, 14, 2, 3, 0, 0, 30.43%, 0, 0, 2, 333.93, 30589, 7
96, 14, 2, 3, 0, 0, 30.43%, 0, 0, 2, 333.91, 32289, 7
101, 15, 0, 3, 0, 0, 30.43%, 0, 0, 2, 333.50, 33971, 7
106, 16, 2, 3, 0, 0, 30.43%, 0, 0, 2, 331.76, 35658, 7
111, 16, 0, 3, 0, 0, 30.43%, 0, 0, 2, 326.98, 37342, 7
116, 17, 2, 3, 0, 0, 30.43%, 0, 0, 2, 331.43, 39013, 7
119, 17, 0, 3, 0, 0, 30.43%, 1, 0, 2, 0.00, 39945, 7
