# relative_time, cycles_done, cur_item, corpus_count, pending_total, pending_favs, map_size, saved_crashes, saved_hangs, max_depth, execs_per_sec, total_execs, edges_found
61, 5, 0, 1, 0, 0, 25.00%, 0, 0, 1, 324.21, 19899, 2
66, 6, 0, 1, 0, 0, 25.00%, 0, 0, 1, 323.36, 21553, 2
71, 6, 0, 1, 0, 0, 25.00%, 0, 0, 1, 314.42, 23208, 2
76, 7, 0, 1, 0, 0, 25.00%, 0, 0, 1, 322.07, 24863, 2
82, 7, 0, 1, 0, 0, 25.00%, 0, 0, 1, 322.65, 26517, 2
87, 8, 0, 1, 0, 0, 25.00%, 0, 0, 1, 325.25, 28166, 2
92, 8, 0, 1, 0, 0, 25.00%, 0, 0, 1, 324.34, 29838, 2
97, 9, 0, 1, 0, 0, 25.00%, 0, 0, 1, 325.62, 31511, 2
102, 9, 0, 1, 0, 0, 25.00%, 0, 0, 1, 322.95, 33154, 2
107, 10, 0, 1, 0, 0, 25.00%, 0, 0, 1, 323.42, 34808, 2
112, 10, 0, 1, 0, 0, 25.00%, 0, 0, 1, 324.42, 36481, 2
117, 11, 0, 1, 0, 0, 25.00%, 0, 0, 1, 324.05, 38135, 2
122, 11, 0, 1, 0, 0, 25.00%, 0, 0, 1, 324.21, 39784, 2
128, 12, 0, 1, 0, 0, 25.00%, 0, 0, 1, 322.43, 41426, 2
133, 12, 0, 1, 0, 0, 25.00%, 0, 0, 1, 324.30, 43081, 2
138, 12, 0, 1, 0, 0, 25.00%, 0, 0, 1, 323.29, 44736, 2
143, 13, 0, 1, 0, 0, 25.00%, 0, 0, 1, 324.09, 46396, 2
148, 13, 0, 1, 0, 0, 25.00%, 0, 0, 1, 323.80, 48051, 2
153, 14, 0, 1, 0, 0, 25.00%, 0, 0, 1, 322.94, 49705, 2
158, 14, 0, 1, 0, 0, 25.00%, 0, 0, 1, 324.45, 51366, 2
163, 15, 0, 1, 0, 0, 25.00%, 0, 0, 1, 323.14, 53021, 2
168, 15, 0, 1, 0, 0, 25.00%, 0, 0, 1, 322.67, 54669, 2
174, 16, 0, 1, 0, 0, 25.00%, 0, 0, 1, 323.13, 56312, 2
179, 16, 0, 1, 0, 0, 25.00%, 0, 0, 1, 319.53, 57930, 2
184, 17, 0, 1, 0, 0, 25.00%, 0, 0, 1, 321.85, 59579, 2
189, 17, 0, 1, 0, 0, 25.00%, 0, 0, 1, 323.64, 61234, 2
194, 18, 0, 1, 0, 0, 25.00%, 0, 0, 1, 323.64, 62894, 2
199, 18, 0, 1, 0, 0, 25.00%, 0, 0, 1, 322.69, 64543, 2
204, 19, 0, 1, 0, 0, 25.00%, 0, 0, 1, 324.08, 66197, 2
209, 19, 0, 1, 0, 0, 25.00%, 0, 0, 1, 323.84, 67846, 2
214, 19, 0, 1, 0, 0, 25.00%, 0, 0, 1, 324.94, 69501, 2
220, 20, 0, 1, 0, 0, 25.00%, 0, 0, 1, 323.78, 71155, 2
225, 20, 0, 1, 0, 0, 25.00%, 0, 0, 1, 323.44, 72810, 2
230, 21, 0, 1, 0, 0, 25.00%, 0, 0, 1, 324.81, 74458, 2
235, 21, 0, 1, 0, 0, 25.00%, 0, 0, 1, 325.47, 76107, 2
240, 22, 0, 1, 0, 0, 25.00%, 0, 0, 1, 324.81, 77768, 2
245, 22, 0, 1, 0, 0, 25.00%, 0, 0, 1, 322.67, 79410, 2
250, 23, 0, 1, 0, 0, 25.00%, 0, 0, 1, 322.85, 81065, 2
255, 23, 0, 1, 0, 0, 25.00%, 1, 0, 1, 28.37, 82519, 2
