# relative_time, cycles_done, cur_item, corpus_count, pending_total, pending_favs, map_size, saved_crashes, saved_hangs, max_depth, execs_per_sec, total_execs, edges_found
62, 10, 0, 3, 0, 0, 36.00%, 0, 0, 2, 325.33, 20198, 9
67, 10, 2, 3, 0, 0, 36.00%, 0, 0, 2, 324.74, 21874, 9
72, 11, 2, 3, 0, 0, 36.00%, 0, 0, 2, 327.23, 23566, 9
77, 12, 0, 3, 0, 0, 36.00%, 0, 0, 2, 319.08, 25216, 9
82, 12, 2, 3, 0, 0, 36.00%, 0, 0, 2, 320.12, 26879, 9
87, 14, 0, 3, 0, 0, 36.00%, 0, 0, 2, 324.75, 28571, 9
93, 14, 2, 3, 0, 0, 36.00%, 0, 0, 2, 324.35, 30238, 9
98, 15, 0, 3, 0, 0, 36.00%, 0, 0, 2, 321.39, 31903, 9
103, 16, 2, 3, 0, 0, 36.00%, 0, 0, 2, 326.44, 33591, 9
108, 17, 0, 3, 0, 0, 36.00%, 0, 0, 2, 323.55, 35265, 9
113, 18, 2, 3, 0, 0, 36.00%, 0, 0, 2, 325.79, 36932, 9
118, 18, 2, 3, 0, 0, 36.00%, 0, 0, 2, 323.15, 38599, 9
124, 19, 2, 3, 0, 0, 36.00%, 0, 0, 2, 327.32, 40288, 9
129, 21, 2, 3, 0, 0, 36.00%, 0, 0, 2, 328.13, 41989, 9
134, 22, 2, 3, 0, 0, 36.00%, 0, 0, 2, 328.78, 43687, 9
139, 23, 2, 3, 0, 0, 36.00%, 0, 0, 2, 323.87, 45354, 9
144, 23, 2, 3, 0, 0, 36.00%, 0, 0, 2, 321.74, 47009, 9
149, 24, 0, 3, 0, 0, 36.00%, 0, 0, 2, 322.20, 48671, 9
155, 25, 0, 3, 0, 0, 36.00%, 0, 0, 2, 321.68, 50353, 9
160, 26, 2, 3, 0, 0, 36.00%, 0, 0, 2, 324.81, 52044, 9
165, 26, 0, 3, 0, 0, 36.00%, 0, 0, 2, 322.35, 53724, 9
170, 27, 2, 3, 0, 0, 36.00%, 0, 0, 2, 326.81, 55406, 9
175, 29, 2, 3, 0, 0, 36.00%, 0, 0, 2, 327.82, 57110, 9
181, 30, 2, 3, 0, 0, 36.00%, 0, 0, 2, 328.22, 58817, 9
186, 31, 2, 3, 0, 0, 36.00%, 0, 0, 2, 326.88, 60503, 9
191, 32, 2, 3, 0, 0, 36.00%, 0, 0, 2, 327.01, 62171, 9
196, 33, 2, 3, 0, 0, 36.00%, 0, 0, 2, 329.02, 63824, 9
201, 34, 2, 3, 0, 0, 36.00%, 0, 0, 2, 322.63, 65485, 9
206, 35, 2, 3, 0, 0, 36.00%, 0, 0, 2, 326.84, 67174, 9
211, 37, 2, 3, 0, 0, 36.00%, 0, 0, 2, 328.33, 68878, 9
216, 37, 0, 3, 0, 0, 36.00%, 0, 0, 2, 325.30, 70558, 9
222, 38, 0, 3, 0, 0, 36.00%, 0, 0, 2, 319.91, 72201, 9
227, 38, 2, 3, 0, 0, 36.00%, 0, 0, 2, 321.44, 73855, 9
232, 39, 2, 3, 0, 0, 36.00%, 0, 0, 2, 322.11, 75522, 9
237, 40, 2, 3, 0, 0, 36.00%, 0, 0, 2, 326.77, 77220, 9
242, 41, 2, 3, 0, 0, 36.00%, 0, 0, 2, 328.51, 78924, 9
248, 42, 2, 3, 0, 0, 36.00%, 0, 0, 2, 319.88, 80582, 9
253, 43, 2, 3, 0, 0, 36.00%, 0, 0, 2, 321.64, 82240, 9
258, 43, 2, 3, 0, 0, 36.00%, 0, 0, 2, 321.91, 83907, 9
263, 44, 2, 3, 0, 0, 36.00%, 0, 0, 2, 329.13, 85572, 9
268, 45, 2, 3, 0, 0, 36.00%, 0, 0, 2, 323.74, 87233, 9
273, 45, 2, 3, 0, 0, 36.00%, 0, 0, 2, 321.73, 88897, 9
278, 47, 2, 3, 0, 0, 36.00%, 0, 0, 2, 326.54, 90553, 9
283, 48, 2, 3, 0, 0, 36.00%, 0, 0, 2, 329.20, 92260, 9
289, 49, 2, 3, 0, 0, 36.00%, 0, 0, 2, 327.93, 93952, 9
294, 50, 2, 3, 0, 0, 36.00%, 0, 0, 2, 328.19, 95596, 9
299, 52, 2, 3, 0, 0, 36.00%, 0, 0, 2, 326.39, 97267, 9
304, 53, 2, 3, 0, 0, 36.00%, 0, 0, 2, 328.25, 98926, 9
309, 53, 0, 3, 0, 0, 36.00%, 0, 0, 2, 323.19, 100597, 9
314, 55, 2, 3, 0, 0, 36.00%, 0, 0, 2, 326.31, 102282, 9
319, 55, 2, 3, 0, 0, 36.00%, 0, 0, 2, 322.66, 103949, 9
324, 57, 2, 3, 0, 0, 36.00%, 0, 0, 2, 326.92, 105629, 9
330, 58, 2, 3, 0, 0, 36.00%, 0, 0, 2, 329.29, 107336, 9
335, 59, 2, 3, 0, 0, 36.00%, 0, 0, 2, 328.57, 109034, 9
340, 60, 2, 3, 0, 0, 36.00%, 0, 0, 2, 326.58, 110729, 9
345, 61, 0, 3, 0, 0, 36.00%, 0, 0, 2, 326.14, 112367, 9
350, 62, 0, 3, 0, 0, 36.00%, 0, 0, 2, 324.76, 114037, 9
355, 63, 0, 3, 0, 0, 36.00%, 0, 0, 2, 323.71, 115698, 9
361, 63, 0, 3, 0, 0, 36.00%, 0, 0, 2, 319.30, 117347, 9
366, 64, 2, 3, 0, 0, 36.00%, 0, 0, 2, 325.60, 119023, 9
371, 65, 2, 3, 0, 0, 36.00%, 0, 0, 2, 328.60, 120676, 9
376, 66, 2, 3, 0, 0, 36.00%, 0, 0, 2, 328.83, 122368, 9
381, 67, 2, 3, 0, 0, 36.00%, 0, 0, 2, 319.48, 124017, 9
386, 67, 0, 3, 0, 0, 36.00%, 0, 0, 2, 316.93, 125652, 9
391, 68, 2, 3, 0, 0, 36.00%, 0, 0, 2, 326.67, 127355, 9
397, 70, 2, 3, 0, 0, 36.00%, 0, 0, 2, 327.30, 129029, 9
402, 71, 2, 3, 0, 0, 36.00%, 0, 0, 2, 327.12, 130724, 9
407, 72, 2, 3, 0, 0, 36.00%, 0, 0, 2, 329.00, 132422, 9
412, 73, 0, 3, 0, 0, 36.00%, 0, 0, 2, 326.58, 134120, 9
417, 74, 2, 3, 0, 0, 36.00%, 0, 0, 2, 323.23, 135775, 9
422, 75, 2, 3, 0, 0, 36.00%, 1, 0, 2, 317.71, 137253, 9
