# relative_time, cycles_done, cur_item, corpus_count, pending_total, pending_favs, map_size, saved_crashes, saved_hangs, max_depth, execs_per_sec, total_execs, edges_found
61, 5, 0, 1, 0, 0, 25.00%, 0, 0, 1, 326.53, 20187, 2
66, 6, 0, 1, 0, 0, 25.00%, 0, 0, 1, 327.17, 21877, 2
72, 6, 0, 1, 0, 0, 25.00%, 0, 0, 1, 327.58, 23568, 2
77, 7, 0, 1, 0, 0, 25.00%, 0, 0, 1, 326.69, 25240, 2
82, 7, 0, 1, 0, 0, 25.00%, 0, 0, 1, 326.50, 26919, 2
87, 8, 0, 1, 0, 0, 25.00%, 0, 0, 1, 326.25, 28597, 2
92, 8, 0, 1, 0, 0, 25.00%, 0, 0, 1, 324.79, 30264, 2
97, 9, 0, 1, 0, 0, 25.00%, 0, 0, 1, 325.10, 31919, 2
102, 9, 0, 1, 0, 0, 25.00%, 0, 0, 1, 327.15, 33597, 2
108, 10, 0, 1, 0, 0, 25.00%, 0, 0, 1, 325.24, 35264, 2
113, 10, 0, 1, 0, 0, 25.00%, 0, 0, 1, 326.53, 36948, 2
118, 11, 0, 1, 0, 0, 25.00%, 0, 0, 1, 324.71, 38609, 2
123, 11, 0, 1, 0, 0, 25.00%, 0, 0, 1, 326.94, 40299, 2
128, 12, 0, 1, 0, 0, 25.00%, 0, 0, 1, 326.39, 41972, 2
133, 12, 0, 1, 0, 0, 25.00%, 0, 0, 1, 326.79, 43645, 2
138, 13, 0, 1, 0, 0, 25.00%, 0, 0, 1, 323.90, 45305, 2
143, 13, 0, 1, 0, 0, 25.00%, 0, 0, 1, 325.63, 46972, 2
149, 14, 0, 1, 0, 0, 25.00%, 0, 0, 1, 326.73, 48662, 2
154, 14, 0, 1, 0, 0, 25.00%, 0, 0, 1, 325.26, 50329, 2
159, 15, 0, 1, 0, 0, 25.00%, 0, 0, 1, 326.85, 52007, 2
164, 15, 0, 1, 0, 0, 25.00%, 0, 0, 1, 327.00, 53686, 2
169, 15, 0, 1, 0, 0, 25.00%, 0, 0, 1, 327.51, 55377, 2
174, 16, 0, 1, 0, 0, 25.00%, 0, 0, 1, 326.39, 57043, 2
179, 16, 0, 1, 0, 0, 25.00%, 0, 0, 1, 327.43, 58722, 2
185, 17, 0, 1, 0, 0, 25.00%, 0, 0, 1, 327.48, 60394, 2
190, 17, 0, 1, 0, 0, 25.00%, 0, 0, 1, 327.33, 62079, 2
195, 18, 0, 1, 0, 0, 25.00%, 0, 0, 1, 327.06, 63751, 2
200, 18, 0, 1, 0, 0, 25.00%, 0, 0, 1, 325.59, 65406, 2
205, 19, 0, 1, 0, 0, 25.00%, 0, 0, 1, 325.75, 67079, 2
210, 19, 0, 1, 0, 0, 25.00%, 0, 0, 1, 326.79, 68757, 2
215, 20, 0, 1, 0, 0, 25.00%, 0, 0, 1, 326.35, 70430, 2
220, 20, 0, 1, 0, 0, 25.00%, 0, 0, 1, 326.11, 72108, 2
226, 21, 0, 1, 0, 0, 25.00%, 0, 0, 1, 325.77, 73769, 2
231, 21, 0, 1, 0, 0, 25.00%, 0, 0, 1, 326.25, 75442, 2
236, 22, 0, 1, 0, 0, 25.00%, 0, 0, 1, 325.98, 77120, 2
241, 22, 0, 1, 0, 0, 25.00%, 0, 0, 1, 326.18, 78781, 2
246, 23, 0, 1, 0, 0, 25.00%, 0, 0, 1, 326.34, 80459, 2
251, 23, 0, 1, 0, 0, 25.00%, 0, 0, 1, 327.25, 82138, 2
256, 24, 0, 1, 0, 0, 25.00%, 0, 0, 1, 325.89, 83804, 2
261, 24, 0, 1, 0, 0, 25.00%, 0, 0, 1, 326.03, 85465, 2
267, 24, 0, 1, 0, 0, 25.00%, 0, 0, 1, 326.63, 87156, 2
272, 25, 0, 1, 0, 0, 25.00%, 0, 0, 1, 325.84, 88828, 2
277, 25, 0, 1, 0, 0, 25.00%, 0, 0, 1, 325.59, 90513, 2
282, 26, 0, 1, 0, 0, 25.00%, 0, 0, 1, 326.06, 92173, 2
287, 26, 0, 1, 0, 0, 25.00%, 0, 0, 1, 326.97, 93846, 2
292, 27, 0, 1, 0, 0, 25.00%, 0, 0, 1, 325.80, 95512, 2
297, 27, 0, 1, 0, 0, 25.00%, 0, 0, 1, 324.76, 97173, 2
302, 28, 0, 1, 0, 0, 25.00%, 0, 0, 1, 325.75, 98852, 2
308, 28, 0, 1, 0, 0, 25.00%, 0, 0, 1, 325.35, 100530, 2
313, 29, 0, 1, 0, 0, 25.00%, 0, 0, 1, 327.36, 102209, 2
318, 29, 0, 1, 0, 0, 25.00%, 1, 0, 1, 317.48, 103805, 2
