# relative_time, cycles_done, cur_item, corpus_count, pending_total, pending_favs, map_size, saved_crashes, saved_hangs, max_depth, execs_per_sec, total_execs, edges_found
61, 5, 0, 1, 0, 0, 25.00%, 0, 0, 1, 325.26, 19971, 2
66, 6, 0, 1, 0, 0, 25.00%, 0, 0, 1, 325.47, 21619, 2
71, 6, 0, 1, 0, 0, 25.00%, 0, 0, 1, 325.33, 23274, 2
76, 7, 0, 1, 0, 0, 25.00%, 0, 0, 1, 324.71, 24940, 2
81, 7, 0, 1, 0, 0, 25.00%, 0, 0, 1, 326.01, 26601, 2
86, 8, 0, 1, 0, 0, 25.00%, 0, 0, 1, 324.12, 28256, 2
92, 8, 0, 1, 0, 0, 25.00%, 0, 0, 1, 324.19, 29910, 2
97, 9, 0, 1, 0, 0, 25.00%, 0, 0, 1, 324.68, 31571, 2
102, 9, 0, 1, 0, 0, 25.00%, 0, 0, 1, 324.37, 33225, 2
107, 10, 0, 1, 0, 0, 25.00%, 0, 0, 1, 324.60, 34880, 2
112, 10, 0, 1, 0, 0, 25.00%, 0, 0, 1, 325.13, 36529, 2
117, 11, 0, 1, 0, 0, 25.00%, 0, 0, 1, 324.76, 38189, 2
122, 11, 0, 1, 0, 0, 25.00%, 0, 0, 1, 324.78, 39850, 2
127, 12, 0, 1, 0, 0, 25.00%, 0, 0, 1, 325.62, 41528, 2
132, 12, 0, 1, 0, 0, 25.00%, 0, 0, 1, 324.56, 43189, 2
138, 12, 0, 1, 0, 0, 25.00%, 0, 0, 1, 323.40, 44844, 2
143, 13, 0, 1, 0, 0, 25.00%, 0, 0, 1, 324.57, 46492, 2
148, 13, 0, 1, 0, 0, 25.00%, 0, 0, 1, 323.49, 48153, 2
153, 14, 0, 1, 0, 0, 25.00%, 0, 0, 1, 325.30, 49831, 2
158, 14, 0, 1, 0, 0, 25.00%, 0, 0, 1, 325.20, 51498, 2
163, 15, 0, 1, 0, 0, 25.00%, 0, 0, 1, 324.11, 53158, 2
168, 15, 0, 1, 0, 0, 25.00%, 0, 0, 1, 324.49, 54819, 2
173, 16, 0, 1, 0, 0, 25.00%, 0, 0, 1, 324.17, 56468, 2
178, 16, 0, 1, 0, 0, 25.00%, 0, 0, 1, 324.35, 58116, 2
184, 17, 0, 1, 0, 0, 25.00%, 0, 0, 1, 324.52, 59765, 2
189, 17, 0, 1, 0, 0, 25.00%, 0, 0, 1, 324.09, 61419, 2
194, 18, 0, 1, 0, 0, 25.00%, 0, 0, 1, 325.18, 63074, 2
199, 18, 0, 1, 0, 0, 25.00%, 0, 0, 1, 325.15, 64735, 2
204, 19, 0, 1, 0, 0, 25.00%, 0, 0, 1, 323.53, 66395, 2
209, 19, 0, 1, 0, 0, 25.00%, 0, 0, 1, 324.31, 68050, 2
214, 20, 0, 1, 0, 0, 25.00%, 0, 0, 1, 324.27, 69698, 2
219, 20, 0, 1, 0, 0, 25.00%, 0, 0, 1, 325.13, 71347, 2
224, 20, 0, 1, 0, 0, 25.00%, 0, 0, 1, 324.22, 73002, 2
229, 21, 0, 1, 0, 0, 25.00%, 0, 0, 1, 322.46, 74662, 2
235, 21, 0, 1, 0, 0, 25.00%, 0, 0, 1, 323.71, 76317, 2
240, 22, 0, 1, 0, 0, 25.00%, 0, 0, 1, 326.48, 77983, 2
245, 22, 0, 1, 0, 0, 25.00%, 0, 0, 1, 325.04, 79656, 2
250, 23, 0, 1, 0, 0, 25.00%, 0, 0, 1, 325.13, 81305, 2
255, 23, 0, 1, 0, 0, 25.00%, 0, 0, 1, 324.04, 82965, 2
260, 24, 0, 1, 0, 0, 25.00%, 0, 0, 1, 324.54, 84632, 2
265, 24, 0, 1, 0, 0, 25.00%, 0, 0, 1, 321.61, 86286, 2
270, 25, 0, 1, 0, 0, 25.00%, 0, 0, 1, 324.59, 87947, 2
276, 25, 0, 1, 0, 0, 25.00%, 0, 0, 1, 324.80, 89607, 2
281, 26, 0, 1, 0, 0, 25.00%, 0, 0, 1, 325.29, 91280, 2
286, 26, 0, 1, 0, 0, 25.00%, 0, 0, 1, 324.26, 92941, 2
291, 27, 0, 1, 0, 0, 25.00%, 0, 0, 1, 325.16, 94613, 2
296, 27, 0, 1, 0, 0, 25.00%, 0, 0, 1, 324.76, 96268, 2
301, 28, 0, 1, 0, 0, 25.00%, 0, 0, 1, 323.73, 97928, 2
306, 28, 0, 1, 0, 0, 25.00%, 0, 0, 1, 325.87, 99577, 2
311, 28, 0, 1, 0, 0, 25.00%, 0, 0, 1, 323.96, 101220, 2
316, 29, 0, 1, 0, 0, 25.00%, 0, 0, 1, 324.14, 102874, 2
321, 29, 0, 1, 0, 0, 25.00%, 0, 0, 1, 324.27, 104517, 2
327, 30, 0, 1, 0, 0, 25.00%, 0, 0, 1, 324.56, 106177, 2
332, 30, 0, 1, 0, 0, 25.00%, 0, 0, 1, 325.54, 107850, 2
337, 31, 0, 1, 0, 0, 25.00%, 0, 0, 1, 325.41, 109505, 2
342, 31, 0, 1, 0, 0, 25.00%, 0, 0, 1, 322.39, 111171, 2
347, 32, 0, 1, 0, 0, 25.00%, 0, 0, 1, 325.03, 112820, 2
352, 32, 0, 1, 0, 0, 25.00%, 0, 0, 1, 326.07, 114486, 2
357, 33, 0, 1, 0, 0, 25.00%, 0, 0, 1, 325.43, 116147, 2
362, 33, 0, 1, 0, 0, 25.00%, 0, 0, 1, 325.79, 117807, 2
367, 34, 0, 1, 0, 0, 25.00%, 0, 0, 1, 325.48, 119462, 2
373, 34, 0, 1, 0, 0, 25.00%, 0, 0, 1, 324.24, 121135, 2
378, 35, 0, 1, 0, 0, 25.00%, 0, 0, 1, 325.37, 122819, 2
383, 35, 0, 1, 0, 0, 25.00%, 0, 0, 1, 325.58, 124486, 2
388, 36, 0, 1, 0, 0, 25.00%, 0, 0, 1, 324.94, 126146, 2
393, 36, 0, 1, 0, 0, 25.00%, 0, 0, 1, 325.43, 127795, 2
398, 36, 0, 1, 0, 0, 25.00%, 0, 0, 1, 324.50, 129444, 2
403, 37, 0, 1, 0, 0, 25.00%, 0, 0, 1, 324.47, 131110, 2
408, 37, 0, 1, 0, 0, 25.00%, 0, 0, 1, 325.16, 132777, 2
413, 38, 0, 1, 0, 0, 25.00%, 0, 0, 1, 324.35, 134431, 2
419, 38, 0, 1, 0, 0, 25.00%, 0, 0, 1, 324.80, 136092, 2
424, 39, 0, 1, 0, 0, 25.00%, 0, 0, 1, 324.89, 137746, 2
429, 39, 0, 1, 0, 0, 25.00%, 0, 0, 1, 324.97, 139407, 2
434, 40, 0, 1, 0, 0, 25.00%, 0, 0, 1, 325.85, 141068, 2
439, 40, 0, 1, 0, 0, 25.00%, 0, 0, 1, 324.56, 142722, 2
444, 41, 0, 1, 0, 0, 25.00%, 0, 0, 1, 325.16, 144383, 2
449, 41, 0, 1, 0, 0, 25.00%, 0, 0, 1, 323.16, 146031, 2
454, 42, 0, 1, 0, 0, 25.00%, 0, 0, 1, 324.62, 147692, 2
459, 42, 0, 1, 0, 0, 25.00%, 0, 0, 1, 324.96, 149359, 2
465, 43, 0, 1, 0, 0, 25.00%, 0, 0, 1, 325.02, 151013, 2
470, 43, 0, 1, 0, 0, 25.00%, 0, 0, 1, 324.40, 152680, 2
475, 44, 0, 1, 0, 0, 25.00%, 0, 0, 1, 325.07, 154352, 2
480, 44, 0, 1, 0, 0, 25.00%, 0, 0, 1, 325.35, 156013, 2
485, 44, 0, 1, 0, 0, 25.00%, 0, 0, 1, 323.74, 157680, 2
490, 45, 0, 1, 0, 0, 25.00%, 0, 0, 1, 325.32, 159352, 2
495, 45, 0, 1, 0, 0, 25.00%, 0, 0, 1, 325.85, 161013, 2
500, 46, 0, 1, 0, 0, 25.00%, 0, 0, 1, 326.25, 162679, 2
506, 46, 0, 1, 0, 0, 25.00%, 0, 0, 1, 324.37, 164346, 2
511, 47, 0, 1, 0, 0, 25.00%, 0, 0, 1, 324.31, 166006, 2
516, 47, 0, 1, 0, 0, 25.00%, 0, 0, 1, 325.23, 167667, 2
521, 48, 0, 1, 0, 0, 25.00%, 0, 0, 1, 324.16, 169328, 2
526, 48, 0, 1, 0, 0, 25.00%, 0, 0, 1, 324.31, 170988, 2
531, 49, 0, 1, 0, 0, 25.00%, 0, 0, 1, 325.83, 172655, 2
536, 49, 0, 1, 0, 0, 25.00%, 0, 0, 1, 324.85, 174315, 2
541, 50, 0, 1, 0, 0, 25.00%, 0, 0, 1, 323.20, 175976, 2
546, 50, 0, 1, 0, 0, 25.00%, 0, 0, 1, 325.09, 177637, 2
552, 51, 0, 1, 0, 0, 25.00%, 0, 0, 1, 325.52, 179303, 2
557, 51, 0, 1, 0, 0, 25.00%, 0, 0, 1, 324.48, 180958, 2
562, 52, 0, 1, 0, 0, 25.00%, 0, 0, 1, 326.58, 182636, 2
567, 52, 0, 1, 0, 0, 25.00%, 0, 0, 1, 325.51, 184285, 2
572, 53, 0, 1, 0, 0, 25.00%, 0, 0, 1, 324.80, 185939, 2
577, 53, 0, 1, 0, 0, 25.00%, 0, 0, 1, 325.21, 187624, 2
582, 53, 0, 1, 0, 0, 25.00%, 0, 0, 1, 322.10, 189267, 2
587, 54, 0, 1, 0, 0, 25.00%, 0, 0, 1, 325.18, 190921, 2
592, 54, 0, 1, 0, 0, 25.00%, 0, 0, 1, 326.11, 192582, 2
598, 55, 0, 1, 0, 0, 25.00%, 0, 0, 1, 325.05, 194242, 2
603, 55, 0, 1, 0, 0, 25.00%, 0, 0, 1, 321.31, 195909, 2
608, 56, 0, 1, 0, 0, 25.00%, 0, 0, 1, 323.07, 197558, 2
613, 56, 0, 1, 0, 0, 25.00%, 0, 0, 1, 323.46, 199218, 2
618, 57, 0, 1, 0, 0, 25.00%, 0, 0, 1, 324.16, 200867, 2
623, 57, 0, 1, 0, 0, 25.00%, 0, 0, 1, 324.85, 202539, 2
628, 58, 0, 1, 0, 0, 25.00%, 0, 0, 1, 317.36, 204152, 2
634, 58, 0, 1, 0, 0, 25.00%, 0, 0, 1, 322.47, 205807, 2
639, 59, 0, 1, 0, 0, 25.00%, 0, 0, 1, 324.01, 207473, 2
644, 59, 0, 1, 0, 0, 25.00%, 0, 0, 1, 323.45, 209128, 2
649, 60, 0, 1, 0, 0, 25.00%, 0, 0, 1, 323.07, 210788, 2
654, 60, 0, 1, 0, 0, 25.00%, 0, 0, 1, 322.75, 212437, 2
659, 60, 0, 1, 0, 0, 25.00%, 0, 0, 1, 324.45, 214098, 2
664, 61, 0, 1, 0, 0, 25.00%, 0, 0, 1, 323.96, 215746, 2
669, 61, 0, 1, 0, 0, 25.00%, 0, 0, 1, 323.29, 217395, 2
674, 62, 0, 1, 0, 0, 25.00%, 0, 0, 1, 324.53, 219061, 2
680, 62, 0, 1, 0, 0, 25.00%, 0, 0, 1, 323.62, 220722, 2
685, 63, 0, 1, 0, 0, 25.00%, 0, 0, 1, 323.62, 222394, 2
690, 63, 0, 1, 0, 0, 25.00%, 0, 0, 1, 322.72, 224049, 2
695, 64, 0, 1, 0, 0, 25.00%, 0, 0, 1, 323.61, 225710, 2
700, 64, 0, 1, 0, 0, 25.00%, 0, 0, 1, 323.87, 227358, 2
705, 65, 0, 1, 0, 0, 25.00%, 0, 0, 1, 322.87, 229001, 2
710, 65, 0, 1, 0, 0, 25.00%, 0, 0, 1, 323.68, 230655, 2
715, 66, 0, 1, 0, 0, 25.00%, 0, 0, 1, 321.72, 232304, 2
721, 66, 0, 1, 0, 0, 25.00%, 0, 0, 1, 322.59, 233959, 2
726, 67, 0, 1, 0, 0, 25.00%, 0, 0, 1, 324.01, 235607, 2
731, 67, 0, 1, 0, 0, 25.00%, 0, 0, 1, 324.06, 237262, 2
736, 68, 0, 1, 0, 0, 25.00%, 0, 0, 1, 324.02, 238916, 2
741, 68, 0, 1, 0, 0, 25.00%, 0, 0, 1, 316.81, 240523, 2
746, 68, 0, 1, 0, 0, 25.00%, 0, 0, 1, 321.84, 242172, 2
751, 69, 0, 1, 0, 0, 25.00%, 0, 0, 1, 323.69, 243820, 2
756, 69, 0, 1, 0, 0, 25.00%, 0, 0, 1, 320.60, 245463, 2
761, 70, 0, 1, 0, 0, 25.00%, 0, 0, 1, 322.86, 247117, 2
767, 70, 0, 1, 0, 0, 25.00%, 0, 0, 1, 324.61, 248778, 2
772, 71, 0, 1, 0, 0, 25.00%, 0, 0, 1, 324.47, 250439, 2
777, 71, 0, 1, 0, 0, 25.00%, 0, 0, 1, 322.96, 252105, 2
782, 72, 0, 1, 0, 0, 25.00%, 0, 0, 1, 321.00, 253778, 2
787, 72, 0, 1, 0, 0, 25.00%, 0, 0, 1, 323.63, 255444, 2
792, 73, 0, 1, 0, 0, 25.00%, 0, 0, 1, 320.85, 257099, 2
797, 73, 0, 1, 0, 0, 25.00%, 0, 0, 1, 322.87, 258748, 2
803, 74, 0, 1, 0, 0, 25.00%, 0, 0, 1, 323.00, 260396, 2
808, 74, 0, 1, 0, 0, 25.00%, 0, 0, 1, 324.36, 262057, 2
813, 75, 0, 1, 0, 0, 25.00%, 0, 0, 1, 323.11, 263711, 2
818, 75, 0, 1, 0, 0, 25.00%, 0, 0, 1, 324.36, 265372, 2
823, 76, 0, 1, 0, 0, 25.00%, 0, 0, 1, 322.55, 267020, 2
828, 76, 0, 1, 0, 0, 25.00%, 0, 0, 1, 324.22, 268675, 2
833, 76, 0, 1, 0, 0, 25.00%, 0, 0, 1, 323.19, 270324, 2
838, 77, 0, 1, 0, 0, 25.00%, 0, 0, 1, 323.08, 271978, 2
843, 77, 0, 1, 0, 0, 25.00%, 0, 0, 1, 324.08, 273627, 2
849, 78, 0, 1, 0, 0, 25.00%, 0, 0, 1, 324.51, 275299, 2
854, 78, 0, 1, 0, 0, 25.00%, 0, 0, 1, 322.90, 276948, 2
855, 78, 0, 1, 0, 0, 25.00%, 1, 0, 1, 314.56, 277461, 2
