# relative_time, cycles_done, cur_item, corpus_count, pending_total, pending_favs, map_size, saved_crashes, saved_hangs, max_depth, execs_per_sec, total_execs, edges_found
61, 7, 0, 3, 0, 0, 32.26%, 0, 0, 2, 323.28, 20129, 10
67, 8, 2, 3, 0, 0, 32.26%, 0, 0, 2, 327.45, 21829, 10
72, 9, 2, 3, 0, 0, 32.26%, 0, 0, 2, 325.72, 23502, 10
77, 9, 2, 3, 0, 0, 32.26%, 0, 0, 2, 326.21, 25181, 10
82, 10, 2, 3, 0, 0, 32.26%, 0, 0, 2, 328.56, 26894, 10
87, 11, 0, 3, 0, 0, 32.26%, 0, 0, 2, 326.20, 28595, 10
93, 12, 0, 3, 0, 0, 32.26%, 0, 0, 2, 324.83, 30274, 10
98, 12, 0, 3, 0, 0, 32.26%, 0, 0, 2, 322.54, 31923, 10
103, 13, 0, 3, 0, 0, 32.26%, 0, 0, 2, 323.43, 33602, 10
108, 13, 0, 3, 0, 0, 32.26%, 0, 0, 2, 324.06, 35287, 10
113, 14, 2, 3, 0, 0, 32.26%, 0, 0, 2, 328.55, 36990, 10
118, 15, 0, 3, 0, 0, 32.26%, 0, 0, 2, 325.38, 38685, 10
123, 16, 2, 3, 0, 0, 32.26%, 0, 0, 2, 329.38, 40340, 10
128, 17, 0, 3, 0, 0, 32.26%, 0, 0, 2, 329.77, 41996, 10
134, 18, 2, 3, 0, 0, 32.26%, 0, 0, 2, 327.92, 43684, 10
139, 19, 0, 3, 0, 0, 32.26%, 0, 0, 2, 327.54, 45331, 10
144, 20, 2, 3, 0, 0, 32.26%, 0, 0, 2, 325.88, 47016, 10
149, 20, 2, 3, 0, 0, 32.26%, 0, 0, 2, 322.85, 48671, 10
154, 21, 0, 3, 0, 0, 32.26%, 0, 0, 2, 320.14, 50342, 10
159, 22, 2, 3, 0, 0, 32.26%, 0, 0, 2, 327.13, 52045, 10
164, 23, 2, 3, 0, 0, 32.26%, 0, 0, 2, 330.50, 53707, 10
170, 24, 0, 3, 0, 0, 32.26%, 0, 0, 2, 323.75, 55384, 10
175, 25, 2, 3, 0, 0, 32.26%, 0, 0, 2, 327.43, 57027, 10
180, 26, 2, 3, 0, 0, 32.26%, 0, 0, 2, 330.91, 58701, 10
185, 26, 0, 3, 0, 0, 32.26%, 0, 0, 2, 323.42, 60353, 10
190, 27, 0, 3, 0, 0, 32.26%, 0, 0, 2, 322.16, 62002, 10
195, 28, 0, 3, 0, 0, 32.26%, 0, 0, 2, 327.98, 63711, 10
200, 28, 0, 3, 0, 0, 32.26%, 0, 0, 2, 323.49, 65369, 10
205, 28, 0, 3, 0, 0, 32.26%, 0, 0, 2, 321.91, 67024, 10
211, 30, 2, 3, 0, 0, 32.26%, 0, 0, 2, 329.33, 68739, 10
216, 30, 2, 3, 0, 0, 32.26%, 0, 0, 2, 324.39, 70391, 10
221, 31, 0, 3, 0, 0, 32.26%, 0, 0, 2, 326.96, 72095, 10
226, 32, 2, 3, 0, 0, 32.26%, 0, 0, 2, 327.68, 73780, 10
231, 33, 2, 3, 0, 0, 32.26%, 0, 0, 2, 328.47, 75427, 10
236, 34, 2, 3, 0, 0, 32.26%, 0, 0, 2, 330.06, 77077, 10
241, 35, 1, 3, 0, 0, 32.26%, 0, 0, 2, 329.95, 78745, 10
246, 37, 2, 3, 0, 0, 32.26%, 0, 0, 2, 330.96, 80470, 10
252, 38, 0, 3, 0, 0, 32.26%, 0, 0, 2, 325.68, 82159, 10
257, 39, 0, 3, 0, 0, 32.26%, 0, 0, 2, 326.08, 83799, 10
262, 39, 2, 3, 0, 0, 32.26%, 0, 0, 2, 326.16, 85472, 10
267, 40, 0, 3, 0, 0, 32.26%, 0, 0, 2, 323.43, 87149, 10
272, 40, 2, 3, 0, 0, 32.26%, 0, 0, 2, 325.05, 88815, 10
277, 42, 2, 3, 0, 0, 32.26%, 0, 0, 2, 329.01, 90471, 10
282, 43, 2, 3, 0, 0, 32.26%, 0, 0, 2, 329.80, 92133, 10
287, 43, 0, 3, 0, 0, 32.26%, 0, 0, 2, 325.11, 93828, 10
292, 44, 0, 3, 0, 0, 32.26%, 0, 0, 2, 325.03, 95516, 10
297, 45, 1, 3, 0, 0, 32.26%, 0, 0, 2, 327.51, 97156, 10
303, 46, 0, 3, 0, 0, 32.26%, 0, 0, 2, 325.26, 98839, 10
308, 47, 0, 3, 0, 0, 32.26%, 0, 0, 2, 323.42, 100503, 10
313, 47, 2, 3, 0, 0, 32.26%, 0, 0, 2, 323.21, 102157, 10
318, 48, 2, 3, 0, 0, 32.26%, 0, 0, 2, 327.97, 103813, 10
323, 49, 2, 3, 0, 0, 32.26%, 0, 0, 2, 330.40, 105472, 10
328, 50, 2, 3, 0, 0, 32.26%, 0, 0, 2, 331.20, 107200, 10
333, 51, 0, 3, 0, 0, 32.26%, 0, 0, 2, 323.70, 108852, 10
338, 52, 2, 3, 0, 0, 32.26%, 0, 0, 2, 326.49, 110528, 10
343, 53, 2, 3, 0, 0, 32.26%, 0, 0, 2, 329.64, 112193, 10
349, 53, 0, 3, 0, 0, 32.26%, 0, 0, 2, 324.57, 113873, 10
354, 54, 0, 3, 0, 0, 32.26%, 0, 0, 2, 323.99, 115546, 10
359, 54, 2, 3, 0, 0, 32.26%, 0, 0, 2, 321.65, 117200, 10
364, 56, 2, 3, 0, 0, 32.26%, 0, 0, 2, 329.35, 118925, 10
369, 56, 2, 3, 0, 0, 32.26%, 0, 0, 2, 324.30, 120583, 10
374, 57, 0, 3, 0, 0, 32.26%, 0, 0, 2, 324.86, 122272, 10
380, 58, 2, 3, 0, 0, 32.26%, 0, 0, 2, 329.56, 123960, 10
385, 59, 0, 3, 0, 0, 32.26%, 0, 0, 2, 329.42, 125619, 10
390, 60, 2, 3, 0, 0, 32.26%, 0, 0, 2, 326.21, 127295, 10
395, 61, 2, 3, 0, 0, 32.26%, 0, 0, 2, 324.45, 128962, 10
400, 62, 0, 3, 0, 0, 32.26%, 0, 0, 2, 328.44, 130669, 10
405, 63, 2, 3, 0, 0, 32.26%, 0, 0, 2, 326.97, 132348, 10
410, 63, 2, 3, 0, 0, 32.26%, 0, 0, 2, 318.36, 133991, 10
416, 64, 0, 3, 0, 0, 32.26%, 0, 0, 2, 323.28, 135686, 10
421, 64, 0, 3, 0, 0, 32.26%, 0, 0, 2, 322.57, 137338, 10
426, 66, 2, 3, 0, 0, 32.26%, 0, 0, 2, 329.70, 138999, 10
431, 66, 0, 3, 0, 0, 32.26%, 0, 0, 2, 324.50, 140673, 10
436, 68, 2, 3, 0, 0, 32.26%, 0, 0, 2, 329.97, 142391, 10
441, 68, 0, 3, 0, 0, 32.26%, 0, 0, 2, 324.08, 144074, 10
446, 69, 0, 3, 0, 0, 32.26%, 0, 0, 2, 324.78, 145705, 10
451, 70, 2, 3, 0, 0, 32.26%, 0, 0, 2, 328.34, 147396, 10
457, 71, 0, 3, 0, 0, 32.26%, 0, 0, 2, 326.37, 149088, 10
462, 72, 2, 3, 0, 0, 32.26%, 0, 0, 2, 327.67, 150782, 10
467, 72, 0, 3, 0, 0, 32.26%, 0, 0, 2, 324.94, 152449, 10
471, 72, 2, 3, 0, 0, 32.26%, 1, 0, 2, 315.26, 153640, 10
