# relative_time, cycles_done, cur_item, corpus_count, pending_total, pending_favs, map_size, saved_crashes, saved_hangs, max_depth, execs_per_sec, total_execs, edges_found
61, 5, 0, 1, 0, 0, 25.00%, 0, 0, 1, 325.18, 19965, 2
66, 6, 0, 1, 0, 0, 25.00%, 0, 0, 1, 324.52, 21625, 2
71, 6, 0, 1, 0, 0, 25.00%, 0, 0, 1, 325.31, 23298, 2
76, 7, 0, 1, 0, 0, 25.00%, 0, 0, 1, 324.85, 24964, 2
81, 7, 0, 1, 0, 0, 25.00%, 0, 0, 1, 325.06, 26619, 2
86, 8, 0, 1, 0, 0, 25.00%, 0, 0, 1, 326.15, 28298, 2
92, 8, 0, 1, 0, 0, 25.00%, 0, 0, 1, 325.45, 29958, 2
97, 9, 0, 1, 0, 0, 25.00%, 0, 0, 1, 324.71, 31637, 2
102, 9, 0, 1, 0, 0, 25.00%, 0, 0, 1, 326.32, 33315, 2
107, 10, 0, 1, 0, 0, 25.00%, 0, 0, 1, 326.37, 34982, 2
112, 10, 0, 1, 0, 0, 25.00%, 0, 0, 1, 325.33, 36649, 2
117, 11, 0, 1, 0, 0, 25.00%, 0, 0, 1, 324.40, 38315, 2
122, 11, 0, 1, 0, 0, 25.00%, 0, 0, 1, 324.63, 39982, 2
127, 12, 0, 1, 0, 0, 25.00%, 0, 0, 1, 326.42, 41672, 2
133, 12, 0, 1, 0, 0, 25.00%, 0, 0, 1, 324.89, 43327, 2
138, 13, 0, 1, 0, 0, 25.00%, 0, 0, 1, 324.93, 44993, 2
143, 13, 0, 1, 0, 0, 25.00%, 0, 0, 1, 326.05, 46660, 2
148, 13, 0, 1, 0, 0, 25.00%, 0, 0, 1, 325.79, 48321, 2
153, 14, 0, 1, 0, 0, 25.00%, 0, 0, 1, 325.16, 49981, 2
158, 14, 0, 1, 0, 0, 25.00%, 0, 0, 1, 325.38, 51636, 2
163, 15, 0, 1, 0, 0, 25.00%, 0, 0, 1, 325.73, 53284, 2
168, 15, 0, 1, 0, 0, 25.00%, 0, 0, 1, 325.86, 54945, 2
173, 16, 0, 1, 0, 0, 25.00%, 0, 0, 1, 325.46, 56612, 2
179, 16, 0, 1, 0, 0, 25.00%, 0, 0, 1, 324.47, 58278, 2
184, 17, 0, 1, 0, 0, 25.00%, 0, 0, 1, 324.65, 59933, 2
189, 17, 0, 1, 0, 0, 25.00%, 0, 0, 1, 325.52, 61587, 2
194, 18, 0, 1, 0, 0, 25.00%, 0, 0, 1, 323.30, 63248, 2
199, 18, 0, 1, 0, 0, 25.00%, 0, 0, 1, 326.12, 64914, 2
204, 19, 0, 1, 0, 0, 25.00%, 0, 0, 1, 324.48, 66581, 2
209, 19, 0, 1, 0, 0, 25.00%, 0, 0, 1, 324.44, 68242, 2
214, 20, 0, 1, 0, 0, 25.00%, 0, 0, 1, 325.10, 69896, 2
219, 20, 0, 1, 0, 0, 25.00%, 0, 0, 1, 325.20, 71551, 2
224, 21, 0, 1, 0, 0, 25.00%, 0, 0, 1, 326.61, 73211, 2
230, 21, 0, 1, 0, 0, 25.00%, 0, 0, 1, 326.04, 74878, 2
235, 21, 0, 1, 0, 0, 25.00%, 0, 0, 1, 326.07, 76551, 2
240, 22, 0, 1, 0, 0, 25.00%, 0, 0, 1, 325.32, 78223, 2
245, 22, 0, 1, 0, 0, 25.00%, 0, 0, 1, 325.44, 79878, 2
250, 23, 0, 1, 0, 0, 25.00%, 0, 0, 1, 324.72, 81538, 2
255, 23, 0, 1, 0, 0, 25.00%, 0, 0, 1, 325.32, 83193, 2
260, 24, 0, 1, 0, 0, 25.00%, 0, 0, 1, 325.26, 84864, 2
265, 24, 0, 1, 0, 0, 25.00%, 0, 0, 1, 325.14, 86532, 2
270, 25, 0, 1, 0, 0, 25.00%, 0, 0, 1, 325.75, 88193, 2
276, 25, 0, 1, 0, 0, 25.00%, 0, 0, 1, 325.96, 89859, 2
281, 26, 0, 1, 0, 0, 25.00%, 0, 0, 1, 326.24, 91520, 2
286, 26, 0, 1, 0, 0, 25.00%, 0, 0, 1, 325.41, 93186, 2
291, 27, 0, 1, 0, 0, 25.00%, 0, 0, 1, 325.07, 94847, 2
296, 27, 0, 1, 0, 0, 25.00%, 0, 0, 1, 325.98, 96520, 2
301, 28, 0, 1, 0, 0, 25.00%, 0, 0, 1, 324.33, 98180, 2
306, 28, 0, 1, 0, 0, 25.00%, 0, 0, 1, 319.26, 99811, 2
311, 29, 0, 1, 0, 0, 25.00%, 0, 0, 1, 323.91, 101477, 2
317, 29, 0, 1, 0, 0, 25.00%, 0, 0, 1, 322.84, 103126, 2
322, 29, 0, 1, 0, 0, 25.00%, 0, 0, 1, 323.94, 104775, 2
327, 30, 0, 1, 0, 0, 25.00%, 0, 0, 1, 325.58, 106429, 2
332, 30, 0, 1, 0, 0, 25.00%, 0, 0, 1, 322.78, 108084, 2
337, 31, 0, 1, 0, 0, 25.00%, 0, 0, 1, 325.90, 109756, 2
342, 31, 0, 1, 0, 0, 25.00%, 0, 0, 1, 323.33, 111417, 2
347, 32, 0, 1, 0, 0, 25.00%, 0, 0, 1, 324.46, 113083, 2
352, 32, 0, 1, 0, 0, 25.00%, 0, 0, 1, 326.55, 114750, 2
358, 33, 0, 1, 0, 0, 25.00%, 0, 0, 1, 325.17, 116411, 2
363, 33, 0, 1, 0, 0, 25.00%, 0, 0, 1, 323.87, 118083, 2
368, 34, 0, 1, 0, 0, 25.00%, 0, 0, 1, 326.00, 119756, 2
370, 34, 0, 1, 0, 0, 25.00%, 1, 0, 1, 314.14, 120321, 2
