# relative_time, cycles_done, cur_item, corpus_count, pending_total, pending_favs, map_size, saved_crashes, saved_hangs, max_depth, execs_per_sec, total_execs, edges_found
61, 10, 0, 3, 0, 0, 32.26%, 0, 0, 2, 321.13, 20223, 10
66, 11, 0, 3, 0, 0, 32.26%, 0, 0, 2, 327.58, 21941, 10
71, 11, 0, 3, 0, 0, 32.26%, 0, 0, 2, 323.30, 23590, 10
77, 12, 2, 3, 0, 0, 32.26%, 0, 0, 2, 326.63, 25275, 10
82, 13, 2, 3, 0, 0, 32.26%, 0, 0, 2, 330.61, 26991, 10
87, 14, 0, 3, 0, 0, 32.26%, 0, 0, 2, 327.08, 28689, 10
92, 15, 2, 3, 0, 0, 32.26%, 0, 0, 2, 328.54, 30377, 10
97, 16, 0, 3, 0, 0, 32.26%, 0, 0, 2, 323.29, 32063, 10
102, 16, 0, 3, 0, 0, 32.26%, 0, 0, 2, 323.30, 33727, 10
108, 17, 0, 3, 0, 0, 32.26%, 0, 0, 2, 323.61, 35406, 10
113, 17, 0, 3, 0, 0, 32.26%, 0, 0, 2, 323.79, 37076, 10
118, 18, 0, 3, 0, 0, 32.26%, 0, 0, 2, 326.38, 38782, 10
123, 18, 0, 3, 0, 0, 32.26%, 0, 0, 2, 322.67, 40446, 10
128, 19, 2, 3, 0, 0, 32.26%, 0, 0, 2, 327.08, 42131, 10
133, 20, 2, 3, 0, 0, 32.26%, 0, 0, 2, 324.46, 43798, 10
138, 21, 2, 3, 0, 0, 32.26%, 0, 0, 2, 328.72, 45457, 10
144, 22, 2, 3, 0, 0, 32.26%, 0, 0, 2, 325.22, 47118, 10
148, 22, 0, 3, 0, 0, 32.26%, 1, 0, 2, 0.00, 48363, 10
