# relative_time, cycles_done, cur_item, corpus_count, pending_total, pending_favs, map_size, saved_crashes, saved_hangs, max_depth, execs_per_sec, total_execs, edges_found
61, 8, 0, 3, 0, 0, 30.43%, 0, 0, 2, 323.21, 19983, 7
66, 9, 0, 3, 0, 0, 30.43%, 0, 0, 2, 323.29, 21634, 7
71, 9, 2, 3, 0, 0, 30.43%, 0, 0, 2, 324.13, 23299, 7
76, 10, 0, 3, 0, 0, 30.43%, 0, 0, 2, 323.73, 24955, 7
82, 10, 2, 3, 0, 0, 30.43%, 0, 0, 2, 324.32, 26624, 7
87, 11, 2, 3, 0, 0, 30.43%, 0, 0, 2, 324.30, 28288, 7
92, 12, 0, 3, 0, 0, 30.43%, 0, 0, 2, 324.34, 29952, 7
97, 12, 0, 3, 0, 0, 30.43%, 0, 0, 2, 324.05, 31607, 7
102, 13, 2, 3, 0, 0, 30.43%, 0, 0, 2, 325.36, 33284, 7
107, 14, 2, 3, 0, 0, 30.43%, 0, 0, 2, 324.39, 34954, 7
112, 14, 2, 3, 0, 0, 30.43%, 0, 0, 2, 326.20, 36624, 7
117, 15, 2, 3, 0, 0, 30.43%, 0, 0, 2, 323.55, 38292, 7
123, 16, 2, 3, 0, 0, 30.43%, 0, 0, 2, 323.99, 39950, 7
128, 17, 0, 3, 0, 0, 30.43%, 0, 0, 2, 324.50, 41601, 7
133, 17, 2, 3, 0, 0, 30.43%, 0, 0, 2, 324.13, 43258, 7
134, 17, 2, 3, 0, 0, 30.43%, 1, 0, 2, 315.00, 43636, 7
