# relative_time, cycles_done, cur_item, corpus_count, pending_total, pending_favs, map_size, saved_crashes, saved_hangs, max_depth, execs_per_sec, total_execs, edges_found
60, 8, 2, 3, 0, 0, 30.43%, 0, 0, 2, 330.46, 20214, 7
65, 9, 2, 3, 0, 0, 30.43%, 0, 0, 2, 329.33, 21858, 7
71, 10, 2, 3, 0, 0, 30.43%, 0, 0, 2, 329.68, 23582, 7
76, 11, 2, 3, 0, 0, 30.43%, 0, 0, 2, 331.32, 25252, 7
81, 12, 2, 3, 0, 0, 30.43%, 0, 0, 2, 331.31, 26920, 7
86, 13, 2, 3, 0, 0, 30.43%, 0, 0, 2, 327.94, 28566, 7
91, 13, 2, 3, 0, 0, 30.43%, 0, 0, 2, 331.00, 30284, 7
96, 14, 2, 3, 0, 0, 30.43%, 0, 0, 2, 331.82, 31966, 7
101, 15, 2, 3, 0, 0, 30.43%, 0, 0, 2, 331.28, 33636, 7
106, 16, 2, 3, 0, 0, 30.43%, 0, 0, 2, 331.07, 35286, 7
111, 16, 2, 3, 0, 0, 30.43%, 0, 0, 2, 330.39, 36956, 7
116, 17, 2, 3, 0, 0, 30.43%, 0, 0, 2, 330.99, 38614, 7
121, 18, 2, 3, 0, 0, 30.43%, 0, 0, 2, 330.91, 40278, 7
126, 19, 2, 3, 0, 0, 30.43%, 0, 0, 2, 330.80, 41940, 7
131, 19, 2, 3, 0, 0, 30.43%, 0, 0, 2, 328.71, 43634, 7
136, 20, 2, 3, 0, 0, 30.43%, 0, 0, 2, 329.01, 45334, 7
141, 21, 2, 3, 0, 0, 30.43%, 0, 0, 2, 331.40, 46998, 7
147, 22, 2, 3, 0, 0, 30.43%, 0, 0, 2, 330.31, 48660, 7
152, 23, 2, 3, 0, 0, 30.43%, 0, 0, 2, 328.58, 50360, 7
157, 23, 0, 3, 0, 0, 30.43%, 1, 0, 2, 311.31, 51985, 7
