# relative_time, cycles_done, cur_item, corpus_count, pending_total, pending_favs, map_size, saved_crashes, saved_hangs, max_depth, execs_per_sec, total_execs, edges_found
61, 9, 0, 3, 0, 0, 36.00%, 0, 0, 2, 321.77, 19833, 9
67, 9, 0, 3, 0, 0, 36.00%, 0, 0, 2, 321.65, 21488, 9
72, 10, 0, 3, 0, 0, 36.00%, 0, 0, 2, 321.06, 23146, 9
77, 10, 2, 3, 0, 0, 36.00%, 0, 0, 2, 318.10, 24786, 9
82, 11, 0, 3, 0, 0, 36.00%, 0, 0, 2, 319.80, 26445, 9
87, 12, 0, 3, 0, 0, 36.00%, 0, 0, 2, 320.80, 28096, 9
92, 12, 0, 3, 0, 0, 36.00%, 0, 0, 2, 320.70, 29745, 9
97, 12, 0, 3, 0, 0, 36.00%, 0, 0, 2, 321.88, 31397, 9
103, 13, 0, 3, 0, 0, 36.00%, 0, 0, 2, 320.93, 33049, 9
108, 13, 2, 3, 0, 0, 36.00%, 0, 0, 2, 320.03, 34703, 9
113, 14, 2, 3, 0, 0, 36.00%, 0, 0, 2, 321.05, 36358, 9
118, 15, 2, 3, 0, 0, 36.00%, 0, 0, 2, 320.61, 38023, 9
123, 16, 2, 3, 0, 0, 36.00%, 0, 0, 2, 319.43, 39685, 9
128, 17, 0, 3, 0, 0, 36.00%, 0, 0, 2, 321.33, 41359, 9
134, 18, 0, 3, 0, 0, 36.00%, 0, 0, 2, 321.22, 43011, 9
139, 18, 0, 3, 0, 0, 36.00%, 0, 0, 2, 321.83, 44660, 9
144, 19, 0, 3, 0, 0, 36.00%, 0, 0, 2, 321.47, 46312, 9
149, 19, 2, 3, 0, 0, 36.00%, 0, 0, 2, 318.22, 47952, 9
154, 21, 1, 3, 0, 0, 36.00%, 0, 0, 2, 321.20, 49614, 9
159, 22, 2, 3, 0, 0, 36.00%, 0, 0, 2, 321.83, 51279, 9
165, 23, 0, 3, 0, 0, 36.00%, 0, 0, 2, 320.31, 52941, 9
170, 24, 2, 3, 0, 0, 36.00%, 0, 0, 2, 321.32, 54599, 9
175, 24, 0, 3, 0, 0, 36.00%, 0, 0, 2, 321.00, 56252, 9
180, 25, 2, 3, 0, 0, 36.00%, 0, 0, 2, 319.98, 57907, 9
185, 26, 0, 3, 0, 0, 36.00%, 0, 0, 2, 321.45, 59560, 9
190, 27, 0, 3, 0, 0, 36.00%, 0, 0, 2, 321.36, 61215, 9
195, 27, 0, 3, 0, 0, 36.00%, 0, 0, 2, 320.71, 62864, 9
201, 28, 0, 3, 0, 0, 36.00%, 0, 0, 2, 320.56, 64512, 9
206, 28, 2, 3, 0, 0, 36.00%, 0, 0, 2, 321.64, 66164, 9
211, 30, 2, 3, 0, 0, 36.00%, 0, 0, 2, 320.07, 67832, 9
216, 30, 0, 3, 0, 0, 36.00%, 0, 0, 2, 321.53, 69482, 9
221, 30, 0, 3, 0, 0, 36.00%, 0, 0, 2, 321.03, 71130, 9
226, 31, 0, 3, 0, 0, 36.00%, 0, 0, 2, 320.68, 72782, 9
232, 32, 2, 3, 0, 0, 36.00%, 0, 0, 2, 322.17, 74440, 9
237, 33, 0, 3, 0, 0, 36.00%, 0, 0, 2, 320.50, 76105, 9
242, 34, 2, 3, 0, 0, 36.00%, 0, 0, 2, 321.28, 77760, 9
247, 34, 0, 3, 0, 0, 36.00%, 0, 0, 2, 321.81, 79419, 9
252, 35, 0, 3, 0, 0, 36.00%, 0, 0, 2, 320.96, 81074, 9
257, 35, 0, 3, 0, 0, 36.00%, 0, 0, 2, 319.78, 82717, 9
263, 36, 0, 3, 0, 0, 36.00%, 0, 0, 2, 320.53, 84372, 9
268, 36, 0, 3, 0, 0, 36.00%, 0, 0, 2, 320.37, 86021, 9
273, 37, 2, 3, 0, 0, 36.00%, 0, 0, 2, 319.32, 87682, 9
278, 39, 0, 3, 0, 0, 36.00%, 0, 0, 2, 321.15, 89344, 9
283, 39, 0, 3, 0, 0, 36.00%, 0, 0, 2, 321.79, 90996, 9
288, 40, 0, 3, 0, 0, 36.00%, 0, 0, 2, 320.77, 92654, 9
294, 41, 2, 3, 0, 0, 36.00%, 0, 0, 2, 319.96, 94297, 9
299, 42, 0, 3, 0, 0, 36.00%, 0, 0, 2, 321.40, 95956, 9
304, 43, 2, 3, 0, 0, 36.00%, 0, 0, 2, 321.20, 97617, 9
309, 44, 2, 3, 0, 0, 36.00%, 0, 0, 2, 321.36, 99276, 9
314, 44, 0, 3, 0, 0, 36.00%, 0, 0, 2, 320.68, 100931, 9
319, 45, 2, 3, 0, 0, 36.00%, 0, 0, 2, 321.44, 102583, 9
324, 46, 0, 3, 0, 0, 36.00%, 0, 0, 2, 320.57, 104245, 9
330, 46, 2, 3, 0, 0, 36.00%, 0, 0, 2, 322.26, 105893, 9
335, 47, 0, 3, 0, 0, 36.00%, 0, 0, 2, 321.84, 107549, 9
340, 48, 2, 3, 0, 0, 36.00%, 0, 0, 2, 322.54, 109207, 9
345, 49, 2, 3, 0, 0, 36.00%, 0, 0, 2, 321.92, 110866, 9
350, 50, 2, 3, 0, 0, 36.00%, 0, 0, 2, 320.76, 112521, 9
355, 51, 2, 3, 0, 0, 36.00%, 0, 0, 2, 322.07, 114186, 9
361, 52, 2, 3, 0, 0, 36.00%, 0, 0, 2, 321.96, 115842, 9
366, 53, 1, 3, 0, 0, 36.00%, 0, 0, 2, 320.55, 117510, 9
371, 54, 2, 3, 0, 0, 36.00%, 0, 0, 2, 321.39, 119175, 9
376, 55, 0, 3, 0, 0, 36.00%, 0, 0, 2, 320.89, 120831, 9
381, 56, 2, 3, 0, 0, 36.00%, 0, 0, 2, 321.44, 122495, 9
386, 57, 2, 3, 0, 0, 36.00%, 0, 0, 2, 319.85, 124138, 9
392, 57, 0, 3, 0, 0, 36.00%, 0, 0, 2, 319.95, 125797, 9
397, 58, 2, 3, 0, 0, 36.00%, 0, 0, 2, 320.49, 127451, 9
402, 59, 2, 3, 0, 0, 36.00%, 0, 0, 2, 321.93, 129113, 9
407, 59, 2, 3, 0, 0, 36.00%, 0, 0, 2, 321.07, 130765, 9
412, 61, 0, 3, 0, 0, 36.00%, 0, 0, 2, 321.29, 132433, 9
417, 61, 2, 3, 0, 0, 36.00%, 0, 0, 2, 321.73, 134091, 9
423, 62, 2, 3, 0, 0, 36.00%, 0, 0, 2, 320.69, 135759, 9
428, 63, 0, 3, 0, 0, 36.00%, 0, 0, 2, 321.40, 137424, 9
433, 64, 2, 3, 0, 0, 36.00%, 0, 0, 2, 320.80, 139085, 9
438, 65, 2, 3, 0, 0, 36.00%, 0, 0, 2, 319.87, 140741, 9
443, 67, 2, 3, 0, 0, 36.00%, 0, 0, 2, 321.09, 142406, 9
449, 68, 0, 3, 0, 0, 36.00%, 0, 0, 2, 320.75, 144065, 9
454, 68, 0, 3, 0, 0, 36.00%, 0, 0, 2, 320.27, 145717, 9
459, 69, 2, 3, 0, 0, 36.00%, 0, 0, 2, 321.70, 147366, 9
464, 70, 2, 3, 0, 0, 36.00%, 0, 0, 2, 320.75, 149021, 9
469, 71, 0, 3, 0, 0, 36.00%, 0, 0, 2, 320.34, 150686, 9
474, 72, 2, 3, 0, 0, 36.00%, 0, 0, 2, 321.57, 152341, 9
479, 72, 0, 3, 0, 0, 36.00%, 0, 0, 2, 321.81, 154003, 9
485, 73, 0, 3, 0, 0, 36.00%, 0, 0, 2, 321.28, 155673, 9
490, 74, 0, 3, 0, 0, 36.00%, 0, 0, 2, 321.24, 157328, 9
495, 74, 0, 3, 0, 0, 36.00%, 0, 0, 2, 320.55, 158980, 9
500, 74, 0, 3, 0, 0, 36.00%, 0, 0, 2, 320.85, 160629, 9
505, 75, 0, 3, 0, 0, 36.00%, 0, 0, 2, 321.77, 162284, 9
510, 75, 0, 3, 0, 0, 36.00%, 0, 0, 2, 319.55, 163930, 9
516, 76, 2, 3, 0, 0, 36.00%, 0, 0, 2, 320.97, 165587, 9
521, 77, 0, 3, 0, 0, 36.00%, 0, 0, 2, 321.08, 167246, 9
525, 77, 0, 3, 0, 0, 36.00%, 1, 0, 2, 54.22, 168646, 9
