# relative_time, cycles_done, cur_item, corpus_count, pending_total, pending_favs, map_size, saved_crashes, saved_hangs, max_depth, execs_per_sec, total_execs, edges_found
61, 4, 2, 3, 0, 0, 30.43%, 0, 0, 2, 322.36, 19864, 7
66, 5, 2, 3, 0, 0, 30.43%, 0, 0, 2, 322.51, 21516, 7
71, 5, 2, 3, 0, 0, 30.43%, 0, 0, 2, 322.69, 23162, 7
76, 6, 0, 3, 0, 0, 30.43%, 0, 0, 2, 321.43, 24807, 7
81, 6, 2, 3, 0, 0, 30.43%, 0, 0, 2, 322.78, 26463, 7
86, 7, 2, 3, 0, 0, 30.43%, 0, 0, 2, 323.21, 28121, 7
92, 7, 0, 3, 0, 0, 30.43%, 0, 0, 2, 321.59, 29773, 7
97, 8, 2, 3, 0, 0, 30.43%, 0, 0, 2, 322.22, 31428, 7
102, 8, 2, 3, 0, 0, 30.43%, 0, 0, 2, 323.46, 33078, 7
107, 8, 0, 3, 0, 0, 30.43%, 0, 0, 2, 323.05, 34729, 7
112, 9, 2, 3, 0, 0, 30.43%, 0, 0, 2, 323.08, 36385, 7
117, 9, 2, 3, 0, 0, 30.43%, 0, 0, 2, 323.49, 38037, 7
122, 9, 0, 3, 0, 0, 30.43%, 0, 0, 2, 323.19, 39694, 7
127, 10, 2, 3, 0, 0, 30.43%, 1, 0, 2, 315.25, 41132, 7
