# relative_time, cycles_done, cur_item, corpus_count, pending_total, pending_favs, map_size, saved_crashes, saved_hangs, max_depth, execs_per_sec, total_execs, edges_found
61, 8, 2, 3, 0, 0, 30.43%, 0, 0, 2, 329.47, 20303, 7
66, 9, 2, 3, 0, 0, 30.43%, 0, 0, 2, 331.81, 21973, 7
71, 10, 2, 3, 0, 0, 30.43%, 0, 0, 2, 332.22, 23637, 7
76, 10, 2, 3, 0, 0, 30.43%, 0, 0, 2, 331.64, 25359, 7
81, 11, 2, 3, 0, 0, 30.43%, 0, 0, 2, 331.90, 27083, 7
86, 12, 2, 3, 0, 0, 30.43%, 0, 0, 2, 324.82, 28754, 7
91, 12, 2, 3, 0, 0, 30.43%, 0, 0, 2, 329.89, 30416, 7
96, 13, 2, 3, 0, 0, 30.43%, 0, 0, 2, 331.81, 32092, 7
101, 14, 0, 3, 0, 0, 30.43%, 0, 0, 2, 326.04, 33784, 7
106, 14, 2, 3, 0, 0, 30.43%, 0, 0, 2, 329.27, 35431, 7
112, 15, 2, 3, 0, 0, 30.43%, 0, 0, 2, 329.83, 37143, 7
117, 16, 1, 3, 0, 0, 30.43%, 0, 0, 2, 331.09, 38819, 7
122, 17, 2, 3, 0, 0, 30.43%, 0, 0, 2, 326.70, 40480, 7
127, 17, 2, 3, 0, 0, 30.43%, 0, 0, 2, 328.54, 42126, 7
132, 18, 2, 3, 0, 0, 30.43%, 0, 0, 2, 326.55, 43819, 7
137, 19, 2, 3, 0, 0, 30.43%, 0, 0, 2, 330.10, 45483, 7
142, 20, 2, 3, 0, 0, 30.43%, 0, 0, 2, 330.03, 47201, 7
147, 20, 2, 3, 0, 0, 30.43%, 0, 0, 2, 331.12, 48869, 7
152, 21, 2, 3, 0, 0, 30.43%, 0, 0, 2, 331.02, 50539, 7
157, 22, 2, 3, 0, 0, 30.43%, 0, 0, 2, 331.31, 52197, 7
162, 23, 2, 3, 0, 0, 30.43%, 0, 0, 2, 331.83, 53873, 7
168, 23, 2, 3, 0, 0, 30.43%, 0, 0, 2, 325.77, 55542, 7
173, 24, 2, 3, 0, 0, 30.43%, 0, 0, 2, 328.88, 57200, 7
178, 25, 2, 3, 0, 0, 30.43%, 0, 0, 2, 330.63, 58874, 7
183, 26, 2, 3, 0, 0, 30.43%, 0, 0, 2, 332.05, 60556, 7
188, 26, 2, 3, 0, 0, 30.43%, 0, 0, 2, 325.32, 62231, 7
193, 27, 2, 3, 0, 0, 30.43%, 0, 0, 2, 329.02, 63949, 7
198, 28, 2, 3, 0, 0, 30.43%, 0, 0, 2, 330.01, 65667, 7
203, 28, 0, 3, 0, 0, 30.43%, 0, 0, 2, 325.49, 67347, 7
209, 29, 2, 3, 0, 0, 30.43%, 0, 0, 2, 326.88, 69036, 7
214, 30, 2, 3, 0, 0, 30.43%, 0, 0, 2, 328.27, 70754, 7
219, 30, 2, 3, 0, 0, 30.43%, 0, 0, 2, 330.60, 72418, 7
224, 31, 2, 3, 0, 0, 30.43%, 0, 0, 2, 330.33, 74074, 7
229, 32, 2, 3, 0, 0, 30.43%, 0, 0, 2, 328.62, 75786, 7
234, 33, 0, 3, 0, 0, 30.43%, 0, 0, 2, 325.93, 77470, 7
239, 33, 0, 3, 0, 0, 30.43%, 0, 0, 2, 327.71, 79167, 7
245, 34, 2, 3, 0, 0, 30.43%, 0, 0, 2, 326.37, 80842, 7
250, 35, 2, 3, 0, 0, 30.43%, 0, 0, 2, 329.97, 82504, 7
255, 35, 2, 3, 0, 0, 30.43%, 0, 0, 2, 326.79, 84187, 7
260, 36, 2, 3, 0, 0, 30.43%, 0, 0, 2, 329.44, 85861, 7
265, 37, 2, 3, 0, 0, 30.43%, 0, 0, 2, 331.05, 87519, 7
270, 37, 2, 3, 0, 0, 30.43%, 0, 0, 2, 331.94, 89249, 7
275, 38, 2, 3, 0, 0, 30.43%, 0, 0, 2, 331.67, 90967, 7
280, 39, 2, 3, 0, 0, 30.43%, 0, 0, 2, 332.37, 92631, 7
285, 40, 2, 3, 0, 0, 30.43%, 0, 0, 2, 330.21, 94287, 7
290, 41, 2, 3, 0, 0, 30.43%, 0, 0, 2, 330.18, 96005, 7
296, 42, 2, 3, 0, 0, 30.43%, 0, 0, 2, 329.82, 97723, 7
301, 43, 2, 3, 0, 0, 30.43%, 0, 0, 2, 329.27, 99429, 7
306, 43, 2, 3, 0, 0, 30.43%, 0, 0, 2, 331.53, 101115, 7
311, 44, 2, 3, 0, 0, 30.43%, 0, 0, 2, 325.85, 102786, 7
316, 44, 2, 3, 0, 0, 30.43%, 0, 0, 2, 330.13, 104454, 7
321, 45, 2, 3, 0, 0, 30.43%, 0, 0, 2, 329.03, 106148, 7
326, 46, 2, 3, 0, 0, 30.43%, 0, 0, 2, 325.54, 107823, 7
331, 47, 2, 3, 0, 0, 30.43%, 0, 0, 2, 330.45, 109493, 7
337, 48, 1, 3, 0, 0, 30.43%, 0, 0, 2, 330.73, 111205, 7
342, 48, 2, 3, 0, 0, 30.43%, 0, 0, 2, 327.30, 112878, 7
347, 49, 2, 3, 0, 0, 30.43%, 0, 0, 2, 324.48, 114555, 7
352, 49, 2, 3, 0, 0, 30.43%, 0, 0, 2, 328.10, 116253, 7
357, 50, 2, 3, 0, 0, 30.43%, 0, 0, 2, 328.77, 117905, 7
362, 51, 2, 3, 0, 0, 30.43%, 0, 0, 2, 331.13, 119575, 7
367, 52, 2, 3, 0, 0, 30.43%, 0, 0, 2, 330.32, 121279, 7
372, 53, 2, 3, 0, 0, 30.43%, 0, 0, 2, 331.36, 122937, 7
377, 54, 2, 3, 0, 0, 30.43%, 0, 0, 2, 330.75, 124595, 7
382, 54, 0, 3, 0, 0, 30.43%, 0, 0, 2, 328.23, 126305, 7
388, 55, 0, 3, 0, 0, 30.43%, 0, 0, 2, 324.34, 127962, 7
393, 55, 0, 3, 0, 0, 30.43%, 0, 0, 2, 323.24, 129617, 7
398, 56, 2, 3, 0, 0, 30.43%, 0, 0, 2, 328.95, 131288, 7
403, 57, 2, 3, 0, 0, 30.43%, 0, 0, 2, 331.62, 132964, 7
408, 57, 0, 3, 0, 0, 30.43%, 0, 0, 2, 329.15, 134670, 7
412, 58, 2, 3, 0, 0, 30.43%, 1, 0, 2, 318.17, 135986, 7
