# relative_time, cycles_done, cur_item, corpus_count, pending_total, pending_favs, map_size, saved_crashes, saved_hangs, max_depth, execs_per_sec, total_execs, edges_found
61, 8, 0, 3, 0, 0, 36.00%, 0, 0, 2, 319.83, 19678, 9
67, 8, 2, 3, 0, 0, 36.00%, 0, 0, 2, 318.55, 21320, 9
72, 9, 0, 3, 0, 0, 36.00%, 0, 0, 2, 319.68, 22982, 9
77, 9, 0, 3, 0, 0, 36.00%, 0, 0, 2, 319.17, 24631, 9
82, 10, 0, 3, 0, 0, 36.00%, 0, 0, 2, 320.01, 26279, 9
87, 10, 2, 3, 0, 0, 36.00%, 0, 0, 2, 319.44, 27928, 9
92, 11, 2, 3, 0, 0, 36.00%, 0, 0, 2, 320.02, 29580, 9
97, 12, 2, 3, 0, 0, 36.00%, 0, 0, 2, 318.75, 31176, 9
103, 13, 0, 3, 0, 0, 36.00%, 0, 0, 2, 319.25, 32832, 9
108, 13, 0, 3, 0, 0, 36.00%, 0, 0, 2, 318.46, 34430, 9
113, 14, 0, 3, 0, 0, 36.00%, 0, 0, 2, 318.19, 36076, 9
118, 14, 2, 3, 0, 0, 36.00%, 0, 0, 2, 319.13, 37724, 9
122, 15, 2, 3, 0, 0, 36.00%, 1, 0, 2, 309.69, 38955, 9
