# relative_time, cycles_done, cur_item, corpus_count, pending_total, pending_favs, map_size, saved_crashes, saved_hangs, max_depth, execs_per_sec, total_execs, edges_found
61, 7, 0, 3, 0, 0, 30.43%, 0, 0, 2, 323.39, 19950, 7
66, 8, 2, 3, 0, 0, 30.43%, 0, 0, 2, 325.29, 21609, 7
71, 9, 2, 3, 0, 0, 30.43%, 0, 0, 2, 324.33, 23267, 7
76, 10, 2, 3, 0, 0, 30.43%, 0, 0, 2, 324.55, 24931, 7
81, 10, 2, 3, 0, 0, 30.43%, 0, 0, 2, 325.83, 26601, 7
87, 11, 2, 3, 0, 0, 30.43%, 0, 0, 2, 323.45, 28263, 7
92, 12, 0, 3, 0, 0, 30.43%, 0, 0, 2, 325.37, 29933, 7
97, 13, 2, 3, 0, 0, 30.43%, 0, 0, 2, 323.75, 31578, 7
102, 13, 2, 3, 0, 0, 30.43%, 0, 0, 2, 324.78, 33240, 7
107, 14, 2, 3, 0, 0, 30.43%, 0, 0, 2, 325.47, 34904, 7
112, 15, 2, 3, 0, 0, 30.43%, 0, 0, 2, 324.13, 36568, 7
117, 15, 2, 3, 0, 0, 30.43%, 0, 0, 2, 324.16, 38225, 7
122, 16, 2, 3, 0, 0, 30.43%, 0, 0, 2, 323.48, 39883, 7
128, 17, 2, 3, 0, 0, 30.43%, 0, 0, 2, 323.87, 41540, 7
133, 17, 2, 3, 0, 0, 30.43%, 0, 0, 2, 325.20, 43210, 7
138, 18, 2, 3, 0, 0, 30.43%, 0, 0, 2, 324.70, 44884, 7
143, 19, 2, 3, 0, 0, 30.43%, 0, 0, 2, 324.03, 46542, 7
148, 20, 2, 3, 0, 0, 30.43%, 0, 0, 2, 323.45, 48194, 7
153, 20, 2, 3, 0, 0, 30.43%, 0, 0, 2, 320.79, 49834, 7
158, 21, 2, 3, 0, 0, 30.43%, 0, 0, 2, 323.85, 51496, 7
163, 22, 0, 3, 0, 0, 30.43%, 0, 0, 2, 324.98, 53164, 7
169, 23, 2, 3, 0, 0, 30.43%, 0, 0, 2, 323.08, 54823, 7
174, 23, 2, 3, 0, 0, 30.43%, 0, 0, 2, 322.90, 56487, 7
179, 24, 2, 3, 0, 0, 30.43%, 0, 0, 2, 323.54, 58149, 7
184, 25, 2, 3, 0, 0, 30.43%, 0, 0, 2, 324.57, 59807, 7
189, 25, 0, 3, 0, 0, 30.43%, 0, 0, 2, 324.26, 61461, 7
194, 26, 2, 3, 0, 0, 30.43%, 0, 0, 2, 324.63, 63140, 7
199, 26, 0, 3, 0, 0, 30.43%, 0, 0, 2, 325.76, 64806, 7
204, 27, 2, 3, 0, 0, 30.43%, 0, 0, 2, 323.71, 66460, 7
210, 28, 2, 3, 0, 0, 30.43%, 0, 0, 2, 322.88, 68124, 7
215, 28, 2, 3, 0, 0, 30.43%, 0, 0, 2, 321.83, 69776, 7
220, 29, 2, 3, 0, 0, 30.43%, 0, 0, 2, 323.38, 71440, 7
225, 30, 2, 3, 0, 0, 30.43%, 0, 0, 2, 324.24, 73102, 7
230, 31, 2, 3, 0, 0, 30.43%, 0, 0, 2, 324.54, 74764, 7
235, 32, 2, 3, 0, 0, 30.43%, 0, 0, 2, 323.19, 76428, 7
240, 33, 2, 3, 0, 0, 30.43%, 0, 0, 2, 323.11, 78078, 7
245, 34, 2, 3, 0, 0, 30.43%, 0, 0, 2, 323.88, 79736, 7
251, 34, 2, 3, 0, 0, 30.43%, 0, 0, 2, 323.73, 81394, 7
256, 35, 0, 3, 0, 0, 30.43%, 0, 0, 2, 324.57, 83048, 7
261, 36, 2, 3, 0, 0, 30.43%, 0, 0, 2, 324.09, 84721, 7
266, 36, 2, 3, 0, 0, 30.43%, 0, 0, 2, 325.23, 86385, 7
271, 37, 2, 3, 0, 0, 30.43%, 0, 0, 2, 325.03, 88041, 7
276, 37, 0, 3, 0, 0, 30.43%, 0, 0, 2, 324.72, 89704, 7
281, 38, 2, 3, 0, 0, 30.43%, 0, 0, 2, 324.42, 91357, 7
286, 39, 2, 3, 0, 0, 30.43%, 0, 0, 2, 323.39, 93013, 7
292, 40, 2, 3, 0, 0, 30.43%, 0, 0, 2, 323.89, 94683, 7
297, 41, 2, 3, 0, 0, 30.43%, 0, 0, 2, 324.29, 96347, 7
302, 41, 2, 3, 0, 0, 30.43%, 0, 0, 2, 325.32, 98021, 7
307, 42, 2, 3, 0, 0, 30.43%, 0, 0, 2, 324.03, 99677, 7
312, 43, 2, 3, 0, 0, 30.43%, 0, 0, 2, 324.99, 101354, 7
317, 44, 2, 3, 0, 0, 30.43%, 0, 0, 2, 325.10, 103010, 7
322, 44, 2, 3, 0, 0, 30.43%, 0, 0, 2, 324.35, 104668, 7
327, 45, 2, 3, 0, 0, 30.43%, 0, 0, 2, 323.40, 106332, 7
333, 46, 0, 3, 0, 0, 30.43%, 0, 0, 2, 323.72, 107980, 7
338, 46, 2, 3, 0, 0, 30.43%, 0, 0, 2, 324.30, 109635, 7
343, 47, 2, 3, 0, 0, 30.43%, 0, 0, 2, 323.51, 111297, 7
348, 48, 2, 3, 0, 0, 30.43%, 0, 0, 2, 324.84, 112967, 7
353, 49, 2, 3, 0, 0, 30.43%, 0, 0, 2, 323.13, 114631, 7
358, 49, 0, 3, 0, 0, 30.43%, 0, 0, 2, 324.08, 116289, 7
363, 50, 2, 3, 0, 0, 30.43%, 0, 0, 2, 323.26, 117946, 7
368, 51, 2, 3, 0, 0, 30.43%, 0, 0, 2, 323.09, 119596, 7
374, 51, 0, 3, 0, 0, 30.43%, 0, 0, 2, 323.84, 121254, 7
379, 52, 2, 3, 0, 0, 30.43%, 0, 0, 2, 323.08, 122917, 7
384, 53, 2, 3, 0, 0, 30.43%, 0, 0, 2, 324.49, 124581, 7
389, 54, 2, 3, 0, 0, 30.43%, 0, 0, 2, 324.69, 126243, 7
394, 55, 2, 3, 0, 0, 30.43%, 0, 0, 2, 324.69, 127907, 7
399, 55, 0, 3, 0, 0, 30.43%, 0, 0, 2, 324.69, 129561, 7
404, 56, 0, 3, 0, 0, 30.43%, 0, 0, 2, 324.16, 131238, 7
409, 56, 2, 3, 0, 0, 30.43%, 0, 0, 2, 324.38, 132903, 7
415, 57, 2, 3, 0, 0, 30.43%, 0, 0, 2, 323.36, 134567, 7
420, 58, 2, 3, 0, 0, 30.43%, 0, 0, 2, 322.90, 136225, 7
425, 58, 2, 3, 0, 0, 30.43%, 0, 0, 2, 324.52, 137887, 7
430, 59, 0, 3, 0, 0, 30.43%, 0, 0, 2, 324.98, 139541, 7
435, 60, 2, 3, 0, 0, 30.43%, 0, 0, 2, 323.84, 141202, 7
440, 60, 0, 3, 0, 0, 30.43%, 0, 0, 2, 325.15, 142856, 7
445, 60, 2, 3, 0, 0, 30.43%, 0, 0, 2, 324.12, 144510, 7
450, 62, 2, 3, 0, 0, 30.43%, 0, 0, 2, 325.52, 146168, 7
456, 62, 2, 3, 0, 0, 30.43%, 0, 0, 2, 324.99, 147836, 7
461, 63, 2, 3, 0, 0, 30.43%, 0, 0, 2, 323.38, 149494, 7
466, 64, 2, 3, 0, 0, 30.43%, 0, 0, 2, 325.01, 151162, 7
471, 65, 2, 3, 0, 0, 30.43%, 0, 0, 2, 323.68, 152820, 7
476, 66, 2, 3, 0, 0, 30.43%, 0, 0, 2, 324.06, 154478, 7
481, 67, 2, 3, 0, 0, 30.43%, 0, 0, 2, 323.26, 156136, 7
486, 67, 2, 3, 0, 0, 30.43%, 0, 0, 2, 323.62, 157798, 7
491, 68, 2, 3, 0, 0, 30.43%, 0, 0, 2, 324.56, 159468, 7
497, 69, 2, 3, 0, 0, 30.43%, 0, 0, 2, 325.08, 161126, 7
502, 70, 2, 3, 0, 0, 30.43%, 0, 0, 2, 324.38, 162778, 7
507, 70, 0, 3, 0, 0, 30.43%, 0, 0, 2, 325.29, 164426, 7
512, 70, 0, 3, 0, 0, 30.43%, 0, 0, 2, 324.94, 166095, 7
517, 71, 2, 3, 0, 0, 30.43%, 0, 0, 2, 315.83, 167714, 7
522, 72, 2, 3, 0, 0, 30.43%, 0, 0, 2, 322.95, 169388, 7
527, 73, 2, 3, 0, 0, 30.43%, 0, 0, 2, 323.86, 171046, 7
532, 73, 2, 3, 0, 0, 30.43%, 0, 0, 2, 324.13, 172716, 7
538, 74, 2, 3, 0, 0, 30.43%, 0, 0, 2, 324.81, 174379, 7
543, 74, 2, 3, 0, 0, 30.43%, 0, 0, 2, 324.70, 176042, 7
548, 75, 2, 3, 0, 0, 30.43%, 0, 0, 2, 323.87, 177712, 7
553, 76, 0, 3, 0, 0, 30.43%, 0, 0, 2, 323.75, 179374, 7
558, 76, 2, 3, 0, 0, 30.43%, 0, 0, 2, 325.21, 181027, 7
563, 77, 0, 3, 0, 0, 30.43%, 0, 0, 2, 324.01, 182689, 7
568, 78, 2, 3, 0, 0, 30.43%, 0, 0, 2, 324.90, 184340, 7
573, 79, 2, 3, 0, 0, 30.43%, 0, 0, 2, 324.42, 186010, 7
579, 79, 2, 3, 0, 0, 30.43%, 0, 0, 2, 323.50, 187661, 7
584, 80, 2, 3, 0, 0, 30.43%, 0, 0, 2, 323.64, 189325, 7
589, 80, 2, 3, 0, 0, 30.43%, 0, 0, 2, 324.01, 190987, 7
594, 81, 2, 3, 0, 0, 30.43%, 0, 0, 2, 323.16, 192639, 7
599, 82, 1, 3, 0, 0, 30.43%, 0, 0, 2, 323.75, 194302, 7
604, 83, 0, 3, 0, 0, 30.43%, 0, 0, 2, 323.71, 195963, 7
609, 84, 2, 3, 0, 0, 30.43%, 0, 0, 2, 322.56, 197622, 7
614, 84, 2, 3, 0, 0, 30.43%, 0, 0, 2, 323.34, 199285, 7
620, 85, 2, 3, 0, 0, 30.43%, 0, 0, 2, 322.35, 200937, 7
625, 85, 2, 3, 0, 0, 30.43%, 0, 0, 2, 323.20, 202588, 7
630, 86, 2, 3, 0, 0, 30.43%, 0, 0, 2, 322.85, 204244, 7
635, 87, 2, 3, 0, 0, 30.43%, 0, 0, 2, 323.15, 205902, 7
640, 88, 2, 3, 0, 0, 30.43%, 0, 0, 2, 319.61, 207555, 7
645, 88, 0, 3, 0, 0, 30.43%, 0, 0, 2, 319.85, 209211, 7
650, 89, 2, 3, 0, 0, 30.43%, 0, 0, 2, 323.85, 210882, 7
656, 90, 2, 3, 0, 0, 30.43%, 0, 0, 2, 321.09, 212532, 7
661, 90, 0, 3, 0, 0, 30.43%, 0, 0, 2, 322.86, 214183, 7
666, 90, 0, 3, 0, 0, 30.43%, 0, 0, 2, 324.44, 215838, 7
671, 91, 2, 3, 0, 0, 30.43%, 0, 0, 2, 324.51, 217491, 7
676, 92, 0, 3, 0, 0, 30.43%, 0, 0, 2, 323.36, 219149, 7
681, 92, 2, 3, 0, 0, 30.43%, 0, 0, 2, 323.07, 220800, 7
686, 93, 0, 3, 0, 0, 30.43%, 0, 0, 2, 324.30, 222454, 7
691, 94, 2, 3, 0, 0, 30.43%, 0, 0, 2, 322.46, 224109, 7
697, 94, 2, 3, 0, 0, 30.43%, 0, 0, 2, 323.49, 225767, 7
702, 95, 2, 3, 0, 0, 30.43%, 0, 0, 2, 323.40, 227425, 7
707, 96, 2, 3, 0, 0, 30.43%, 0, 0, 2, 323.18, 229087, 7
712, 97, 2, 3, 0, 0, 30.43%, 0, 0, 2, 323.56, 230745, 7
717, 97, 0, 3, 0, 0, 30.43%, 0, 0, 2, 322.52, 232403, 7
722, 98, 2, 3, 0, 0, 30.43%, 0, 0, 2, 323.55, 234054, 7
727, 99, 2, 3, 0, 0, 30.43%, 0, 0, 2, 323.56, 235712, 7
732, 99, 2, 3, 0, 0, 30.43%, 0, 0, 2, 322.80, 237368, 7
738, 100, 2, 3, 0, 0, 30.43%, 0, 0, 2, 324.16, 239032, 7
743, 101, 0, 3, 0, 0, 30.43%, 0, 0, 2, 322.76, 240694, 7
748, 101, 2, 3, 0, 0, 30.43%, 0, 0, 2, 322.94, 242353, 7
753, 102, 2, 3, 0, 0, 30.43%, 0, 0, 2, 324.02, 244015, 7
758, 103, 2, 3, 0, 0, 30.43%, 0, 0, 2, 324.06, 245673, 7
763, 104, 2, 3, 0, 0, 30.43%, 0, 0, 2, 322.57, 247343, 7
768, 105, 2, 3, 0, 0, 30.43%, 0, 0, 2, 322.73, 248995, 7
774, 105, 2, 3, 0, 0, 30.43%, 0, 0, 2, 321.26, 250653, 7
779, 106, 2, 3, 0, 0, 30.43%, 0, 0, 2, 322.97, 252309, 7
784, 107, 2, 3, 0, 0, 30.43%, 0, 0, 2, 321.98, 253973, 7
789, 108, 2, 3, 0, 0, 30.43%, 0, 0, 2, 322.91, 255631, 7
794, 108, 2, 3, 0, 0, 30.43%, 0, 0, 2, 323.89, 257301, 7
799, 109, 2, 3, 0, 0, 30.43%, 0, 0, 2, 322.88, 258957, 7
804, 110, 2, 3, 0, 0, 30.43%, 0, 0, 2, 321.30, 260615, 7
810, 111, 0, 3, 0, 0, 30.43%, 0, 0, 2, 322.30, 262271, 7
815, 111, 0, 3, 0, 0, 30.43%, 0, 0, 2, 320.22, 263914, 7
820, 112, 2, 3, 0, 0, 30.43%, 0, 0, 2, 321.88, 265569, 7
825, 112, 2, 3, 0, 0, 30.43%, 0, 0, 2, 324.29, 267231, 7
830, 113, 2, 3, 0, 0, 30.43%, 0, 0, 2, 323.05, 268890, 7
835, 114, 2, 3, 0, 0, 30.43%, 0, 0, 2, 323.07, 270540, 7
840, 114, 0, 3, 0, 0, 30.43%, 0, 0, 2, 323.50, 272194, 7
845, 115, 2, 3, 0, 0, 30.43%, 0, 0, 2, 322.83, 273855, 7
851, 115, 2, 3, 0, 0, 30.43%, 0, 0, 2, 323.61, 275512, 7
856, 116, 2, 3, 0, 0, 30.43%, 0, 0, 2, 322.91, 277170, 7
861, 117, 2, 3, 0, 0, 30.43%, 0, 0, 2, 322.53, 278834, 7
866, 118, 2, 3, 0, 0, 30.43%, 0, 0, 2, 323.53, 280490, 7
871, 118, 0, 3, 0, 0, 30.43%, 0, 0, 2, 323.78, 282148, 7
876, 119, 2, 3, 0, 0, 30.43%, 0, 0, 2, 323.10, 283799, 7
881, 120, 2, 3, 0, 0, 30.43%, 0, 0, 2, 324.13, 285469, 7
887, 120, 2, 3, 0, 0, 30.43%, 0, 0, 2, 322.87, 287121, 7
892, 121, 2, 3, 0, 0, 30.43%, 0, 0, 2, 324.28, 288778, 7
897, 122, 2, 3, 0, 0, 30.43%, 0, 0, 2, 323.44, 290436, 7
900, 122, 2, 3, 0, 0, 30.43%, 1, 0, 2, 312.09, 291329, 7
