# relative_time, cycles_done, cur_item, corpus_count, pending_total, pending_favs, map_size, saved_crashes, saved_hangs, max_depth, execs_per_sec, total_execs, edges_found
61, 5, 0, 1, 0, 0, 25.00%, 0, 0, 1, 325.35, 19989, 2
66, 6, 0, 1, 0, 0, 25.00%, 0, 0, 1, 324.99, 21649, 2
71, 6, 0, 1, 0, 0, 25.00%, 0, 0, 1, 324.43, 23304, 2
76, 7, 0, 1, 0, 0, 25.00%, 0, 0, 1, 324.21, 24958, 2
81, 7, 0, 1, 0, 0, 25.00%, 0, 0, 1, 324.51, 26625, 2
86, 8, 0, 1, 0, 0, 25.00%, 0, 0, 1, 324.47, 28280, 2
92, 8, 0, 1, 0, 0, 25.00%, 0, 0, 1, 324.65, 29946, 2
97, 9, 0, 1, 0, 0, 25.00%, 0, 0, 1, 324.87, 31619, 2
102, 9, 0, 1, 0, 0, 25.00%, 0, 0, 1, 323.64, 33279, 2
107, 10, 0, 1, 0, 0, 25.00%, 0, 0, 1, 324.72, 34928, 2
112, 10, 0, 1, 0, 0, 25.00%, 0, 0, 1, 324.99, 36583, 2
117, 11, 0, 1, 0, 0, 25.00%, 0, 0, 1, 324.00, 38231, 2
122, 11, 0, 1, 0, 0, 25.00%, 0, 0, 1, 325.98, 39910, 2
127, 12, 0, 1, 0, 0, 25.00%, 0, 0, 1, 326.33, 41576, 2
133, 12, 0, 1, 0, 0, 25.00%, 0, 0, 1, 321.75, 43225, 2
138, 12, 0, 1, 0, 0, 25.00%, 0, 0, 1, 324.92, 44886, 2
142, 13, 0, 1, 0, 0, 25.00%, 1, 0, 1, 311.38, 46386, 2
