# relative_time, cycles_done, cur_item, corpus_count, pending_total, pending_favs, map_size, saved_crashes, saved_hangs, max_depth, execs_per_sec, total_execs, edges_found
61, 5, 0, 1, 0, 0, 25.00%, 0, 0, 1, 325.01, 20073, 2
66, 6, 0, 1, 0, 0, 25.00%, 0, 0, 1, 324.26, 21733, 2
71, 6, 0, 1, 0, 0, 25.00%, 0, 0, 1, 325.75, 23406, 2
76, 7, 0, 1, 0, 0, 25.00%, 0, 0, 1, 325.52, 25084, 2
82, 7, 0, 1, 0, 0, 25.00%, 0, 0, 1, 324.11, 26739, 2
87, 8, 0, 1, 0, 0, 25.00%, 0, 0, 1, 324.03, 28400, 2
92, 8, 0, 1, 0, 0, 25.00%, 0, 0, 1, 325.21, 30066, 2
97, 9, 0, 1, 0, 0, 25.00%, 0, 0, 1, 326.34, 31745, 2
102, 9, 0, 1, 0, 0, 25.00%, 0, 0, 1, 325.66, 33405, 2
107, 10, 0, 1, 0, 0, 25.00%, 0, 0, 1, 325.94, 35066, 2
112, 10, 0, 1, 0, 0, 25.00%, 0, 0, 1, 326.95, 36756, 2
117, 11, 0, 1, 0, 0, 25.00%, 0, 0, 1, 324.17, 38411, 2
123, 11, 0, 1, 0, 0, 25.00%, 0, 0, 1, 324.78, 40072, 2
128, 12, 0, 1, 0, 0, 25.00%, 0, 0, 1, 325.58, 41750, 2
133, 12, 0, 1, 0, 0, 25.00%, 0, 0, 1, 325.18, 43417, 2
138, 13, 0, 1, 0, 0, 25.00%, 0, 0, 1, 326.35, 45107, 2
143, 13, 0, 1, 0, 0, 25.00%, 0, 0, 1, 324.78, 46774, 2
148, 14, 0, 1, 0, 0, 25.00%, 0, 0, 1, 325.80, 48446, 2
153, 14, 0, 1, 0, 0, 25.00%, 0, 0, 1, 324.93, 50095, 2
158, 14, 0, 1, 0, 0, 25.00%, 0, 0, 1, 324.46, 51750, 2
164, 15, 0, 1, 0, 0, 25.00%, 0, 0, 1, 326.51, 53428, 2
169, 15, 0, 1, 0, 0, 25.00%, 0, 0, 1, 324.98, 55083, 2
174, 16, 0, 1, 0, 0, 25.00%, 0, 0, 1, 324.93, 56749, 2
179, 16, 0, 1, 0, 0, 25.00%, 0, 0, 1, 323.25, 58398, 2
184, 17, 0, 1, 0, 0, 25.00%, 0, 0, 1, 325.66, 60065, 2
189, 17, 0, 1, 0, 0, 25.00%, 0, 0, 1, 325.32, 61731, 2
194, 18, 0, 1, 0, 0, 25.00%, 0, 0, 1, 325.52, 63398, 2
199, 18, 0, 1, 0, 0, 25.00%, 0, 0, 1, 325.70, 65070, 2
204, 19, 0, 1, 0, 0, 25.00%, 0, 0, 1, 325.76, 66725, 2
210, 19, 0, 1, 0, 0, 25.00%, 0, 0, 1, 325.42, 68386, 2
215, 20, 0, 1, 0, 0, 25.00%, 0, 0, 1, 325.26, 70040, 2
220, 20, 0, 1, 0, 0, 25.00%, 0, 0, 1, 314.30, 71677, 2
225, 21, 0, 1, 0, 0, 25.00%, 0, 0, 1, 321.80, 73325, 2
230, 21, 0, 1, 0, 0, 25.00%, 0, 0, 1, 324.26, 74980, 2
235, 22, 0, 1, 0, 0, 25.00%, 0, 0, 1, 325.31, 76652, 2
240, 22, 0, 1, 0, 0, 25.00%, 0, 0, 1, 326.12, 78319, 2
245, 22, 0, 1, 0, 0, 25.00%, 0, 0, 1, 326.29, 79980, 2
250, 23, 0, 1, 0, 0, 25.00%, 0, 0, 1, 324.03, 81640, 2
256, 23, 0, 1, 0, 0, 25.00%, 0, 0, 1, 325.87, 83295, 2
261, 24, 0, 1, 0, 0, 25.00%, 0, 0, 1, 325.15, 84961, 2
266, 24, 0, 1, 0, 0, 25.00%, 0, 0, 1, 326.04, 86646, 2
271, 25, 0, 1, 0, 0, 25.00%, 0, 0, 1, 326.23, 88307, 2
276, 25, 0, 1, 0, 0, 25.00%, 0, 0, 1, 325.53, 89967, 2
281, 26, 0, 1, 0, 0, 25.00%, 0, 0, 1, 325.32, 91628, 2
286, 26, 0, 1, 0, 0, 25.00%, 0, 0, 1, 325.62, 93294, 2
291, 27, 0, 1, 0, 0, 25.00%, 0, 0, 1, 325.25, 94967, 2
296, 27, 0, 1, 0, 0, 25.00%, 0, 0, 1, 325.73, 96627, 2
302, 28, 0, 1, 0, 0, 25.00%, 0, 0, 1, 325.22, 98282, 2
307, 28, 0, 1, 0, 0, 25.00%, 0, 0, 1, 325.19, 99937, 2
312, 29, 0, 1, 0, 0, 25.00%, 0, 0, 1, 326.63, 101609, 2
317, 29, 0, 1, 0, 0, 25.00%, 0, 0, 1, 325.26, 103276, 2
322, 30, 0, 1, 0, 0, 25.00%, 0, 0, 1, 326.28, 104948, 2
327, 30, 0, 1, 0, 0, 25.00%, 0, 0, 1, 325.23, 106609, 2
332, 30, 0, 1, 0, 0, 25.00%, 0, 0, 1, 325.27, 108276, 2
337, 31, 0, 1, 0, 0, 25.00%, 0, 0, 1, 325.53, 109948, 2
343, 31, 0, 1, 0, 0, 25.00%, 0, 0, 1, 326.23, 111615, 2
348, 32, 0, 1, 0, 0, 25.00%, 0, 0, 1, 326.62, 113287, 2
353, 32, 0, 1, 0, 0, 25.00%, 0, 0, 1, 325.63, 114966, 2
358, 33, 0, 1, 0, 0, 25.00%, 0, 0, 1, 323.73, 116626, 2
363, 33, 0, 1, 0, 0, 25.00%, 0, 0, 1, 325.11, 118287, 2
368, 34, 0, 1, 0, 0, 25.00%, 0, 0, 1, 324.45, 119954, 2
373, 34, 0, 1, 0, 0, 25.00%, 0, 0, 1, 324.68, 121632, 2
378, 35, 0, 1, 0, 0, 25.00%, 0, 0, 1, 326.12, 123299, 2
384, 35, 0, 1, 0, 0, 25.00%, 0, 0, 1, 325.75, 124965, 2
389, 36, 0, 1, 0, 0, 25.00%, 0, 0, 1, 326.18, 126626, 2
394, 36, 0, 1, 0, 0, 25.00%, 0, 0, 1, 325.49, 128293, 2
399, 37, 0, 1, 0, 0, 25.00%, 0, 0, 1, 324.31, 129947, 2
404, 37, 0, 1, 0, 0, 25.00%, 0, 0, 1, 326.08, 131602, 2
409, 38, 0, 1, 0, 0, 25.00%, 0, 0, 1, 325.61, 133274, 2
414, 38, 0, 1, 0, 0, 25.00%, 0, 0, 1, 325.63, 134935, 2
419, 39, 0, 1, 0, 0, 25.00%, 0, 0, 1, 323.62, 136595, 2
424, 39, 0, 1, 0, 0, 25.00%, 0, 0, 1, 325.15, 138268, 2
430, 39, 0, 1, 0, 0, 25.00%, 0, 0, 1, 324.75, 139923, 2
435, 40, 0, 1, 0, 0, 25.00%, 0, 0, 1, 325.86, 141583, 2
440, 40, 0, 1, 0, 0, 25.00%, 0, 0, 1, 325.18, 143250, 2
445, 41, 0, 1, 0, 0, 25.00%, 0, 0, 1, 326.12, 144910, 2
450, 41, 0, 1, 0, 0, 25.00%, 0, 0, 1, 325.01, 146571, 2
455, 42, 0, 1, 0, 0, 25.00%, 0, 0, 1, 326.19, 148232, 2
460, 42, 0, 1, 0, 0, 25.00%, 0, 0, 1, 325.99, 149892, 2
465, 43, 0, 1, 0, 0, 25.00%, 0, 0, 1, 325.58, 151547, 2
470, 43, 0, 1, 0, 0, 25.00%, 0, 0, 1, 326.07, 153213, 2
475, 44, 0, 1, 0, 0, 25.00%, 0, 0, 1, 326.19, 154886, 2
481, 44, 0, 1, 0, 0, 25.00%, 0, 0, 1, 324.64, 156558, 2
486, 45, 0, 1, 0, 0, 25.00%, 0, 0, 1, 326.97, 158231, 2
491, 45, 0, 1, 0, 0, 25.00%, 0, 0, 1, 325.59, 159892, 2
496, 46, 0, 1, 0, 0, 25.00%, 0, 0, 1, 325.93, 161558, 2
501, 46, 0, 1, 0, 0, 25.00%, 0, 0, 1, 325.56, 163219, 2
506, 47, 0, 1, 0, 0, 25.00%, 0, 0, 1, 325.06, 164891, 2
511, 47, 0, 1, 0, 0, 25.00%, 0, 0, 1, 325.59, 166558, 2
516, 47, 0, 1, 0, 0, 25.00%, 0, 0, 1, 325.71, 168213, 2
522, 48, 0, 1, 0, 0, 25.00%, 0, 0, 1, 322.37, 169867, 2
527, 48, 0, 1, 0, 0, 25.00%, 0, 0, 1, 325.50, 171534, 2
532, 49, 0, 1, 0, 0, 25.00%, 0, 0, 1, 325.75, 173200, 2
537, 49, 0, 1, 0, 0, 25.00%, 0, 0, 1, 325.34, 174861, 2
542, 50, 0, 1, 0, 0, 25.00%, 0, 0, 1, 325.50, 176533, 2
547, 50, 0, 1, 0, 0, 25.00%, 0, 0, 1, 324.48, 178188, 2
552, 51, 0, 1, 0, 0, 25.00%, 0, 0, 1, 326.19, 179855, 2
557, 51, 0, 1, 0, 0, 25.00%, 0, 0, 1, 325.44, 181521, 2
563, 52, 0, 1, 0, 0, 25.00%, 0, 0, 1, 326.40, 183200, 2
568, 52, 0, 1, 0, 0, 25.00%, 0, 0, 1, 325.92, 184866, 2
573, 53, 0, 1, 0, 0, 25.00%, 0, 0, 1, 325.53, 186533, 2
578, 53, 0, 1, 0, 0, 25.00%, 0, 0, 1, 325.41, 188194, 2
581, 53, 0, 1, 0, 0, 25.00%, 1, 0, 1, 315.35, 189185, 2
