# relative_time, cycles_done, cur_item, corpus_count, pending_total, pending_favs, map_size, saved_crashes, saved_hangs, max_depth, execs_per_sec, total_execs, edges_found
60, 7, 2, 3, 0, 0, 30.43%, 0, 0, 2, 332.35, 20315, 7
66, 8, 2, 3, 0, 0, 30.43%, 0, 0, 2, 333.93, 22009, 7
71, 9, 2, 3, 0, 0, 30.43%, 0, 0, 2, 334.49, 23689, 7
76, 10, 2, 3, 0, 0, 30.43%, 0, 0, 2, 334.32, 25359, 7
81, 11, 2, 3, 0, 0, 30.43%, 0, 0, 2, 333.87, 27041, 7
86, 12, 2, 3, 0, 0, 30.43%, 0, 0, 2, 335.13, 28735, 7
91, 12, 2, 3, 0, 0, 30.43%, 0, 0, 2, 335.21, 30427, 7
96, 13, 2, 3, 0, 0, 30.43%, 0, 0, 2, 328.31, 32128, 7
101, 14, 2, 3, 0, 0, 30.43%, 0, 0, 2, 333.84, 33838, 7
106, 14, 2, 3, 0, 0, 30.43%, 0, 0, 2, 334.56, 35514, 7
111, 15, 2, 3, 0, 0, 30.43%, 0, 0, 2, 334.03, 37196, 7
116, 16, 2, 3, 0, 0, 30.43%, 0, 0, 2, 335.82, 38902, 7
121, 17, 2, 3, 0, 0, 30.43%, 0, 0, 2, 334.63, 40584, 7
126, 17, 2, 3, 0, 0, 30.43%, 0, 0, 2, 334.22, 42276, 7
131, 18, 2, 3, 0, 0, 30.43%, 0, 0, 2, 334.57, 43976, 7
136, 19, 2, 3, 0, 0, 30.43%, 0, 0, 2, 334.88, 45682, 7
141, 20, 2, 3, 0, 0, 30.43%, 0, 0, 2, 334.07, 47364, 7
146, 21, 0, 3, 0, 0, 30.43%, 0, 0, 2, 330.80, 49032, 7
152, 21, 2, 3, 0, 0, 30.43%, 0, 0, 2, 330.93, 50685, 7
157, 22, 2, 3, 0, 0, 30.43%, 0, 0, 2, 331.61, 52373, 7
162, 23, 2, 3, 0, 0, 30.43%, 0, 0, 2, 334.63, 54071, 7
167, 23, 2, 3, 0, 0, 30.43%, 0, 0, 2, 333.98, 55753, 7
172, 24, 2, 3, 0, 0, 30.43%, 0, 0, 2, 334.88, 57465, 7
177, 25, 2, 3, 0, 0, 30.43%, 0, 0, 2, 335.00, 59165, 7
182, 26, 2, 3, 0, 0, 30.43%, 0, 0, 2, 334.13, 60859, 7
187, 27, 0, 3, 0, 0, 30.43%, 0, 0, 2, 331.45, 62533, 7
187, 27, 0, 3, 0, 0, 30.43%, 1, 0, 2, 320.20, 62638, 7
