# relative_time, cycles_done, cur_item, corpus_count, pending_total, pending_favs, map_size, saved_crashes, saved_hangs, max_depth, execs_per_sec, total_execs, edges_found
61, 5, 0, 1, 0, 0, 25.00%, 0, 0, 1, 323.58, 19839, 2
66, 6, 0, 1, 0, 0, 25.00%, 0, 0, 1, 324.15, 21499, 2
71, 6, 0, 1, 0, 0, 25.00%, 0, 0, 1, 322.13, 23148, 2
76, 7, 0, 1, 0, 0, 25.00%, 0, 0, 1, 323.96, 24803, 2
81, 7, 0, 1, 0, 0, 25.00%, 0, 0, 1, 323.09, 26457, 2
86, 8, 0, 1, 0, 0, 25.00%, 0, 0, 1, 323.09, 28106, 2
92, 8, 0, 1, 0, 0, 25.00%, 0, 0, 1, 324.85, 29766, 2
97, 9, 0, 1, 0, 0, 25.00%, 0, 0, 1, 321.72, 31409, 2
98, 9, 0, 1, 0, 0, 25.00%, 1, 0, 1, 313.37, 31927, 2
