# relative_time, cycles_done, cur_item, corpus_count, pending_total, pending_favs, map_size, saved_crashes, saved_hangs, max_depth, execs_per_sec, total_execs, edges_found
61, 9, 2, 3, 0, 0, 30.43%, 0, 0, 2, 325.37, 19947, 7
66, 9, 2, 3, 0, 0, 30.43%, 0, 0, 2, 324.91, 21609, 7
71, 11, 2, 3, 0, 0, 30.43%, 0, 0, 2, 324.18, 23277, 7
76, 12, 2, 3, 0, 0, 30.43%, 0, 0, 2, 324.58, 24935, 7
81, 12, 1, 3, 0, 0, 30.43%, 0, 0, 2, 324.33, 26593, 7
87, 13, 2, 3, 0, 0, 30.43%, 0, 0, 2, 314.47, 28213, 7
92, 14, 2, 3, 0, 0, 30.43%, 0, 0, 2, 324.33, 29877, 7
97, 15, 0, 3, 0, 0, 30.43%, 0, 0, 2, 324.44, 31525, 7
102, 15, 0, 3, 0, 0, 30.43%, 0, 0, 2, 326.58, 33200, 7
107, 16, 2, 3, 0, 0, 30.43%, 0, 0, 2, 325.63, 34865, 7
112, 17, 2, 3, 0, 0, 30.43%, 0, 0, 2, 326.54, 36529, 7
117, 17, 0, 3, 0, 0, 30.43%, 0, 0, 2, 324.22, 38171, 7
122, 18, 0, 3, 0, 0, 30.43%, 0, 0, 2, 324.26, 39826, 7
127, 18, 2, 3, 0, 0, 30.43%, 0, 0, 2, 325.00, 41495, 7
133, 19, 2, 3, 0, 0, 30.43%, 0, 0, 2, 325.37, 43153, 7
138, 20, 0, 3, 0, 0, 30.43%, 0, 0, 2, 324.51, 44809, 7
143, 20, 0, 3, 0, 0, 30.43%, 0, 0, 2, 325.20, 46458, 7
148, 21, 2, 3, 0, 0, 30.43%, 0, 0, 2, 325.82, 48129, 7
153, 22, 2, 3, 0, 0, 30.43%, 0, 0, 2, 324.12, 49787, 7
158, 23, 2, 3, 0, 0, 30.43%, 0, 0, 2, 325.42, 51457, 7
163, 23, 2, 3, 0, 0, 30.43%, 0, 0, 2, 324.25, 53119, 7
168, 24, 2, 3, 0, 0, 30.43%, 0, 0, 2, 324.48, 54783, 7
173, 25, 2, 3, 0, 0, 30.43%, 0, 0, 2, 324.57, 56441, 7
179, 26, 2, 3, 0, 0, 30.43%, 0, 0, 2, 325.04, 58105, 7
184, 26, 2, 3, 0, 0, 30.43%, 0, 0, 2, 325.22, 59779, 7
189, 27, 2, 3, 0, 0, 30.43%, 0, 0, 2, 325.97, 61449, 7
194, 28, 2, 3, 0, 0, 30.43%, 0, 0, 2, 325.80, 63119, 7
199, 29, 0, 3, 0, 0, 30.43%, 0, 0, 2, 325.92, 64779, 7
204, 29, 0, 3, 0, 0, 30.43%, 0, 0, 2, 326.12, 66454, 7
209, 30, 2, 3, 0, 0, 30.43%, 0, 0, 2, 324.44, 68108, 7
214, 31, 1, 3, 0, 0, 30.43%, 0, 0, 2, 324.77, 69778, 7
220, 31, 0, 3, 0, 0, 30.43%, 0, 0, 2, 324.36, 71440, 7
225, 32, 2, 3, 0, 0, 30.43%, 0, 0, 2, 325.47, 73097, 7
230, 33, 2, 3, 0, 0, 30.43%, 0, 0, 2, 325.84, 74761, 7
235, 33, 2, 3, 0, 0, 30.43%, 0, 0, 2, 326.19, 76424, 7
240, 34, 2, 3, 0, 0, 30.43%, 0, 0, 2, 324.40, 78092, 7
245, 35, 2, 3, 0, 0, 30.43%, 0, 0, 2, 325.25, 79760, 7
250, 36, 2, 3, 0, 0, 30.43%, 0, 0, 2, 326.73, 81424, 7
255, 37, 2, 3, 0, 0, 30.43%, 0, 0, 2, 325.23, 83093, 7
260, 37, 0, 3, 0, 0, 30.43%, 0, 0, 2, 326.19, 84755, 7
266, 38, 2, 3, 0, 0, 30.43%, 0, 0, 2, 325.46, 86414, 7
271, 39, 2, 3, 0, 0, 30.43%, 0, 0, 2, 324.58, 88078, 7
276, 40, 0, 3, 0, 0, 30.43%, 0, 0, 2, 325.01, 89740, 7
281, 40, 2, 3, 0, 0, 30.43%, 0, 0, 2, 325.07, 91391, 7
286, 41, 0, 3, 0, 0, 30.43%, 0, 0, 2, 325.35, 93053, 7
291, 41, 2, 3, 0, 0, 30.43%, 0, 0, 2, 324.93, 94712, 7
296, 42, 2, 3, 0, 0, 30.43%, 0, 0, 2, 325.17, 96382, 7
301, 43, 2, 3, 0, 0, 30.43%, 0, 0, 2, 323.69, 98032, 7
306, 44, 2, 3, 0, 0, 30.43%, 0, 0, 2, 325.46, 99708, 7
312, 45, 2, 3, 0, 0, 30.43%, 0, 0, 2, 325.96, 101376, 7
317, 46, 1, 3, 0, 0, 30.43%, 0, 0, 2, 325.87, 103040, 7
322, 47, 2, 3, 0, 0, 30.43%, 0, 0, 2, 326.05, 104715, 7
327, 47, 2, 3, 0, 0, 30.43%, 0, 0, 2, 325.59, 106377, 7
332, 48, 0, 3, 0, 0, 30.43%, 0, 0, 2, 324.95, 108033, 7
337, 48, 0, 3, 0, 0, 30.43%, 0, 0, 2, 325.11, 109682, 7
342, 49, 2, 3, 0, 0, 30.43%, 0, 0, 2, 326.25, 111349, 7
347, 50, 2, 3, 0, 0, 30.43%, 0, 0, 2, 325.57, 113013, 7
352, 50, 2, 3, 0, 0, 30.43%, 0, 0, 2, 325.73, 114671, 7
358, 51, 2, 3, 0, 0, 30.43%, 0, 0, 2, 326.42, 116341, 7
363, 52, 2, 3, 0, 0, 30.43%, 0, 0, 2, 325.19, 118015, 7
368, 53, 2, 3, 0, 0, 30.43%, 0, 0, 2, 327.60, 119697, 7
373, 54, 2, 3, 0, 0, 30.43%, 0, 0, 2, 326.30, 121361, 7
378, 54, 2, 3, 0, 0, 30.43%, 0, 0, 2, 325.43, 123029, 7
383, 55, 2, 3, 0, 0, 30.43%, 0, 0, 2, 326.14, 124705, 7
388, 56, 0, 3, 0, 0, 30.43%, 0, 0, 2, 324.92, 126361, 7
393, 57, 2, 3, 0, 0, 30.43%, 0, 0, 2, 323.52, 128000, 7
399, 57, 2, 3, 0, 0, 30.43%, 0, 0, 2, 324.48, 129671, 7
404, 58, 2, 3, 0, 0, 30.43%, 0, 0, 2, 325.47, 131327, 7
409, 59, 2, 3, 0, 0, 30.43%, 0, 0, 2, 325.70, 132991, 7
414, 59, 2, 3, 0, 0, 30.43%, 0, 0, 2, 326.79, 134666, 7
419, 60, 0, 3, 0, 0, 30.43%, 0, 0, 2, 326.36, 136338, 7
424, 61, 2, 3, 0, 0, 30.43%, 0, 0, 2, 325.72, 138011, 7
429, 61, 2, 3, 0, 0, 30.43%, 0, 0, 2, 326.98, 139686, 7
434, 62, 0, 3, 0, 0, 30.43%, 0, 0, 2, 324.71, 141342, 7
439, 62, 2, 3, 0, 0, 30.43%, 0, 0, 2, 325.86, 143005, 7
445, 63, 2, 3, 0, 0, 30.43%, 0, 0, 2, 325.96, 144663, 7
450, 64, 1, 3, 0, 0, 30.43%, 0, 0, 2, 326.56, 146327, 7
455, 65, 2, 3, 0, 0, 30.43%, 0, 0, 2, 324.35, 147983, 7
460, 65, 2, 3, 0, 0, 30.43%, 0, 0, 2, 325.65, 149640, 7
465, 66, 0, 3, 0, 0, 30.43%, 0, 0, 2, 326.12, 151314, 7
470, 67, 0, 3, 0, 0, 30.43%, 0, 0, 2, 326.51, 152983, 7
475, 68, 2, 3, 0, 0, 30.43%, 0, 0, 2, 325.83, 154658, 7
480, 69, 2, 3, 0, 0, 30.43%, 0, 0, 2, 325.77, 156328, 7
486, 69, 2, 3, 0, 0, 30.43%, 0, 0, 2, 326.16, 158004, 7
491, 70, 0, 3, 0, 0, 30.43%, 0, 0, 2, 326.93, 159672, 7
496, 70, 0, 3, 0, 0, 30.43%, 0, 0, 2, 326.48, 161335, 7
501, 71, 2, 3, 0, 0, 30.43%, 0, 0, 2, 325.18, 162994, 7
506, 72, 0, 3, 0, 0, 30.43%, 0, 0, 2, 326.94, 164674, 7
511, 72, 2, 3, 0, 0, 30.43%, 0, 0, 2, 326.25, 166339, 7
516, 73, 2, 3, 0, 0, 30.43%, 0, 0, 2, 324.95, 168001, 7
521, 74, 2, 3, 0, 0, 30.43%, 0, 0, 2, 324.68, 169659, 7
526, 75, 2, 3, 0, 0, 30.43%, 0, 0, 2, 324.91, 171323, 7
532, 75, 2, 3, 0, 0, 30.43%, 0, 0, 2, 325.85, 172985, 7
537, 76, 0, 3, 0, 0, 30.43%, 0, 0, 2, 325.85, 174655, 7
542, 77, 2, 3, 0, 0, 30.43%, 0, 0, 2, 326.34, 176330, 7
547, 78, 2, 3, 0, 0, 30.43%, 0, 0, 2, 325.75, 178000, 7
552, 79, 2, 3, 0, 0, 30.43%, 0, 0, 2, 326.69, 179668, 7
557, 80, 2, 3, 0, 0, 30.43%, 0, 0, 2, 325.80, 181338, 7
562, 80, 0, 3, 0, 0, 30.43%, 0, 0, 2, 326.06, 183004, 7
562, 80, 0, 3, 0, 0, 30.43%, 1, 0, 2, 310.77, 183018, 7
