# relative_time, cycles_done, cur_item, corpus_count, pending_total, pending_favs, map_size, saved_crashes, saved_hangs, max_depth, execs_per_sec, total_execs, edges_found
61, 7, 0, 3, 0, 0, 32.26%, 0, 0, 2, 318.97, 19843, 10
67, 8, 2, 3, 0, 0, 32.26%, 0, 0, 2, 317.33, 21481, 10
72, 9, 2, 3, 0, 0, 32.26%, 0, 0, 2, 320.93, 23133, 10
77, 9, 2, 3, 0, 0, 32.26%, 0, 0, 2, 320.20, 24788, 10
82, 10, 0, 3, 0, 0, 32.26%, 0, 0, 2, 319.96, 26441, 10
87, 11, 0, 3, 0, 0, 32.26%, 0, 0, 2, 320.48, 28096, 10
92, 12, 0, 3, 0, 0, 32.26%, 0, 0, 2, 319.82, 29745, 10
98, 12, 2, 3, 0, 0, 32.26%, 0, 0, 2, 320.75, 31397, 10
103, 13, 2, 3, 0, 0, 32.26%, 0, 0, 2, 319.69, 33059, 10
108, 14, 2, 3, 0, 0, 32.26%, 0, 0, 2, 320.08, 34711, 10
113, 15, 2, 3, 0, 0, 32.26%, 0, 0, 2, 320.47, 36366, 10
118, 15, 0, 3, 0, 0, 32.26%, 0, 0, 2, 320.85, 38022, 10
123, 16, 0, 3, 0, 0, 32.26%, 0, 0, 2, 320.96, 39673, 10
128, 16, 2, 3, 0, 0, 32.26%, 0, 0, 2, 320.96, 41322, 10
134, 17, 0, 3, 0, 0, 32.26%, 0, 0, 2, 320.44, 42981, 10
139, 18, 2, 3, 0, 0, 32.26%, 0, 0, 2, 320.90, 44639, 10
144, 19, 0, 3, 0, 0, 32.26%, 0, 0, 2, 320.68, 46300, 10
149, 19, 2, 3, 0, 0, 32.26%, 0, 0, 2, 321.25, 47958, 10
154, 20, 0, 3, 0, 0, 32.26%, 0, 0, 2, 320.09, 49557, 10
159, 21, 0, 3, 0, 0, 32.26%, 0, 0, 2, 320.53, 51206, 10
164, 21, 0, 3, 0, 0, 32.26%, 0, 0, 2, 321.45, 52864, 10
170, 21, 2, 3, 0, 0, 32.26%, 0, 0, 2, 320.56, 54512, 10
175, 22, 2, 3, 0, 0, 32.26%, 0, 0, 2, 320.66, 56167, 10
180, 23, 2, 3, 0, 0, 32.26%, 0, 0, 2, 320.17, 57816, 10
185, 23, 2, 3, 0, 0, 32.26%, 0, 0, 2, 319.55, 59456, 10
190, 24, 0, 3, 0, 0, 32.26%, 0, 0, 2, 320.65, 61115, 10
195, 24, 0, 3, 0, 0, 32.26%, 0, 0, 2, 321.30, 62764, 10
201, 25, 2, 3, 0, 0, 32.26%, 0, 0, 2, 320.55, 64425, 10
206, 26, 2, 3, 0, 0, 32.26%, 0, 0, 2, 320.68, 66080, 10
211, 26, 0, 3, 0, 0, 32.26%, 0, 0, 2, 320.56, 67739, 10
216, 27, 2, 3, 0, 0, 32.26%, 0, 0, 2, 319.70, 69394, 10
221, 29, 0, 3, 0, 0, 32.26%, 0, 0, 2, 320.42, 71062, 10
226, 29, 2, 3, 0, 0, 32.26%, 0, 0, 2, 320.01, 72714, 10
232, 30, 2, 3, 0, 0, 32.26%, 0, 0, 2, 321.17, 74357, 10
237, 31, 2, 3, 0, 0, 32.26%, 0, 0, 2, 319.08, 75944, 10
242, 32, 2, 3, 0, 0, 32.26%, 0, 0, 2, 319.85, 77546, 10
247, 33, 2, 3, 0, 0, 32.26%, 0, 0, 2, 318.73, 79139, 10
252, 34, 0, 3, 0, 0, 32.26%, 0, 0, 2, 320.15, 80798, 10
257, 35, 2, 3, 0, 0, 32.26%, 0, 0, 2, 320.80, 82456, 10
262, 36, 0, 3, 0, 0, 32.26%, 0, 0, 2, 320.86, 84112, 10
267, 37, 2, 3, 0, 0, 32.26%, 0, 0, 2, 320.86, 85767, 10
272, 38, 0, 3, 0, 0, 32.26%, 0, 0, 2, 320.33, 87435, 10
278, 38, 2, 3, 0, 0, 32.26%, 0, 0, 2, 320.99, 89087, 10
283, 39, 0, 3, 0, 0, 32.26%, 0, 0, 2, 319.73, 90746, 10
288, 40, 2, 3, 0, 0, 32.26%, 0, 0, 2, 318.81, 92388, 10
293, 40, 0, 3, 0, 0, 32.26%, 0, 0, 2, 320.37, 94043, 10
298, 40, 0, 3, 0, 0, 32.26%, 0, 0, 2, 320.02, 95692, 10
303, 41, 0, 3, 0, 0, 32.26%, 0, 0, 2, 321.07, 97347, 10
309, 42, 2, 3, 0, 0, 32.26%, 0, 0, 2, 320.79, 98999, 10
314, 43, 0, 3, 0, 0, 32.26%, 0, 0, 2, 320.34, 100652, 10
319, 43, 0, 3, 0, 0, 32.26%, 0, 0, 2, 320.27, 102307, 10
324, 44, 2, 3, 0, 0, 32.26%, 0, 0, 2, 320.31, 103959, 10
329, 45, 0, 3, 0, 0, 32.26%, 0, 0, 2, 316.62, 105609, 10
334, 46, 0, 3, 0, 0, 32.26%, 0, 0, 2, 320.00, 107258, 10
340, 46, 2, 3, 0, 0, 32.26%, 0, 0, 2, 319.46, 108910, 10
345, 47, 2, 3, 0, 0, 32.26%, 0, 0, 2, 317.88, 110559, 10
350, 48, 2, 3, 0, 0, 32.26%, 0, 0, 2, 320.91, 112218, 10
355, 49, 0, 3, 0, 0, 32.26%, 0, 0, 2, 320.82, 113877, 10
360, 50, 2, 3, 0, 0, 32.26%, 0, 0, 2, 320.84, 115547, 10
365, 51, 0, 3, 0, 0, 32.26%, 1, 0, 2, 305.72, 117154, 10
