# relative_time, cycles_done, cur_item, corpus_count, pending_total, pending_favs, map_size, saved_crashes, saved_hangs, max_depth, execs_per_sec, total_execs, edges_found
61, 5, 0, 1, 0, 0, 25.00%, 0, 0, 1, 325.83, 20019, 2
66, 6, 0, 1, 0, 0, 25.00%, 0, 0, 1, 322.07, 21661, 2
71, 6, 0, 1, 0, 0, 25.00%, 0, 0, 1, 325.02, 23322, 2
76, 7, 0, 1, 0, 0, 25.00%, 0, 0, 1, 325.29, 24970, 2
81, 7, 0, 1, 0, 0, 25.00%, 0, 0, 1, 324.30, 26625, 2
86, 8, 0, 1, 0, 0, 25.00%, 0, 0, 1, 326.54, 28304, 2
91, 8, 0, 1, 0, 0, 25.00%, 0, 0, 1, 326.96, 29970, 2
97, 9, 0, 1, 0, 0, 25.00%, 0, 0, 1, 326.27, 31631, 2
102, 9, 0, 1, 0, 0, 25.00%, 0, 0, 1, 325.38, 33291, 2
107, 10, 0, 1, 0, 0, 25.00%, 0, 0, 1, 325.55, 34946, 2
112, 10, 0, 1, 0, 0, 25.00%, 0, 0, 1, 325.79, 36607, 2
117, 11, 0, 1, 0, 0, 25.00%, 0, 0, 1, 326.48, 38279, 2
122, 11, 0, 1, 0, 0, 25.00%, 0, 0, 1, 327.02, 39958, 2
127, 12, 0, 1, 0, 0, 25.00%, 0, 0, 1, 324.12, 41624, 2
132, 12, 0, 1, 0, 0, 25.00%, 0, 0, 1, 326.45, 43285, 2
137, 13, 0, 1, 0, 0, 25.00%, 0, 0, 1, 325.39, 44933, 2
143, 13, 0, 1, 0, 0, 25.00%, 0, 0, 1, 326.13, 46600, 2
148, 13, 0, 1, 0, 0, 25.00%, 0, 0, 1, 325.85, 48267, 2
153, 14, 0, 1, 0, 0, 25.00%, 0, 0, 1, 325.58, 49933, 2
158, 14, 0, 1, 0, 0, 25.00%, 0, 0, 1, 325.09, 51582, 2
163, 15, 0, 1, 0, 0, 25.00%, 0, 0, 1, 325.02, 53242, 2
168, 15, 0, 1, 0, 0, 25.00%, 0, 0, 1, 324.74, 54903, 2
173, 16, 0, 1, 0, 0, 25.00%, 0, 0, 1, 325.04, 56558, 2
178, 16, 0, 1, 0, 0, 25.00%, 0, 0, 1, 326.17, 58242, 2
183, 17, 0, 1, 0, 0, 25.00%, 0, 0, 1, 326.61, 59921, 2
189, 17, 0, 1, 0, 0, 25.00%, 0, 0, 1, 324.39, 61575, 2
189, 17, 0, 1, 0, 0, 25.00%, 1, 0, 1, 314.92, 61621, 2
