# relative_time, cycles_done, cur_item, corpus_count, pending_total, pending_favs, map_size, saved_crashes, saved_hangs, max_depth, execs_per_sec, total_execs, edges_found
61, 9, 1, 3, 0, 0, 36.00%, 0, 0, 2, 321.76, 19949, 9
66, 10, 1, 3, 0, 0, 36.00%, 0, 0, 2, 319.41, 21598, 9
72, 11, 0, 3, 0, 0, 36.00%, 0, 0, 2, 323.30, 23269, 9
77, 11, 1, 3, 0, 0, 36.00%, 0, 0, 2, 323.22, 24924, 9
82, 12, 0, 3, 0, 0, 36.00%, 0, 0, 2, 322.96, 26583, 9
87, 13, 0, 3, 0, 0, 36.00%, 0, 0, 2, 322.10, 28241, 9
92, 13, 1, 3, 0, 0, 36.00%, 0, 0, 2, 310.88, 29857, 9
97, 15, 1, 3, 0, 0, 36.00%, 0, 0, 2, 322.37, 31531, 9
102, 16, 0, 3, 0, 0, 36.00%, 0, 0, 2, 322.86, 33196, 9
108, 16, 1, 3, 0, 0, 36.00%, 0, 0, 2, 321.27, 34845, 9
113, 17, 2, 3, 0, 0, 36.00%, 0, 0, 2, 323.94, 36513, 9
118, 18, 1, 3, 0, 0, 36.00%, 0, 0, 2, 321.84, 38174, 9
123, 19, 0, 3, 0, 0, 36.00%, 0, 0, 2, 322.61, 39836, 9
128, 19, 0, 3, 0, 0, 36.00%, 0, 0, 2, 318.61, 41470, 9
133, 20, 1, 3, 0, 0, 36.00%, 0, 0, 2, 323.45, 43137, 9
139, 21, 0, 3, 0, 0, 36.00%, 0, 0, 2, 323.55, 44805, 9
140, 21, 0, 3, 0, 0, 36.00%, 1, 0, 2, 0.00, 45381, 9
