# relative_time, cycles_done, cur_item, corpus_count, pending_total, pending_favs, map_size, saved_crashes, saved_hangs, max_depth, execs_per_sec, total_execs, edges_found
61, 5, 0, 1, 0, 0, 25.00%, 0, 0, 1, 323.88, 20019, 2
66, 6, 0, 1, 0, 0, 25.00%, 0, 0, 1, 325.16, 21673, 2
71, 6, 0, 1, 0, 0, 25.00%, 0, 0, 1, 325.05, 23340, 2
76, 7, 0, 1, 0, 0, 25.00%, 0, 0, 1, 326.22, 25018, 2
81, 7, 0, 1, 0, 0, 25.00%, 0, 0, 1, 325.62, 26667, 2
87, 8, 0, 1, 0, 0, 25.00%, 0, 0, 1, 326.61, 28334, 2
92, 8, 0, 1, 0, 0, 25.00%, 0, 0, 1, 325.69, 29988, 2
97, 9, 0, 1, 0, 0, 25.00%, 0, 0, 1, 325.73, 31637, 2
102, 9, 0, 1, 0, 0, 25.00%, 0, 0, 1, 326.53, 33315, 2
107, 10, 0, 1, 0, 0, 25.00%, 0, 0, 1, 325.35, 34970, 2
112, 10, 0, 1, 0, 0, 25.00%, 0, 0, 1, 324.20, 36619, 2
117, 11, 0, 1, 0, 0, 25.00%, 0, 0, 1, 324.47, 38273, 2
122, 11, 0, 1, 0, 0, 25.00%, 0, 0, 1, 324.69, 39934, 2
127, 12, 0, 1, 0, 0, 25.00%, 0, 0, 1, 326.00, 41600, 2
132, 12, 0, 1, 0, 0, 25.00%, 0, 0, 1, 325.11, 43261, 2
138, 13, 0, 1, 0, 0, 25.00%, 0, 0, 1, 325.69, 44939, 2
143, 13, 0, 1, 0, 0, 25.00%, 0, 0, 1, 325.69, 46612, 2
148, 13, 0, 1, 0, 0, 25.00%, 0, 0, 1, 325.41, 48273, 2
153, 14, 0, 1, 0, 0, 25.00%, 0, 0, 1, 324.78, 49939, 2
158, 14, 0, 1, 0, 0, 25.00%, 0, 0, 1, 325.06, 51600, 2
163, 15, 0, 1, 0, 0, 25.00%, 0, 0, 1, 325.95, 53260, 2
168, 15, 0, 1, 0, 0, 25.00%, 0, 0, 1, 325.57, 54933, 2
173, 16, 0, 1, 0, 0, 25.00%, 0, 0, 1, 325.35, 56588, 2
176, 16, 0, 1, 0, 0, 25.00%, 1, 0, 1, 314.55, 57432, 2
