# relative_time, cycles_done, cur_item, corpus_count, pending_total, pending_favs, map_size, saved_crashes, saved_hangs, max_depth, execs_per_sec, total_execs, edges_found
61, 11, 0, 2, 0, 0, 30.43%, 0, 0, 2, 325.80, 20331, 7
66, 12, 1, 2, 0, 0, 30.43%, 0, 0, 2, 329.34, 22028, 7
71, 13, 0, 2, 0, 0, 30.43%, 0, 0, 2, 327.35, 23729, 7
76, 14, 1, 2, 0, 0, 30.43%, 0, 0, 2, 330.61, 25387, 7
82, 15, 1, 2, 0, 0, 30.43%, 0, 0, 2, 328.16, 27081, 7
87, 16, 0, 2, 0, 0, 30.43%, 0, 0, 2, 326.32, 28767, 7
92, 16, 1, 2, 0, 0, 30.43%, 0, 0, 2, 324.79, 30421, 7
97, 17, 0, 2, 0, 0, 30.43%, 0, 0, 2, 328.07, 32137, 7
102, 18, 0, 2, 0, 0, 30.43%, 0, 0, 2, 325.39, 33810, 7
107, 19, 0, 2, 0, 0, 30.43%, 0, 0, 2, 326.64, 35504, 7
112, 19, 1, 2, 0, 0, 30.43%, 0, 0, 2, 325.31, 37158, 7
117, 21, 1, 2, 0, 0, 30.43%, 0, 0, 2, 331.00, 38820, 7
123, 22, 0, 2, 0, 0, 30.43%, 0, 0, 2, 331.23, 40485, 7
128, 22, 0, 2, 0, 0, 30.43%, 0, 0, 2, 326.15, 42152, 7
133, 23, 1, 2, 0, 0, 30.43%, 0, 0, 2, 331.77, 43825, 7
138, 24, 1, 2, 0, 0, 30.43%, 0, 0, 2, 329.81, 45522, 7
143, 25, 0, 2, 0, 0, 30.43%, 0, 0, 2, 326.44, 47220, 7
148, 26, 0, 2, 0, 0, 30.43%, 0, 0, 2, 327.65, 48920, 7
148, 26, 0, 2, 0, 0, 30.43%, 1, 0, 2, 312.85, 48936, 7
