# relative_time, cycles_done, cur_item, corpus_count, pending_total, pending_favs, map_size, saved_crashes, saved_hangs, max_depth, execs_per_sec, total_execs, edges_found
61, 9, 1, 3, 0, 0, 32.26%, 0, 0, 2, 321.06, 19913, 10
67, 10, 1, 3, 0, 0, 32.26%, 0, 0, 2, 322.63, 21581, 10
72, 11, 1, 3, 0, 0, 32.26%, 0, 0, 2, 321.70, 23249, 10
77, 12, 0, 3, 0, 0, 32.26%, 0, 0, 2, 322.38, 24929, 10
82, 13, 1, 3, 0, 0, 32.26%, 0, 0, 2, 322.95, 26593, 10
87, 14, 1, 3, 0, 0, 32.26%, 0, 0, 2, 324.72, 28255, 10
92, 15, 1, 3, 0, 0, 32.26%, 0, 0, 2, 322.32, 29910, 10
97, 16, 0, 3, 0, 0, 32.26%, 0, 0, 2, 321.50, 31566, 10
103, 16, 1, 3, 0, 0, 32.26%, 0, 0, 2, 323.36, 33224, 10
108, 17, 1, 3, 0, 0, 32.26%, 0, 0, 2, 320.45, 34873, 10
113, 18, 1, 3, 0, 0, 32.26%, 0, 0, 2, 321.34, 36532, 10
118, 19, 1, 3, 0, 0, 32.26%, 0, 0, 2, 322.38, 38187, 10
123, 20, 2, 3, 0, 0, 32.26%, 0, 0, 2, 322.20, 39855, 10
128, 21, 1, 3, 0, 0, 32.26%, 0, 0, 2, 321.42, 41514, 10
134, 22, 1, 3, 0, 0, 32.26%, 0, 0, 2, 325.01, 43182, 10
139, 23, 0, 3, 0, 0, 32.26%, 0, 0, 2, 321.41, 44847, 10
144, 24, 1, 3, 0, 0, 32.26%, 0, 0, 2, 321.75, 46502, 10
149, 25, 0, 3, 0, 0, 32.26%, 0, 0, 2, 322.24, 48173, 10
154, 25, 0, 3, 0, 0, 32.26%, 0, 0, 2, 321.94, 49831, 10
159, 26, 1, 3, 0, 0, 32.26%, 0, 0, 2, 320.41, 51480, 10
165, 27, 1, 3, 0, 0, 32.26%, 0, 0, 2, 324.20, 53151, 10
170, 28, 1, 3, 0, 0, 32.26%, 0, 0, 2, 324.93, 54837, 10
175, 29, 1, 3, 0, 0, 32.26%, 0, 0, 2, 322.52, 56492, 10
180, 29, 0, 3, 0, 0, 32.26%, 0, 0, 2, 322.08, 58148, 10
185, 30, 1, 3, 0, 0, 32.26%, 0, 0, 2, 323.08, 59812, 10
190, 32, 2, 3, 0, 0, 32.26%, 0, 0, 2, 324.19, 61486, 10
195, 32, 1, 3, 0, 0, 32.26%, 0, 0, 2, 318.83, 63132, 10
201, 33, 1, 3, 0, 0, 32.26%, 0, 0, 2, 322.54, 64782, 10
206, 34, 0, 3, 0, 0, 32.26%, 0, 0, 2, 320.12, 66434, 10
211, 34, 2, 3, 0, 0, 32.26%, 0, 0, 2, 321.17, 68089, 10
216, 35, 0, 3, 0, 0, 32.26%, 0, 0, 2, 322.29, 69750, 10
221, 35, 1, 3, 0, 0, 32.26%, 0, 0, 2, 322.04, 71405, 10
226, 36, 0, 3, 0, 0, 32.26%, 0, 0, 2, 321.09, 73058, 10
231, 36, 0, 3, 0, 0, 32.26%, 0, 0, 2, 321.93, 74710, 10
237, 37, 0, 3, 0, 0, 32.26%, 0, 0, 2, 322.89, 76368, 10
242, 38, 1, 3, 0, 0, 32.26%, 0, 0, 2, 320.67, 78020, 10
247, 39, 0, 3, 0, 0, 32.26%, 0, 0, 2, 321.12, 79679, 10
252, 40, 2, 3, 0, 0, 32.26%, 0, 0, 2, 322.43, 81337, 10
257, 40, 1, 3, 0, 0, 32.26%, 0, 0, 2, 321.38, 82983, 10
262, 41, 0, 3, 0, 0, 32.26%, 0, 0, 2, 320.82, 84630, 10
268, 42, 1, 3, 0, 0, 32.26%, 0, 0, 2, 321.80, 86294, 10
273, 43, 1, 3, 0, 0, 32.26%, 0, 0, 2, 321.85, 87947, 10
278, 44, 1, 3, 0, 0, 32.26%, 0, 0, 2, 321.49, 89602, 10
283, 45, 0, 3, 0, 0, 32.26%, 0, 0, 2, 322.91, 91267, 10
288, 45, 1, 3, 0, 0, 32.26%, 0, 0, 2, 321.78, 92916, 10
293, 46, 0, 3, 0, 0, 32.26%, 0, 0, 2, 322.86, 94571, 10
298, 46, 1, 3, 0, 0, 32.26%, 0, 0, 2, 321.40, 96232, 10
304, 47, 1, 3, 0, 0, 32.26%, 0, 0, 2, 322.82, 97897, 10
309, 48, 1, 3, 0, 0, 32.26%, 0, 0, 2, 323.37, 99558, 10
314, 49, 2, 3, 0, 0, 32.26%, 0, 0, 2, 322.18, 101220, 10
319, 50, 1, 3, 0, 0, 32.26%, 0, 0, 2, 322.95, 102879, 10
324, 51, 0, 3, 0, 0, 32.26%, 0, 0, 2, 321.09, 104526, 10
329, 52, 0, 3, 0, 0, 32.26%, 0, 0, 2, 321.47, 106187, 10
334, 52, 1, 3, 0, 0, 32.26%, 0, 0, 2, 322.10, 107836, 10
340, 53, 0, 3, 0, 0, 32.26%, 0, 0, 2, 322.24, 109507, 10
345, 54, 2, 3, 0, 0, 32.26%, 0, 0, 2, 323.18, 111165, 10
350, 55, 0, 3, 0, 0, 32.26%, 0, 0, 2, 321.60, 112830, 10
355, 56, 0, 3, 0, 0, 32.26%, 0, 0, 2, 322.50, 114497, 10
360, 56, 2, 3, 0, 0, 32.26%, 0, 0, 2, 323.12, 116152, 10
365, 58, 1, 3, 0, 0, 32.26%, 0, 0, 2, 322.85, 117814, 10
371, 59, 1, 3, 0, 0, 32.26%, 0, 0, 2, 323.84, 119485, 10
376, 60, 2, 3, 0, 0, 32.26%, 0, 0, 2, 322.11, 121093, 10
381, 61, 2, 3, 0, 0, 32.26%, 0, 0, 2, 319.02, 122728, 10
386, 62, 1, 3, 0, 0, 32.26%, 0, 0, 2, 319.48, 124390, 10
391, 63, 2, 3, 0, 0, 32.26%, 0, 0, 2, 322.10, 126058, 10
396, 64, 2, 3, 0, 0, 32.26%, 0, 0, 2, 322.29, 127726, 10
401, 65, 0, 3, 0, 0, 32.26%, 0, 0, 2, 322.23, 129391, 10
407, 66, 0, 3, 0, 0, 32.26%, 0, 0, 2, 321.97, 131046, 10
412, 67, 1, 3, 0, 0, 32.26%, 0, 0, 2, 323.11, 132713, 10
417, 68, 2, 3, 0, 0, 32.26%, 0, 0, 2, 322.64, 134372, 10
422, 69, 1, 3, 0, 0, 32.26%, 0, 0, 2, 324.01, 136046, 10
427, 70, 0, 3, 0, 0, 32.26%, 0, 0, 2, 322.13, 137708, 10
432, 71, 0, 3, 0, 0, 32.26%, 0, 0, 2, 322.90, 139363, 10
437, 71, 0, 3, 0, 0, 32.26%, 0, 0, 2, 320.20, 141006, 10
443, 71, 0, 3, 0, 0, 32.26%, 0, 0, 2, 320.73, 142658, 10
448, 72, 1, 3, 0, 0, 32.26%, 0, 0, 2, 323.05, 144316, 10
453, 73, 2, 3, 0, 0, 32.26%, 0, 0, 2, 322.38, 145971, 10
458, 74, 1, 3, 0, 0, 32.26%, 0, 0, 2, 321.90, 147639, 10
463, 75, 1, 3, 0, 0, 32.26%, 0, 0, 2, 324.47, 149307, 10
468, 76, 2, 3, 0, 0, 32.26%, 0, 0, 2, 322.87, 150978, 10
474, 77, 2, 3, 0, 0, 32.26%, 0, 0, 2, 322.68, 152652, 10
479, 78, 2, 3, 0, 0, 32.26%, 0, 0, 2, 324.03, 154320, 10
484, 79, 0, 3, 0, 0, 32.26%, 0, 0, 2, 320.87, 155982, 10
489, 80, 2, 3, 0, 0, 32.26%, 0, 0, 2, 321.75, 157640, 10
494, 81, 1, 3, 0, 0, 32.26%, 0, 0, 2, 322.13, 159295, 10
499, 81, 0, 3, 0, 0, 32.26%, 0, 0, 2, 319.88, 160945, 10
504, 82, 1, 3, 0, 0, 32.26%, 0, 0, 2, 320.65, 162597, 10
510, 83, 0, 3, 0, 0, 32.26%, 0, 0, 2, 321.29, 164256, 10
515, 84, 1, 3, 0, 0, 32.26%, 0, 0, 2, 323.14, 165911, 10
520, 84, 0, 3, 0, 0, 32.26%, 0, 0, 2, 322.27, 167566, 10
525, 85, 1, 3, 0, 0, 32.26%, 0, 0, 2, 322.80, 169233, 10
530, 86, 0, 3, 0, 0, 32.26%, 0, 0, 2, 322.82, 170904, 10
535, 87, 0, 3, 0, 0, 32.26%, 0, 0, 2, 323.17, 172565, 10
541, 87, 2, 3, 0, 0, 32.26%, 0, 0, 2, 322.36, 174220, 10
546, 88, 0, 3, 0, 0, 32.26%, 0, 0, 2, 322.69, 175882, 10
551, 88, 0, 3, 0, 0, 32.26%, 0, 0, 2, 321.62, 177528, 10
556, 89, 1, 3, 0, 0, 32.26%, 0, 0, 2, 324.54, 179195, 10
561, 91, 2, 3, 0, 0, 32.26%, 0, 0, 2, 323.39, 180857, 10
566, 91, 0, 3, 0, 0, 32.26%, 0, 0, 2, 321.99, 182513, 10
571, 92, 0, 3, 0, 0, 32.26%, 0, 0, 2, 321.48, 184168, 10
577, 93, 1, 3, 0, 0, 32.26%, 0, 0, 2, 322.97, 185826, 10
582, 93, 0, 3, 0, 0, 32.26%, 0, 0, 2, 321.36, 187488, 10
587, 94, 0, 3, 0, 0, 32.26%, 0, 0, 2, 321.63, 189143, 10
592, 95, 1, 3, 0, 0, 32.26%, 0, 0, 2, 322.38, 190807, 10
595, 96, 1, 3, 0, 0, 32.26%, 1, 0, 2, 308.04, 191753, 10
