# relative_time, cycles_done, cur_item, corpus_count, pending_total, pending_favs, map_size, saved_crashes, saved_hangs, max_depth, execs_per_sec, total_execs, edges_found
61, 5, 0, 1, 0, 0, 25.00%, 0, 0, 1, 327.61, 20199, 2
66, 6, 0, 1, 0, 0, 25.00%, 0, 0, 1, 325.85, 21865, 2
72, 6, 0, 1, 0, 0, 25.00%, 0, 0, 1, 327.59, 23568, 2
77, 7, 0, 1, 0, 0, 25.00%, 0, 0, 1, 327.14, 25246, 2
82, 7, 0, 1, 0, 0, 25.00%, 0, 0, 1, 327.67, 26937, 2
87, 8, 0, 1, 0, 0, 25.00%, 0, 0, 1, 324.25, 28597, 2
92, 8, 0, 1, 0, 0, 25.00%, 0, 0, 1, 327.80, 30300, 2
97, 9, 0, 1, 0, 0, 25.00%, 0, 0, 1, 325.33, 31973, 2
102, 9, 0, 1, 0, 0, 25.00%, 0, 0, 1, 326.91, 33645, 2
108, 10, 0, 1, 0, 0, 25.00%, 0, 0, 1, 327.66, 35312, 2
113, 10, 0, 1, 0, 0, 25.00%, 0, 0, 1, 327.48, 36984, 2
118, 11, 0, 1, 0, 0, 25.00%, 0, 0, 1, 327.49, 38657, 2
123, 11, 0, 1, 0, 0, 25.00%, 0, 0, 1, 327.23, 40341, 2
128, 12, 0, 1, 0, 0, 25.00%, 0, 0, 1, 327.23, 42008, 2
133, 12, 0, 1, 0, 0, 25.00%, 0, 0, 1, 326.30, 43639, 2
138, 13, 0, 1, 0, 0, 25.00%, 0, 0, 1, 327.50, 45317, 2
143, 13, 0, 1, 0, 0, 25.00%, 0, 0, 1, 279.00, 46726, 2
148, 13, 0, 1, 0, 0, 25.00%, 0, 0, 1, 310.33, 48328, 2
153, 14, 0, 1, 0, 0, 25.00%, 0, 0, 1, 318.38, 49982, 2
159, 14, 0, 1, 0, 0, 25.00%, 0, 0, 1, 321.82, 51631, 2
164, 15, 0, 1, 0, 0, 25.00%, 0, 0, 1, 318.24, 53261, 2
169, 15, 0, 1, 0, 0, 25.00%, 0, 0, 1, 318.39, 54898, 2
174, 16, 0, 1, 0, 0, 25.00%, 0, 0, 1, 321.25, 56547, 2
179, 16, 0, 1, 0, 0, 25.00%, 0, 0, 1, 325.25, 58225, 2
184, 17, 0, 1, 0, 0, 25.00%, 0, 0, 1, 325.07, 59916, 2
189, 17, 0, 1, 0, 0, 25.00%, 0, 0, 1, 325.60, 61576, 2
194, 18, 0, 1, 0, 0, 25.00%, 0, 0, 1, 326.87, 63249, 2
200, 18, 0, 1, 0, 0, 25.00%, 0, 0, 1, 326.33, 64921, 2
205, 19, 0, 1, 0, 0, 25.00%, 0, 0, 1, 325.20, 66582, 2
210, 19, 0, 1, 0, 0, 25.00%, 0, 0, 1, 327.41, 68255, 2
215, 20, 0, 1, 0, 0, 25.00%, 0, 0, 1, 325.65, 69915, 2
220, 20, 0, 1, 0, 0, 25.00%, 0, 0, 1, 325.41, 71570, 2
225, 21, 0, 1, 0, 0, 25.00%, 0, 0, 1, 326.75, 73248, 2
230, 21, 0, 1, 0, 0, 25.00%, 0, 0, 1, 325.88, 74903, 2
235, 21, 0, 1, 0, 0, 25.00%, 0, 0, 1, 325.20, 76552, 2
240, 22, 0, 1, 0, 0, 25.00%, 0, 0, 1, 325.00, 78230, 2
246, 22, 0, 1, 0, 0, 25.00%, 0, 0, 1, 326.23, 79891, 2
251, 23, 0, 1, 0, 0, 25.00%, 0, 0, 1, 327.16, 81569, 2
256, 23, 0, 1, 0, 0, 25.00%, 0, 0, 1, 326.45, 83236, 2
261, 24, 0, 1, 0, 0, 25.00%, 0, 0, 1, 327.70, 84914, 2
266, 24, 0, 1, 0, 0, 25.00%, 0, 0, 1, 327.04, 86569, 2
271, 25, 0, 1, 0, 0, 25.00%, 0, 0, 1, 326.28, 88224, 2
276, 25, 0, 1, 0, 0, 25.00%, 0, 0, 1, 327.76, 89914, 2
281, 26, 0, 1, 0, 0, 25.00%, 0, 0, 1, 327.33, 91599, 2
287, 26, 0, 1, 0, 0, 25.00%, 0, 0, 1, 319.60, 93241, 2
292, 27, 0, 1, 0, 0, 25.00%, 0, 0, 1, 326.14, 94908, 2
297, 27, 0, 1, 0, 0, 25.00%, 0, 0, 1, 326.98, 96575, 2
302, 28, 0, 1, 0, 0, 25.00%, 0, 0, 1, 326.06, 98235, 2
307, 28, 0, 1, 0, 0, 25.00%, 0, 0, 1, 325.43, 99914, 2
312, 29, 0, 1, 0, 0, 25.00%, 0, 0, 1, 326.02, 101586, 2
317, 29, 0, 1, 0, 0, 25.00%, 0, 0, 1, 327.06, 103265, 2
322, 30, 0, 1, 0, 0, 25.00%, 0, 0, 1, 326.08, 104925, 2
327, 30, 0, 1, 0, 0, 25.00%, 0, 0, 1, 319.04, 106550, 2
333, 30, 0, 1, 0, 0, 25.00%, 0, 0, 1, 325.03, 108217, 2
338, 31, 0, 1, 0, 0, 25.00%, 0, 0, 1, 324.95, 109877, 2
343, 31, 0, 1, 0, 0, 25.00%, 0, 0, 1, 326.20, 111538, 2
348, 32, 0, 1, 0, 0, 25.00%, 0, 0, 1, 326.06, 113216, 2
353, 32, 0, 1, 0, 0, 25.00%, 0, 0, 1, 326.27, 114895, 2
358, 33, 0, 1, 0, 0, 25.00%, 0, 0, 1, 324.28, 116550, 2
363, 33, 0, 1, 0, 0, 25.00%, 0, 0, 1, 327.84, 118246, 2
369, 34, 0, 1, 0, 0, 25.00%, 0, 0, 1, 324.24, 119913, 2
374, 34, 0, 1, 0, 0, 25.00%, 0, 0, 1, 326.75, 121597, 2
379, 35, 0, 1, 0, 0, 25.00%, 0, 0, 1, 320.62, 123252, 2
384, 35, 0, 1, 0, 0, 25.00%, 0, 0, 1, 324.18, 124912, 2
389, 36, 0, 1, 0, 0, 25.00%, 0, 0, 1, 324.78, 126573, 2
394, 36, 0, 1, 0, 0, 25.00%, 0, 0, 1, 323.44, 128228, 2
399, 37, 0, 1, 0, 0, 25.00%, 0, 0, 1, 324.68, 129900, 2
405, 37, 0, 1, 0, 0, 25.00%, 0, 0, 1, 326.23, 131579, 2
410, 38, 0, 1, 0, 0, 25.00%, 0, 0, 1, 327.30, 133269, 2
415, 38, 0, 1, 0, 0, 25.00%, 0, 0, 1, 326.37, 134924, 2
420, 39, 0, 1, 0, 0, 25.00%, 0, 0, 1, 327.07, 136590, 2
425, 39, 0, 1, 0, 0, 25.00%, 0, 0, 1, 327.18, 138275, 2
430, 39, 0, 1, 0, 0, 25.00%, 0, 0, 1, 327.08, 139936, 2
435, 40, 0, 1, 0, 0, 25.00%, 0, 0, 1, 326.58, 141608, 2
440, 40, 0, 1, 0, 0, 25.00%, 0, 0, 1, 326.91, 143281, 2
445, 41, 0, 1, 0, 0, 25.00%, 0, 0, 1, 327.57, 144977, 2
451, 41, 0, 1, 0, 0, 25.00%, 0, 0, 1, 325.81, 146644, 2
456, 42, 0, 1, 0, 0, 25.00%, 0, 0, 1, 326.87, 148311, 2
461, 42, 0, 1, 0, 0, 25.00%, 0, 0, 1, 326.43, 149971, 2
466, 43, 0, 1, 0, 0, 25.00%, 0, 0, 1, 326.48, 151632, 2
471, 43, 0, 1, 0, 0, 25.00%, 0, 0, 1, 326.59, 153304, 2
473, 43, 0, 1, 0, 0, 25.00%, 1, 0, 1, 310.15, 153909, 2
