# relative_time, cycles_done, cur_item, corpus_count, pending_total, pending_favs, map_size, saved_crashes, saved_hangs, max_depth, execs_per_sec, total_execs, edges_found
61, 7, 0, 3, 0, 0, 32.26%, 0, 0, 2, 321.80, 19535, 10
66, 8, 0, 3, 0, 0, 32.26%, 0, 0, 2, 321.20, 21185, 10
72, 8, 1, 3, 0, 0, 32.26%, 0, 0, 2, 322.25, 22840, 10
77, 9, 1, 3, 0, 0, 32.26%, 0, 0, 2, 321.44, 24492, 10
82, 10, 1, 3, 0, 0, 32.26%, 0, 0, 2, 322.46, 26146, 10
87, 11, 1, 3, 0, 0, 32.26%, 0, 0, 2, 321.63, 27798, 10
92, 12, 2, 3, 0, 0, 32.26%, 0, 0, 2, 321.90, 29452, 10
97, 12, 1, 3, 0, 0, 32.26%, 0, 0, 2, 322.00, 31116, 10
102, 13, 0, 3, 0, 0, 32.26%, 0, 0, 2, 322.26, 32766, 10
108, 14, 0, 3, 0, 0, 32.26%, 0, 0, 2, 322.00, 34430, 10
113, 15, 1, 3, 0, 0, 32.26%, 0, 0, 2, 323.02, 36091, 10
118, 15, 1, 3, 0, 0, 32.26%, 0, 0, 2, 322.80, 37760, 10
123, 16, 0, 3, 0, 0, 32.26%, 0, 0, 2, 322.04, 39419, 10
128, 17, 1, 3, 0, 0, 32.26%, 0, 0, 2, 323.63, 41089, 10
129, 17, 1, 3, 0, 0, 32.26%, 1, 0, 2, 41.67, 41293, 10
