# relative_time, cycles_done, cur_item, corpus_count, pending_total, pending_favs, map_size, saved_crashes, saved_hangs, max_depth, execs_per_sec, total_execs, edges_found
61, 9, 0, 3, 0, 0, 32.26%, 0, 0, 2, 325.38, 20005, 10
66, 9, 2, 3, 0, 0, 32.26%, 0, 0, 2, 325.73, 21672, 10
71, 11, 2, 3, 0, 0, 32.26%, 0, 0, 2, 328.42, 23370, 10
76, 11, 2, 3, 0, 0, 32.26%, 0, 0, 2, 323.48, 25037, 10
81, 12, 2, 3, 0, 0, 32.26%, 0, 0, 2, 328.68, 26753, 10
87, 14, 2, 3, 0, 0, 32.26%, 0, 0, 2, 329.79, 28412, 10
92, 15, 2, 3, 0, 0, 32.26%, 0, 0, 2, 327.81, 30092, 10
97, 15, 2, 3, 0, 0, 32.26%, 0, 0, 2, 324.91, 31756, 10
102, 16, 2, 3, 0, 0, 32.26%, 0, 0, 2, 328.65, 33466, 10
107, 17, 0, 3, 0, 0, 32.26%, 0, 0, 2, 323.07, 35134, 10
112, 18, 2, 3, 0, 0, 32.26%, 0, 0, 2, 327.84, 36837, 10
117, 19, 2, 3, 0, 0, 32.26%, 0, 0, 2, 328.77, 38493, 10
123, 20, 2, 3, 0, 0, 32.26%, 0, 0, 2, 323.44, 40163, 10
128, 21, 2, 3, 0, 0, 32.26%, 0, 0, 2, 323.10, 41824, 10
133, 22, 2, 3, 0, 0, 32.26%, 0, 0, 2, 328.92, 43525, 10
138, 22, 0, 3, 0, 0, 32.26%, 0, 0, 2, 323.72, 45190, 10
143, 23, 2, 3, 0, 0, 32.26%, 0, 0, 2, 329.57, 46848, 10
148, 25, 2, 3, 0, 0, 32.26%, 0, 0, 2, 329.72, 48561, 10
153, 26, 0, 3, 0, 0, 32.26%, 0, 0, 2, 327.78, 50211, 10
158, 26, 0, 3, 0, 0, 32.26%, 0, 0, 2, 321.46, 51869, 10
159, 26, 0, 3, 0, 0, 32.26%, 1, 0, 2, 311.66, 52044, 10
