# relative_time, cycles_done, cur_item, corpus_count, pending_total, pending_favs, map_size, saved_crashes, saved_hangs, max_depth, execs_per_sec, total_execs, edges_found
61, 5, 0, 1, 0, 0, 25.00%, 0, 0, 1, 326.65, 20067, 2
66, 6, 0, 1, 0, 0, 25.00%, 0, 0, 1, 325.98, 21727, 2
71, 6, 0, 1, 0, 0, 25.00%, 0, 0, 1, 324.21, 23394, 2
76, 7, 0, 1, 0, 0, 25.00%, 0, 0, 1, 324.73, 25048, 2
81, 7, 0, 1, 0, 0, 25.00%, 0, 0, 1, 324.91, 26697, 2
87, 8, 0, 1, 0, 0, 25.00%, 0, 0, 1, 324.83, 28370, 2
92, 8, 0, 1, 0, 0, 25.00%, 0, 0, 1, 326.06, 30048, 2
97, 9, 0, 1, 0, 0, 25.00%, 0, 0, 1, 324.96, 31703, 2
102, 9, 0, 1, 0, 0, 25.00%, 0, 0, 1, 325.46, 33363, 2
107, 10, 0, 1, 0, 0, 25.00%, 0, 0, 1, 318.89, 34994, 2
112, 10, 0, 1, 0, 0, 25.00%, 0, 0, 1, 321.92, 36643, 2
117, 11, 0, 1, 0, 0, 25.00%, 0, 0, 1, 326.27, 38327, 2
122, 11, 0, 1, 0, 0, 25.00%, 0, 0, 1, 325.40, 39982, 2
128, 12, 0, 1, 0, 0, 25.00%, 0, 0, 1, 326.22, 41654, 2
133, 12, 0, 1, 0, 0, 25.00%, 0, 0, 1, 324.44, 43315, 2
138, 13, 0, 1, 0, 0, 25.00%, 0, 0, 1, 322.25, 44963, 2
143, 13, 0, 1, 0, 0, 25.00%, 0, 0, 1, 326.20, 46636, 2
148, 13, 0, 1, 0, 0, 25.00%, 0, 0, 1, 325.07, 48285, 2
153, 14, 0, 1, 0, 0, 25.00%, 0, 0, 1, 325.59, 49945, 2
158, 14, 0, 1, 0, 0, 25.00%, 0, 0, 1, 326.45, 51594, 2
163, 15, 0, 1, 0, 0, 25.00%, 0, 0, 1, 325.66, 53266, 2
168, 15, 0, 1, 0, 0, 25.00%, 0, 0, 1, 325.45, 54915, 2
174, 16, 0, 1, 0, 0, 25.00%, 0, 0, 1, 326.45, 56606, 2
179, 16, 0, 1, 0, 0, 25.00%, 0, 0, 1, 325.47, 58284, 2
184, 17, 0, 1, 0, 0, 25.00%, 0, 0, 1, 324.61, 59951, 2
189, 17, 0, 1, 0, 0, 25.00%, 0, 0, 1, 325.17, 61629, 2
194, 18, 0, 1, 0, 0, 25.00%, 0, 0, 1, 324.89, 63278, 2
199, 18, 0, 1, 0, 0, 25.00%, 0, 0, 1, 325.46, 64944, 2
204, 19, 0, 1, 0, 0, 25.00%, 0, 0, 1, 326.11, 66611, 2
209, 19, 0, 1, 0, 0, 25.00%, 0, 0, 1, 325.58, 68272, 2
214, 20, 0, 1, 0, 0, 25.00%, 0, 0, 1, 325.61, 69932, 2
220, 20, 0, 1, 0, 0, 25.00%, 0, 0, 1, 326.04, 71605, 2
225, 21, 0, 1, 0, 0, 25.00%, 0, 0, 1, 326.19, 73265, 2
230, 21, 0, 1, 0, 0, 25.00%, 0, 0, 1, 324.91, 74920, 2
235, 21, 0, 1, 0, 0, 25.00%, 0, 0, 1, 325.01, 76575, 2
240, 22, 0, 1, 0, 0, 25.00%, 0, 0, 1, 325.59, 78235, 2
245, 22, 0, 1, 0, 0, 25.00%, 0, 0, 1, 325.71, 79890, 2
250, 23, 0, 1, 0, 0, 25.00%, 0, 0, 1, 326.07, 81556, 2
255, 23, 0, 1, 0, 0, 25.00%, 0, 0, 1, 326.97, 83229, 2
260, 24, 0, 1, 0, 0, 25.00%, 0, 0, 1, 327.16, 84907, 2
265, 24, 0, 1, 0, 0, 25.00%, 0, 0, 1, 326.10, 86562, 2
271, 25, 0, 1, 0, 0, 25.00%, 0, 0, 1, 325.80, 88223, 2
276, 25, 0, 1, 0, 0, 25.00%, 0, 0, 1, 326.14, 89877, 2
281, 26, 0, 1, 0, 0, 25.00%, 0, 0, 1, 325.93, 91538, 2
286, 26, 0, 1, 0, 0, 25.00%, 0, 0, 1, 325.93, 93198, 2
291, 27, 0, 1, 0, 0, 25.00%, 0, 0, 1, 325.54, 94883, 2
296, 27, 0, 1, 0, 0, 25.00%, 0, 0, 1, 324.28, 96538, 2
301, 28, 0, 1, 0, 0, 25.00%, 0, 0, 1, 326.43, 98192, 2
306, 28, 0, 1, 0, 0, 25.00%, 0, 0, 1, 326.88, 99883, 2
312, 29, 0, 1, 0, 0, 25.00%, 0, 0, 1, 325.56, 101555, 2
317, 29, 0, 1, 0, 0, 25.00%, 0, 0, 1, 325.15, 103222, 2
322, 30, 0, 1, 0, 0, 25.00%, 0, 0, 1, 324.73, 104877, 2
327, 30, 0, 1, 0, 0, 25.00%, 0, 0, 1, 325.13, 106550, 2
332, 30, 0, 1, 0, 0, 25.00%, 0, 0, 1, 325.95, 108223, 2
337, 31, 0, 1, 0, 0, 25.00%, 0, 0, 1, 326.04, 109883, 2
342, 31, 0, 1, 0, 0, 25.00%, 0, 0, 1, 326.23, 111556, 2
347, 32, 0, 1, 0, 0, 25.00%, 0, 0, 1, 325.52, 113210, 2
352, 32, 0, 1, 0, 0, 25.00%, 0, 0, 1, 324.91, 114865, 2
357, 33, 0, 1, 0, 0, 25.00%, 1, 0, 1, 316.28, 116368, 2
