# relative_time, cycles_done, cur_item, corpus_count, pending_total, pending_favs, map_size, saved_crashes, saved_hangs, max_depth, execs_per_sec, total_execs, edges_found
61, 11, 0, 3, 0, 0, 32.26%, 0, 0, 2, 323.68, 20087, 10
66, 12, 0, 3, 0, 0, 32.26%, 0, 0, 2, 320.92, 21735, 10
71, 12, 2, 3, 0, 0, 32.26%, 0, 0, 2, 323.56, 23408, 10
76, 13, 0, 3, 0, 0, 32.26%, 0, 0, 2, 320.93, 25070, 10
81, 14, 0, 3, 0, 0, 32.26%, 0, 0, 2, 327.64, 26782, 10
87, 14, 2, 3, 0, 0, 32.26%, 0, 0, 2, 325.74, 28461, 10
92, 15, 2, 3, 0, 0, 32.26%, 0, 0, 2, 323.72, 30146, 10
97, 16, 0, 3, 0, 0, 32.26%, 0, 0, 2, 329.27, 31862, 10
102, 17, 2, 3, 0, 0, 32.26%, 0, 0, 2, 326.55, 33544, 10
107, 18, 2, 3, 0, 0, 32.26%, 0, 0, 2, 328.14, 35248, 10
113, 19, 2, 3, 0, 0, 32.26%, 0, 0, 2, 329.28, 36955, 10
118, 20, 2, 3, 0, 0, 32.26%, 0, 0, 2, 329.75, 38671, 10
123, 22, 1, 3, 0, 0, 32.26%, 0, 0, 2, 329.50, 40381, 10
128, 23, 0, 3, 0, 0, 32.26%, 0, 0, 2, 324.46, 42070, 10
133, 24, 2, 3, 0, 0, 32.26%, 0, 0, 2, 326.90, 43701, 10
138, 25, 2, 3, 0, 0, 32.26%, 0, 0, 2, 329.50, 45366, 10
143, 26, 2, 3, 0, 0, 32.26%, 0, 0, 2, 328.90, 47052, 10
148, 26, 0, 3, 0, 0, 32.26%, 0, 0, 2, 320.57, 48654, 10
153, 28, 0, 3, 0, 0, 32.26%, 0, 0, 2, 326.83, 50360, 10
159, 28, 2, 3, 0, 0, 32.26%, 0, 0, 2, 325.99, 52033, 10
164, 30, 2, 3, 0, 0, 32.26%, 0, 0, 2, 328.56, 53686, 10
169, 30, 0, 3, 0, 0, 32.26%, 0, 0, 2, 323.83, 55363, 10
174, 31, 0, 3, 0, 0, 32.26%, 0, 0, 2, 322.80, 57027, 10
179, 32, 2, 3, 0, 0, 32.26%, 0, 0, 2, 327.79, 58739, 10
184, 33, 2, 3, 0, 0, 32.26%, 0, 0, 2, 328.95, 60455, 10
190, 34, 2, 3, 0, 0, 32.26%, 0, 0, 2, 323.87, 62122, 10
195, 34, 0, 3, 0, 0, 32.26%, 0, 0, 2, 323.39, 63805, 10
200, 35, 2, 3, 0, 0, 32.26%, 0, 0, 2, 328.79, 65496, 10
205, 36, 0, 3, 0, 0, 32.26%, 0, 0, 2, 323.97, 67158, 10
210, 37, 1, 3, 0, 0, 32.26%, 0, 0, 2, 323.71, 68767, 10
215, 38, 0, 3, 0, 0, 32.26%, 0, 0, 2, 326.96, 70456, 10
220, 38, 0, 3, 0, 0, 32.26%, 0, 0, 2, 322.41, 72120, 10
225, 38, 0, 3, 0, 0, 32.26%, 0, 0, 2, 320.74, 73769, 10
231, 40, 2, 3, 0, 0, 32.26%, 0, 0, 2, 327.25, 75478, 10
236, 40, 2, 3, 0, 0, 32.26%, 0, 0, 2, 324.76, 77151, 10
241, 41, 2, 3, 0, 0, 32.26%, 0, 0, 2, 324.85, 78823, 10
246, 41, 0, 3, 0, 0, 32.26%, 0, 0, 2, 323.35, 80510, 10
251, 42, 0, 3, 0, 0, 32.26%, 0, 0, 2, 322.45, 82189, 10
257, 43, 2, 3, 0, 0, 32.26%, 0, 0, 2, 327.46, 83892, 10
262, 44, 2, 3, 0, 0, 32.26%, 0, 0, 2, 325.38, 85571, 10
267, 44, 2, 3, 0, 0, 32.26%, 0, 0, 2, 323.93, 87232, 10
272, 45, 0, 3, 0, 0, 32.26%, 0, 0, 2, 325.05, 88918, 10
277, 46, 0, 3, 0, 0, 32.26%, 0, 0, 2, 324.48, 90585, 10
282, 47, 2, 3, 0, 0, 32.26%, 0, 0, 2, 326.07, 92270, 10
288, 48, 2, 3, 0, 0, 32.26%, 0, 0, 2, 329.53, 93974, 10
293, 49, 2, 3, 0, 0, 32.26%, 0, 0, 2, 330.30, 95681, 10
298, 50, 2, 3, 0, 0, 32.26%, 0, 0, 2, 328.04, 97373, 10
303, 51, 2, 3, 0, 0, 32.26%, 0, 0, 2, 325.71, 99040, 10
308, 52, 0, 3, 0, 0, 32.26%, 0, 0, 2, 324.03, 100711, 10
313, 53, 2, 3, 0, 0, 32.26%, 0, 0, 2, 327.71, 102402, 10
319, 53, 0, 3, 0, 0, 32.26%, 0, 0, 2, 324.29, 104094, 10
324, 54, 2, 3, 0, 0, 32.26%, 0, 0, 2, 321.71, 105742, 10
329, 55, 2, 3, 0, 0, 32.26%, 0, 0, 2, 326.37, 107434, 10
334, 55, 0, 3, 0, 0, 32.26%, 0, 0, 2, 323.16, 109102, 10
339, 57, 2, 3, 0, 0, 32.26%, 0, 0, 2, 329.55, 110820, 10
344, 58, 2, 3, 0, 0, 32.26%, 0, 0, 2, 330.07, 112533, 10
350, 59, 1, 3, 0, 0, 32.26%, 0, 0, 2, 325.40, 114206, 10
355, 60, 1, 3, 0, 0, 32.26%, 0, 0, 2, 328.34, 115853, 10
360, 61, 0, 3, 0, 0, 32.26%, 0, 0, 2, 326.94, 117530, 10
365, 62, 0, 3, 0, 0, 32.26%, 0, 0, 2, 322.44, 119179, 10
370, 63, 0, 3, 0, 0, 32.26%, 0, 0, 2, 326.57, 120864, 10
375, 63, 2, 3, 0, 0, 32.26%, 0, 0, 2, 324.62, 122522, 10
380, 64, 2, 3, 0, 0, 32.26%, 0, 0, 2, 328.69, 124178, 10
385, 66, 2, 3, 0, 0, 32.26%, 0, 0, 2, 327.73, 125837, 10
390, 67, 1, 3, 0, 0, 32.26%, 0, 0, 2, 327.81, 127529, 10
395, 68, 2, 3, 0, 0, 32.26%, 0, 0, 2, 330.17, 129188, 10
401, 69, 0, 3, 0, 0, 32.26%, 0, 0, 2, 324.42, 130859, 10
406, 70, 1, 3, 0, 0, 32.26%, 0, 0, 2, 327.73, 132565, 10
411, 71, 2, 3, 0, 0, 32.26%, 0, 0, 2, 329.54, 134272, 10
416, 72, 2, 3, 0, 0, 32.26%, 0, 0, 2, 329.12, 135922, 10
421, 73, 0, 3, 0, 0, 32.26%, 0, 0, 2, 324.84, 137608, 10
426, 74, 1, 3, 0, 0, 32.26%, 0, 0, 2, 328.87, 139302, 10
431, 76, 2, 3, 0, 0, 32.26%, 0, 0, 2, 327.09, 140949, 10
436, 77, 0, 3, 0, 0, 32.26%, 0, 0, 2, 327.25, 142596, 10
441, 77, 2, 3, 0, 0, 32.26%, 0, 0, 2, 327.05, 144275, 10
447, 79, 0, 3, 0, 0, 32.26%, 0, 0, 2, 327.12, 145961, 10
452, 79, 2, 3, 0, 0, 32.26%, 0, 0, 2, 325.74, 147631, 10
457, 80, 0, 3, 0, 0, 32.26%, 0, 0, 2, 325.20, 149329, 10
462, 81, 0, 3, 0, 0, 32.26%, 0, 0, 2, 324.44, 151008, 10
467, 81, 0, 3, 0, 0, 32.26%, 0, 0, 2, 317.61, 152645, 10
473, 82, 0, 3, 0, 0, 32.26%, 0, 0, 2, 323.10, 154324, 10
478, 83, 2, 3, 0, 0, 32.26%, 0, 0, 2, 325.37, 156003, 10
483, 84, 2, 3, 0, 0, 32.26%, 0, 0, 2, 328.85, 157713, 10
488, 85, 2, 3, 0, 0, 32.26%, 0, 0, 2, 329.54, 159420, 10
493, 86, 0, 3, 0, 0, 32.26%, 0, 0, 2, 328.06, 161127, 10
498, 87, 2, 3, 0, 0, 32.26%, 0, 0, 2, 327.04, 162806, 10
504, 88, 2, 3, 0, 0, 32.26%, 0, 0, 2, 324.02, 164473, 10
509, 89, 0, 3, 0, 0, 32.26%, 0, 0, 2, 325.73, 166165, 10
514, 89, 2, 3, 0, 0, 32.26%, 0, 0, 2, 325.53, 167832, 10
519, 91, 2, 3, 0, 0, 32.26%, 0, 0, 2, 329.20, 169554, 10
524, 92, 2, 3, 0, 0, 32.26%, 0, 0, 2, 329.73, 171207, 10
529, 92, 0, 3, 0, 0, 32.26%, 0, 0, 2, 323.46, 172878, 10
534, 93, 2, 3, 0, 0, 32.26%, 0, 0, 2, 323.36, 174535, 10
540, 93, 2, 3, 0, 0, 32.26%, 0, 0, 2, 322.14, 176199, 10
545, 94, 2, 3, 0, 0, 32.26%, 0, 0, 2, 328.28, 177891, 10
550, 95, 2, 3, 0, 0, 32.26%, 0, 0, 2, 324.20, 179558, 10
555, 96, 0, 3, 0, 0, 32.26%, 0, 0, 2, 324.32, 181247, 10
560, 96, 0, 3, 0, 0, 32.26%, 0, 0, 2, 323.71, 182908, 10
565, 97, 0, 3, 0, 0, 32.26%, 0, 0, 2, 325.10, 184584, 10
571, 98, 2, 3, 0, 0, 32.26%, 0, 0, 2, 325.97, 186251, 10
576, 99, 2, 3, 0, 0, 32.26%, 0, 0, 2, 328.25, 187961, 10
581, 100, 2, 3, 0, 0, 32.26%, 0, 0, 2, 322.46, 189628, 10
586, 100, 0, 3, 0, 0, 32.26%, 0, 0, 2, 322.31, 191296, 10
591, 102, 2, 3, 0, 0, 32.26%, 0, 0, 2, 328.10, 192990, 10
596, 102, 2, 3, 0, 0, 32.26%, 0, 0, 2, 323.79, 194654, 10
602, 103, 2, 3, 0, 0, 32.26%, 0, 0, 2, 323.85, 196327, 10
606, 104, 2, 3, 0, 0, 32.26%, 1, 0, 2, 314.49, 197654, 10
