# relative_time, cycles_done, cur_item, corpus_count, pending_total, pending_favs, map_size, saved_crashes, saved_hangs, max_depth, execs_per_sec, total_execs, edges_found
61, 6, 2, 3, 0, 0, 30.43%, 0, 0, 2, 325.22, 19998, 7
66, 7, 2, 3, 0, 0, 30.43%, 0, 0, 2, 324.43, 21662, 7
71, 7, 2, 3, 0, 0, 30.43%, 0, 0, 2, 326.26, 23338, 7
76, 8, 2, 3, 0, 0, 30.43%, 0, 0, 2, 324.68, 24996, 7
81, 9, 2, 3, 0, 0, 30.43%, 0, 0, 2, 324.34, 26664, 7
87, 10, 2, 3, 0, 0, 30.43%, 0, 0, 2, 323.38, 28316, 7
92, 10, 2, 3, 0, 0, 30.43%, 0, 0, 2, 324.50, 29980, 7
97, 11, 0, 3, 0, 0, 30.43%, 0, 0, 2, 326.03, 31636, 7
102, 12, 2, 3, 0, 0, 30.43%, 0, 0, 2, 325.61, 33307, 7
107, 12, 2, 3, 0, 0, 30.43%, 0, 0, 2, 323.28, 34952, 7
112, 13, 0, 3, 0, 0, 30.43%, 0, 0, 2, 323.59, 36616, 7
117, 13, 2, 3, 0, 0, 30.43%, 0, 0, 2, 324.89, 38285, 7
122, 14, 2, 3, 0, 0, 30.43%, 0, 0, 2, 323.59, 39947, 7
128, 15, 2, 3, 0, 0, 30.43%, 0, 0, 2, 323.00, 41581, 7
133, 16, 2, 3, 0, 0, 30.43%, 1, 0, 2, 15.04, 43175, 7
