# relative_time, cycles_done, cur_item, corpus_count, pending_total, pending_favs, map_size, saved_crashes, saved_hangs, max_depth, execs_per_sec, total_execs, edges_found
61, 7, 0, 3, 0, 0, 30.43%, 0, 0, 2, 327.50, 20259, 7
66, 8, 2, 3, 0, 0, 30.43%, 0, 0, 2, 330.26, 21966, 7
71, 9, 2, 3, 0, 0, 30.43%, 0, 0, 2, 333.49, 23666, 7
76, 10, 2, 3, 0, 0, 30.43%, 0, 0, 2, 333.56, 25396, 7
81, 10, 2, 3, 0, 0, 30.43%, 0, 0, 2, 334.18, 27088, 7
86, 11, 2, 3, 0, 0, 30.43%, 0, 0, 2, 332.85, 28770, 7
91, 12, 2, 3, 0, 0, 30.43%, 0, 0, 2, 329.11, 30434, 7
96, 13, 2, 3, 0, 0, 30.43%, 0, 0, 2, 334.41, 32132, 7
101, 14, 2, 3, 0, 0, 30.43%, 0, 0, 2, 329.70, 33838, 7
106, 15, 1, 3, 0, 0, 30.43%, 0, 0, 2, 330.31, 35496, 7
111, 15, 2, 3, 0, 0, 30.43%, 0, 0, 2, 319.77, 37073, 7
117, 16, 0, 3, 0, 0, 30.43%, 0, 0, 2, 329.11, 38737, 7
122, 17, 0, 3, 0, 0, 30.43%, 0, 0, 2, 318.06, 40374, 7
127, 17, 2, 3, 0, 0, 30.43%, 0, 0, 2, 319.18, 41959, 7
132, 18, 2, 3, 0, 0, 30.43%, 0, 0, 2, 329.69, 43623, 7
137, 19, 2, 3, 0, 0, 30.43%, 0, 0, 2, 331.36, 45311, 7
142, 20, 0, 3, 0, 0, 30.43%, 0, 0, 2, 330.27, 47033, 7
147, 20, 2, 3, 0, 0, 30.43%, 0, 0, 2, 326.40, 48728, 7
152, 21, 2, 3, 0, 0, 30.43%, 0, 0, 2, 325.11, 50403, 7
157, 21, 2, 3, 0, 0, 30.43%, 0, 0, 2, 329.57, 52067, 7
159, 22, 2, 3, 0, 0, 30.43%, 1, 0, 2, 321.32, 52676, 7
