# relative_time, cycles_done, cur_item, corpus_count, pending_total, pending_favs, map_size, saved_crashes, saved_hangs, max_depth, execs_per_sec, total_execs, edges_found
61, 5, 0, 1, 0, 0, 25.00%, 0, 0, 1, 324.99, 20115, 2
66, 6, 0, 1, 0, 0, 25.00%, 0, 0, 1, 326.50, 21781, 2
72, 6, 0, 1, 0, 0, 25.00%, 0, 0, 1, 327.10, 23478, 2
77, 7, 0, 1, 0, 0, 25.00%, 0, 0, 1, 326.88, 25168, 2
82, 7, 0, 1, 0, 0, 25.00%, 0, 0, 1, 325.27, 26829, 2
87, 8, 0, 1, 0, 0, 25.00%, 0, 0, 1, 326.48, 28507, 2
92, 8, 0, 1, 0, 0, 25.00%, 0, 0, 1, 325.92, 30168, 2
97, 9, 0, 1, 0, 0, 25.00%, 0, 0, 1, 326.14, 31823, 2
102, 9, 0, 1, 0, 0, 25.00%, 0, 0, 1, 322.76, 33471, 2
107, 10, 0, 1, 0, 0, 25.00%, 0, 0, 1, 325.49, 35132, 2
112, 10, 0, 1, 0, 0, 25.00%, 0, 0, 1, 314.10, 36750, 2
118, 11, 0, 1, 0, 0, 25.00%, 0, 0, 1, 324.47, 38429, 2
123, 11, 0, 1, 0, 0, 25.00%, 0, 0, 1, 327.15, 40108, 2
128, 12, 0, 1, 0, 0, 25.00%, 0, 0, 1, 326.01, 41768, 2
133, 12, 0, 1, 0, 0, 25.00%, 0, 0, 1, 325.39, 43429, 2
138, 13, 0, 1, 0, 0, 25.00%, 0, 0, 1, 323.31, 45096, 2
142, 13, 0, 1, 0, 0, 25.00%, 1, 0, 1, 316.63, 46416, 2
