# relative_time, cycles_done, cur_item, corpus_count, pending_total, pending_favs, map_size, saved_crashes, saved_hangs, max_depth, execs_per_sec, total_execs, edges_found
61, 9, 2, 3, 0, 0, 36.00%, 0, 0, 2, 325.42, 19936, 9
66, 10, 2, 3, 0, 0, 36.00%, 0, 0, 2, 327.54, 21619, 9
71, 11, 2, 3, 0, 0, 36.00%, 0, 0, 2, 328.10, 23311, 9
76, 11, 0, 3, 0, 0, 36.00%, 0, 0, 2, 319.59, 24963, 9
82, 12, 0, 3, 0, 0, 36.00%, 0, 0, 2, 319.44, 26612, 9
87, 12, 0, 3, 0, 0, 36.00%, 0, 0, 2, 320.43, 28273, 9
92, 13, 0, 3, 0, 0, 36.00%, 0, 0, 2, 319.65, 29921, 9
97, 13, 2, 3, 0, 0, 36.00%, 0, 0, 2, 322.77, 31573, 9
102, 14, 2, 3, 0, 0, 36.00%, 0, 0, 2, 326.15, 33271, 9
107, 15, 0, 3, 0, 0, 36.00%, 0, 0, 2, 320.77, 34933, 9
113, 16, 2, 3, 0, 0, 36.00%, 0, 0, 2, 326.69, 36639, 9
118, 18, 2, 3, 0, 0, 36.00%, 0, 0, 2, 326.18, 38328, 9
123, 18, 0, 3, 0, 0, 36.00%, 0, 0, 2, 322.17, 39986, 9
128, 18, 0, 3, 0, 0, 36.00%, 0, 0, 2, 319.03, 41629, 9
133, 19, 2, 3, 0, 0, 36.00%, 0, 0, 2, 325.36, 43260, 9
138, 21, 1, 3, 0, 0, 36.00%, 0, 0, 2, 327.14, 44970, 9
143, 21, 2, 3, 0, 0, 36.00%, 0, 0, 2, 322.98, 46640, 9
149, 22, 0, 3, 0, 0, 36.00%, 0, 0, 2, 322.03, 48317, 9
154, 22, 0, 3, 0, 0, 36.00%, 0, 0, 2, 321.35, 49978, 9
159, 23, 0, 3, 0, 0, 36.00%, 0, 0, 2, 323.07, 51660, 9
164, 24, 0, 3, 0, 0, 36.00%, 0, 0, 2, 320.59, 53318, 9
169, 25, 0, 3, 0, 0, 36.00%, 0, 0, 2, 321.29, 54982, 9
174, 25, 2, 3, 0, 0, 36.00%, 0, 0, 2, 325.23, 56610, 9
179, 27, 2, 3, 0, 0, 36.00%, 0, 0, 2, 326.86, 58254, 9
185, 27, 2, 3, 0, 0, 36.00%, 0, 0, 2, 322.25, 59906, 9
190, 28, 0, 3, 0, 0, 36.00%, 0, 0, 2, 322.13, 61592, 9
195, 29, 2, 3, 0, 0, 36.00%, 0, 0, 2, 325.80, 63283, 9
200, 30, 0, 3, 0, 0, 36.00%, 0, 0, 2, 325.32, 64966, 9
205, 30, 0, 3, 0, 0, 36.00%, 0, 0, 2, 320.17, 66615, 9
210, 31, 0, 3, 0, 0, 36.00%, 0, 0, 2, 323.40, 68303, 9
216, 32, 0, 3, 0, 0, 36.00%, 0, 0, 2, 324.61, 69979, 9
221, 32, 2, 3, 0, 0, 36.00%, 0, 0, 2, 322.22, 71577, 9
226, 32, 0, 3, 0, 0, 36.00%, 0, 0, 2, 320.10, 73229, 9
231, 33, 0, 3, 0, 0, 36.00%, 0, 0, 2, 320.98, 74893, 9
236, 33, 0, 3, 0, 0, 36.00%, 0, 0, 2, 317.85, 76542, 9
241, 34, 0, 3, 0, 0, 36.00%, 0, 0, 2, 322.98, 78221, 9
247, 35, 2, 3, 0, 0, 36.00%, 0, 0, 2, 323.87, 79882, 9
252, 36, 0, 3, 0, 0, 36.00%, 0, 0, 2, 322.70, 81550, 9
257, 37, 2, 3, 0, 0, 36.00%, 0, 0, 2, 325.50, 83232, 9
262, 37, 2, 3, 0, 0, 36.00%, 0, 0, 2, 323.39, 84905, 9
267, 38, 2, 3, 0, 0, 36.00%, 0, 0, 2, 326.07, 86606, 9
272, 39, 2, 3, 0, 0, 36.00%, 0, 0, 2, 323.76, 88261, 9
274, 39, 2, 3, 0, 0, 36.00%, 1, 0, 2, 0.00, 88656, 9
