# relative_time, cycles_done, cur_item, corpus_count, pending_total, pending_favs, map_size, saved_crashes, saved_hangs, max_depth, execs_per_sec, total_execs, edges_found
61, 10, 2, 3, 0, 0, 32.26%, 0, 0, 2, 328.33, 20027, 10
66, 11, 2, 3, 0, 0, 32.26%, 0, 0, 2, 329.83, 21719, 10
71, 12, 2, 3, 0, 0, 32.26%, 0, 0, 2, 328.64, 23417, 10
76, 13, 0, 3, 0, 0, 32.26%, 0, 0, 2, 327.44, 25124, 10
81, 14, 2, 3, 0, 0, 32.26%, 0, 0, 2, 328.29, 26806, 10
87, 15, 0, 3, 0, 0, 32.26%, 0, 0, 2, 323.59, 28474, 10
92, 16, 0, 3, 0, 0, 32.26%, 0, 0, 2, 326.20, 30165, 10
97, 16, 0, 3, 0, 0, 32.26%, 0, 0, 2, 323.69, 31829, 10
102, 17, 0, 3, 0, 0, 32.26%, 0, 0, 2, 322.45, 33493, 10
107, 17, 2, 3, 0, 0, 32.26%, 0, 0, 2, 322.29, 35141, 10
112, 17, 2, 3, 0, 0, 32.26%, 0, 0, 2, 320.25, 36793, 10
118, 18, 0, 3, 0, 0, 32.26%, 0, 0, 2, 325.56, 38488, 10
123, 19, 0, 3, 0, 0, 32.26%, 0, 0, 2, 324.77, 40161, 10
128, 20, 2, 3, 0, 0, 32.26%, 0, 0, 2, 325.83, 41843, 10
133, 20, 2, 3, 0, 0, 32.26%, 0, 0, 2, 322.51, 43495, 10
138, 21, 0, 3, 0, 0, 32.26%, 0, 0, 2, 325.40, 45136, 10
143, 22, 0, 3, 0, 0, 32.26%, 0, 0, 2, 326.63, 46818, 10
148, 22, 2, 3, 0, 0, 32.26%, 0, 0, 2, 324.93, 48476, 10
153, 24, 2, 3, 0, 0, 32.26%, 0, 0, 2, 328.22, 50144, 10
158, 25, 0, 3, 0, 0, 32.26%, 0, 0, 2, 327.70, 51803, 10
164, 26, 2, 3, 0, 0, 32.26%, 0, 0, 2, 326.14, 53476, 10
169, 26, 0, 3, 0, 0, 32.26%, 0, 0, 2, 324.24, 55165, 10
174, 27, 0, 3, 0, 0, 32.26%, 0, 0, 2, 321.73, 56817, 10
179, 28, 2, 3, 0, 0, 32.26%, 0, 0, 2, 329.12, 58541, 10
184, 29, 2, 3, 0, 0, 32.26%, 0, 0, 2, 329.54, 60257, 10
189, 30, 0, 3, 0, 0, 32.26%, 0, 0, 2, 326.61, 61904, 10
195, 31, 0, 3, 0, 0, 32.26%, 0, 0, 2, 326.28, 63589, 10
200, 31, 0, 3, 0, 0, 32.26%, 0, 0, 2, 321.61, 65238, 10
205, 32, 2, 3, 0, 0, 32.26%, 0, 0, 2, 324.80, 66926, 10
210, 33, 0, 3, 0, 0, 32.26%, 0, 0, 2, 324.73, 68597, 10
215, 33, 0, 3, 0, 0, 32.26%, 0, 0, 2, 325.26, 70291, 10
219, 34, 0, 3, 0, 0, 32.26%, 1, 0, 2, 308.51, 71564, 10
