# relative_time, cycles_done, cur_item, corpus_count, pending_total, pending_favs, map_size, saved_crashes, saved_hangs, max_depth, execs_per_sec, total_execs, edges_found
61, 11, 1, 3, 0, 0, 32.26%, 0, 0, 2, 326.18, 20093, 10
66, 12, 1, 3, 0, 0, 32.26%, 0, 0, 2, 329.74, 21755, 10
71, 13, 0, 3, 0, 0, 32.26%, 0, 0, 2, 327.36, 23459, 10
76, 14, 2, 3, 0, 0, 32.26%, 0, 0, 2, 323.38, 25117, 10
81, 15, 2, 3, 0, 0, 32.26%, 0, 0, 2, 326.73, 26815, 10
86, 16, 0, 3, 0, 0, 32.26%, 0, 0, 2, 326.51, 28456, 10
91, 17, 1, 3, 0, 0, 32.26%, 0, 0, 2, 327.33, 30144, 10
97, 18, 1, 3, 0, 0, 32.26%, 0, 0, 2, 329.47, 31809, 10
102, 18, 0, 3, 0, 0, 32.26%, 0, 0, 2, 323.08, 33474, 10
107, 19, 2, 3, 0, 0, 32.26%, 0, 0, 2, 323.91, 35143, 10
112, 20, 0, 3, 0, 0, 32.26%, 0, 0, 2, 326.61, 36826, 10
117, 21, 1, 3, 0, 0, 32.26%, 0, 0, 2, 327.39, 38517, 10
122, 21, 1, 3, 0, 0, 32.26%, 0, 0, 2, 324.93, 40196, 10
127, 22, 0, 3, 0, 0, 32.26%, 0, 0, 2, 326.63, 41855, 10
133, 23, 1, 3, 0, 0, 32.26%, 0, 0, 2, 325.81, 43516, 10
138, 24, 0, 3, 0, 0, 32.26%, 0, 0, 2, 324.76, 45199, 10
143, 25, 1, 3, 0, 0, 32.26%, 0, 0, 2, 325.66, 46887, 10
148, 25, 0, 3, 0, 0, 32.26%, 0, 0, 2, 322.25, 48541, 10
153, 26, 2, 3, 0, 0, 32.26%, 0, 0, 2, 327.60, 50237, 10
158, 27, 2, 3, 0, 0, 32.26%, 0, 0, 2, 329.47, 51899, 10
163, 28, 0, 3, 0, 0, 32.26%, 0, 0, 2, 324.43, 53558, 10
169, 29, 1, 3, 0, 0, 32.26%, 0, 0, 2, 329.16, 55264, 10
174, 30, 1, 3, 0, 0, 32.26%, 0, 0, 2, 329.71, 56977, 10
179, 31, 1, 3, 0, 0, 32.26%, 0, 0, 2, 325.52, 58650, 10
184, 32, 0, 3, 0, 0, 32.26%, 0, 0, 2, 324.90, 60342, 10
189, 33, 1, 3, 0, 0, 32.26%, 0, 0, 2, 326.87, 62027, 10
194, 34, 0, 3, 0, 0, 32.26%, 0, 0, 2, 326.43, 63731, 10
200, 34, 2, 3, 0, 0, 32.26%, 0, 0, 2, 325.25, 65407, 10
205, 35, 0, 3, 0, 0, 32.26%, 0, 0, 2, 327.56, 67063, 10
210, 36, 1, 3, 0, 0, 32.26%, 0, 0, 2, 323.98, 68724, 10
215, 37, 1, 3, 0, 0, 32.26%, 0, 0, 2, 326.13, 70428, 10
220, 38, 1, 3, 0, 0, 32.26%, 0, 0, 2, 326.53, 72069, 10
225, 39, 1, 3, 0, 0, 32.26%, 0, 0, 2, 329.54, 73785, 10
230, 40, 0, 3, 0, 0, 32.26%, 0, 0, 2, 325.87, 75471, 10
236, 41, 2, 3, 0, 0, 32.26%, 0, 0, 2, 325.31, 77156, 10
241, 42, 0, 3, 0, 0, 32.26%, 0, 0, 2, 325.86, 78854, 10
246, 43, 2, 3, 0, 0, 32.26%, 0, 0, 2, 326.74, 80536, 10
251, 43, 2, 3, 0, 0, 32.26%, 0, 0, 2, 321.80, 82191, 10
256, 44, 0, 3, 0, 0, 32.26%, 0, 0, 2, 322.32, 83852, 10
261, 44, 1, 3, 0, 0, 32.26%, 0, 0, 2, 324.24, 85522, 10
267, 45, 0, 3, 0, 0, 32.26%, 0, 0, 2, 323.81, 87202, 10
272, 46, 2, 3, 0, 0, 32.26%, 0, 0, 2, 324.38, 88869, 10
277, 47, 1, 3, 0, 0, 32.26%, 0, 0, 2, 326.99, 90573, 10
282, 48, 0, 3, 0, 0, 32.26%, 0, 0, 2, 324.24, 92250, 10
287, 49, 1, 3, 0, 0, 32.26%, 0, 0, 2, 326.05, 93947, 10
292, 50, 1, 3, 0, 0, 32.26%, 0, 0, 2, 318.31, 95609, 10
298, 51, 2, 3, 0, 0, 32.26%, 0, 0, 2, 320.23, 97255, 10
303, 51, 1, 3, 0, 0, 32.26%, 0, 0, 2, 325.24, 98940, 10
308, 52, 0, 3, 0, 0, 32.26%, 0, 0, 2, 326.09, 100632, 10
313, 53, 1, 3, 0, 0, 32.26%, 0, 0, 2, 325.73, 102299, 10
318, 54, 1, 3, 0, 0, 32.26%, 0, 0, 2, 329.18, 104015, 10
323, 55, 1, 3, 0, 0, 32.26%, 0, 0, 2, 329.49, 105716, 10
329, 56, 1, 3, 0, 0, 32.26%, 0, 0, 2, 329.07, 107426, 10
334, 57, 0, 3, 0, 0, 32.26%, 0, 0, 2, 323.00, 109078, 10
339, 58, 1, 3, 0, 0, 32.26%, 0, 0, 2, 326.94, 110772, 10
344, 59, 2, 3, 0, 0, 32.26%, 0, 0, 2, 329.87, 112476, 10
349, 60, 1, 3, 0, 0, 32.26%, 0, 0, 2, 328.27, 114159, 10
355, 61, 1, 3, 0, 0, 32.26%, 0, 0, 2, 327.22, 115863, 10
360, 62, 1, 3, 0, 0, 32.26%, 0, 0, 2, 329.03, 117579, 10
365, 63, 2, 3, 0, 0, 32.26%, 0, 0, 2, 328.49, 119277, 10
370, 65, 1, 3, 0, 0, 32.26%, 0, 0, 2, 329.37, 120933, 10
375, 66, 1, 3, 0, 0, 32.26%, 0, 0, 2, 328.32, 122616, 10
380, 67, 0, 3, 0, 0, 32.26%, 0, 0, 2, 325.90, 124260, 10
385, 67, 0, 3, 0, 0, 32.26%, 0, 0, 2, 323.60, 125930, 10
390, 68, 1, 3, 0, 0, 32.26%, 0, 0, 2, 325.95, 127597, 10
396, 68, 1, 3, 0, 0, 32.26%, 0, 0, 2, 325.27, 129264, 10
401, 70, 0, 3, 0, 0, 32.26%, 0, 0, 2, 326.75, 130962, 10
406, 70, 2, 3, 0, 0, 32.26%, 0, 0, 2, 323.41, 132629, 10
411, 71, 2, 3, 0, 0, 32.26%, 0, 0, 2, 326.83, 134312, 10
416, 72, 1, 3, 0, 0, 32.26%, 0, 0, 2, 328.25, 136022, 10
421, 74, 1, 3, 0, 0, 32.26%, 0, 0, 2, 328.99, 137726, 10
427, 75, 1, 3, 0, 0, 32.26%, 0, 0, 2, 328.07, 139424, 10
432, 75, 1, 3, 0, 0, 32.26%, 0, 0, 2, 321.22, 141085, 10
437, 76, 1, 3, 0, 0, 32.26%, 0, 0, 2, 327.64, 142774, 10
442, 77, 1, 3, 0, 0, 32.26%, 0, 0, 2, 323.53, 144429, 10
447, 78, 0, 3, 0, 0, 32.26%, 0, 0, 2, 322.77, 146109, 10
452, 79, 1, 3, 0, 0, 32.26%, 0, 0, 2, 323.34, 147776, 10
457, 80, 2, 3, 0, 0, 32.26%, 0, 0, 2, 327.11, 149423, 10
462, 81, 2, 3, 0, 0, 32.26%, 0, 0, 2, 327.40, 151061, 10
467, 82, 0, 3, 0, 0, 32.26%, 0, 0, 2, 323.73, 152720, 10
473, 83, 1, 3, 0, 0, 32.26%, 0, 0, 2, 328.85, 154369, 10
478, 84, 1, 3, 0, 0, 32.26%, 0, 0, 2, 328.23, 156007, 10
483, 84, 1, 3, 0, 0, 32.26%, 0, 0, 2, 322.47, 157668, 10
488, 85, 1, 3, 0, 0, 32.26%, 0, 0, 2, 327.74, 159375, 10
493, 87, 1, 3, 0, 0, 32.26%, 0, 0, 2, 327.59, 161049, 10
498, 88, 1, 3, 0, 0, 32.26%, 0, 0, 2, 328.86, 162759, 10
503, 89, 0, 3, 0, 0, 32.26%, 0, 0, 2, 325.94, 164454, 10
509, 90, 2, 3, 0, 0, 32.26%, 0, 0, 2, 326.84, 166136, 10
514, 91, 1, 3, 0, 0, 32.26%, 0, 0, 2, 329.04, 167831, 10
519, 92, 1, 3, 0, 0, 32.26%, 0, 0, 2, 329.32, 169529, 10
524, 92, 1, 3, 0, 0, 32.26%, 0, 0, 2, 326.45, 171208, 10
529, 94, 1, 3, 0, 0, 32.26%, 0, 0, 2, 329.77, 172924, 10
534, 94, 0, 3, 0, 0, 32.26%, 0, 0, 2, 323.92, 174589, 10
540, 95, 1, 3, 0, 0, 32.26%, 0, 0, 2, 327.04, 176274, 10
545, 96, 1, 3, 0, 0, 32.26%, 0, 0, 2, 327.64, 177948, 10
550, 97, 1, 3, 0, 0, 32.26%, 0, 0, 2, 325.02, 179615, 10
555, 98, 1, 3, 0, 0, 32.26%, 0, 0, 2, 329.29, 181274, 10
560, 99, 1, 3, 0, 0, 32.26%, 0, 0, 2, 328.36, 182972, 10
565, 100, 0, 3, 0, 0, 32.26%, 0, 0, 2, 324.93, 184658, 10
570, 101, 0, 3, 0, 0, 32.26%, 0, 0, 2, 325.27, 186334, 10
575, 102, 2, 3, 0, 0, 32.26%, 0, 0, 2, 324.12, 187998, 10
581, 102, 0, 3, 0, 0, 32.26%, 0, 0, 2, 322.23, 189672, 10
586, 103, 0, 3, 0, 0, 32.26%, 0, 0, 2, 325.70, 191354, 10
591, 104, 1, 3, 0, 0, 32.26%, 0, 0, 2, 325.86, 193021, 10
596, 105, 0, 3, 0, 0, 32.26%, 0, 0, 2, 322.87, 194686, 10
601, 105, 1, 3, 0, 0, 32.26%, 0, 0, 2, 325.36, 196353, 10
606, 107, 2, 3, 0, 0, 32.26%, 0, 0, 2, 324.52, 198039, 10
612, 108, 1, 3, 0, 0, 32.26%, 0, 0, 2, 322.67, 199701, 10
617, 109, 1, 3, 0, 0, 32.26%, 0, 0, 2, 305.18, 201252, 10
622, 110, 1, 3, 0, 0, 32.26%, 0, 0, 2, 319.55, 202902, 10
622, 110, 1, 3, 0, 0, 32.26%, 1, 0, 2, 309.70, 202942, 10
