# relative_time, cycles_done, cur_item, corpus_count, pending_total, pending_favs, map_size, saved_crashes, saved_hangs, max_depth, execs_per_sec, total_execs, edges_found
60, 8, 2, 3, 0, 0, 30.43%, 0, 0, 2, 333.41, 20352, 7
66, 8, 0, 3, 0, 0, 30.43%, 0, 0, 2, 328.08, 22054, 7
71, 9, 2, 3, 0, 0, 30.43%, 0, 0, 2, 332.81, 23733, 7
76, 10, 0, 3, 0, 0, 30.43%, 0, 0, 2, 330.12, 25395, 7
81, 10, 2, 3, 0, 0, 30.43%, 0, 0, 2, 331.73, 27114, 7
86, 11, 2, 3, 0, 0, 30.43%, 0, 0, 2, 332.57, 28796, 7
91, 12, 2, 3, 0, 0, 30.43%, 0, 0, 2, 334.82, 30482, 7
96, 12, 0, 3, 0, 0, 30.43%, 0, 0, 2, 327.26, 32139, 7
101, 13, 2, 3, 0, 0, 30.43%, 0, 0, 2, 331.34, 33846, 7
106, 13, 2, 3, 0, 0, 30.43%, 0, 0, 2, 326.28, 35521, 7
111, 14, 2, 3, 0, 0, 30.43%, 0, 0, 2, 331.24, 37215, 7
116, 14, 2, 3, 0, 0, 30.43%, 0, 0, 2, 332.60, 38883, 7
122, 15, 2, 3, 0, 0, 30.43%, 0, 0, 2, 334.00, 40577, 7
127, 16, 2, 3, 0, 0, 30.43%, 0, 0, 2, 334.40, 42283, 7
132, 17, 2, 3, 0, 0, 30.43%, 0, 0, 2, 334.96, 43971, 7
137, 18, 2, 3, 0, 0, 30.43%, 0, 0, 2, 334.73, 45677, 7
142, 18, 2, 3, 0, 0, 30.43%, 0, 0, 2, 334.71, 47359, 7
147, 19, 2, 3, 0, 0, 30.43%, 0, 0, 2, 328.82, 49046, 7
152, 20, 2, 3, 0, 0, 30.43%, 0, 0, 2, 332.65, 50728, 7
157, 20, 2, 3, 0, 0, 30.43%, 0, 0, 2, 333.75, 52416, 7
162, 21, 2, 3, 0, 0, 30.43%, 0, 0, 2, 333.91, 54096, 7
167, 22, 2, 3, 0, 0, 30.43%, 0, 0, 2, 332.89, 55772, 7
172, 23, 2, 3, 0, 0, 30.43%, 0, 0, 2, 333.98, 57454, 7
177, 23, 0, 3, 0, 0, 30.43%, 0, 0, 2, 330.07, 59164, 7
182, 24, 0, 3, 0, 0, 30.43%, 0, 0, 2, 327.87, 60851, 7
187, 24, 2, 3, 0, 0, 30.43%, 0, 0, 2, 331.83, 62510, 7
193, 25, 2, 3, 0, 0, 30.43%, 0, 0, 2, 333.50, 64246, 7
198, 26, 2, 3, 0, 0, 30.43%, 0, 0, 2, 332.69, 65928, 7
203, 26, 2, 3, 0, 0, 30.43%, 0, 0, 2, 326.82, 67609, 7
208, 27, 2, 3, 0, 0, 30.43%, 0, 0, 2, 332.65, 69303, 7
213, 28, 2, 3, 0, 0, 30.43%, 0, 0, 2, 329.18, 70948, 7
218, 28, 2, 3, 0, 0, 30.43%, 0, 0, 2, 333.21, 72636, 7
223, 29, 2, 3, 0, 0, 30.43%, 0, 0, 2, 332.40, 74322, 7
225, 29, 0, 3, 0, 0, 30.43%, 1, 0, 2, 316.44, 74813, 7
