# relative_time, cycles_done, cur_item, corpus_count, pending_total, pending_favs, map_size, saved_crashes, saved_hangs, max_depth, execs_per_sec, total_execs, edges_found
61, 7, 2, 3, 1, 0, 30.43%, 0, 0, 2, 326.01, 19974, 7
66, 7, 2, 3, 1, 0, 30.43%, 0, 0, 2, 326.09, 21656, 7
71, 8, 2, 3, 0, 0, 30.43%, 0, 0, 2, 325.70, 23322, 7
76, 9, 2, 3, 0, 0, 30.43%, 0, 0, 2, 325.98, 24992, 7
82, 10, 2, 3, 0, 0, 30.43%, 0, 0, 2, 325.13, 26650, 7
87, 11, 2, 3, 0, 0, 30.43%, 0, 0, 2, 326.32, 28332, 7
92, 11, 2, 3, 0, 0, 30.43%, 0, 0, 2, 324.42, 30001, 7
97, 12, 2, 3, 0, 0, 30.43%, 0, 0, 2, 324.77, 31664, 7
102, 13, 2, 3, 0, 0, 30.43%, 0, 0, 2, 325.56, 33334, 7
107, 14, 2, 3, 0, 0, 30.43%, 0, 0, 2, 325.85, 35010, 7
112, 14, 2, 3, 0, 0, 30.43%, 0, 0, 2, 326.02, 36674, 7
117, 15, 2, 3, 0, 0, 30.43%, 0, 0, 2, 326.94, 38348, 7
123, 16, 2, 3, 0, 0, 30.43%, 0, 0, 2, 323.43, 40005, 7
128, 16, 2, 3, 0, 0, 30.43%, 0, 0, 2, 325.44, 41674, 7
133, 17, 2, 3, 0, 0, 30.43%, 0, 0, 2, 326.21, 43338, 7
138, 18, 2, 3, 0, 0, 30.43%, 0, 0, 2, 326.21, 45008, 7
143, 18, 2, 3, 0, 0, 30.43%, 0, 0, 2, 325.57, 46672, 7
148, 19, 2, 3, 0, 0, 30.43%, 0, 0, 2, 324.97, 48330, 7
153, 20, 2, 3, 0, 0, 30.43%, 0, 0, 2, 323.50, 49987, 7
158, 20, 0, 3, 0, 0, 30.43%, 0, 0, 2, 324.53, 51661, 7
164, 21, 2, 3, 0, 0, 30.43%, 0, 0, 2, 325.40, 53338, 7
169, 21, 2, 3, 0, 0, 30.43%, 0, 0, 2, 322.72, 55000, 7
174, 22, 2, 3, 0, 0, 30.43%, 0, 0, 2, 324.95, 56664, 7
179, 23, 2, 3, 0, 0, 30.43%, 0, 0, 2, 325.62, 58328, 7
184, 24, 1, 3, 0, 0, 30.43%, 0, 0, 2, 325.86, 59985, 7
189, 25, 2, 3, 0, 0, 30.43%, 0, 0, 2, 325.64, 61648, 7
194, 25, 2, 3, 0, 0, 30.43%, 0, 0, 2, 324.86, 63318, 7
199, 26, 0, 3, 0, 0, 30.43%, 0, 0, 2, 322.30, 64972, 7
205, 27, 2, 3, 0, 0, 30.43%, 0, 0, 2, 324.95, 66651, 7
210, 27, 2, 3, 0, 0, 30.43%, 0, 0, 2, 322.78, 68302, 7
215, 28, 2, 3, 0, 0, 30.43%, 0, 0, 2, 323.58, 69966, 7
220, 29, 2, 3, 0, 0, 30.43%, 0, 0, 2, 326.04, 71636, 7
225, 29, 2, 3, 0, 0, 30.43%, 0, 0, 2, 325.80, 73304, 7
230, 30, 2, 3, 0, 0, 30.43%, 0, 0, 2, 326.66, 74980, 7
235, 30, 2, 3, 0, 0, 30.43%, 0, 0, 2, 324.32, 76631, 7
240, 31, 2, 3, 0, 0, 30.43%, 0, 0, 2, 325.52, 78307, 7
246, 32, 0, 3, 0, 0, 30.43%, 0, 0, 2, 323.69, 79973, 7
251, 32, 2, 3, 0, 0, 30.43%, 0, 0, 2, 325.08, 81646, 7
256, 33, 2, 3, 0, 0, 30.43%, 0, 0, 2, 325.18, 83310, 7
261, 34, 2, 3, 0, 0, 30.43%, 0, 0, 2, 324.50, 84978, 7
266, 35, 2, 3, 0, 0, 30.43%, 0, 0, 2, 325.51, 86654, 7
271, 36, 2, 3, 0, 0, 30.43%, 0, 0, 2, 326.49, 88330, 7
276, 36, 2, 3, 0, 0, 30.43%, 0, 0, 2, 325.82, 89994, 7
282, 37, 2, 3, 0, 0, 30.43%, 0, 0, 2, 324.99, 91670, 7
287, 38, 2, 3, 0, 0, 30.43%, 0, 0, 2, 326.10, 93338, 7
292, 39, 2, 3, 0, 0, 30.43%, 0, 0, 2, 326.07, 95008, 7
297, 39, 2, 3, 0, 0, 30.43%, 0, 0, 2, 324.08, 96654, 7
302, 40, 2, 3, 0, 0, 30.43%, 0, 0, 2, 325.36, 98324, 7
307, 41, 2, 3, 0, 0, 30.43%, 0, 0, 2, 324.87, 99980, 7
312, 41, 2, 3, 0, 0, 30.43%, 0, 0, 2, 322.52, 101627, 7
317, 42, 2, 3, 0, 0, 30.43%, 0, 0, 2, 325.67, 103295, 7
323, 43, 2, 3, 0, 0, 30.43%, 0, 0, 2, 324.99, 104971, 7
328, 44, 2, 3, 0, 0, 30.43%, 0, 0, 2, 326.88, 106653, 7
333, 45, 2, 3, 0, 0, 30.43%, 0, 0, 2, 325.21, 108309, 7
338, 45, 2, 3, 0, 0, 30.43%, 0, 0, 2, 323.43, 109967, 7
343, 46, 0, 3, 0, 0, 30.43%, 0, 0, 2, 322.27, 111618, 7
348, 46, 2, 3, 0, 0, 30.43%, 0, 0, 2, 323.52, 113269, 7
353, 47, 0, 3, 0, 0, 30.43%, 0, 0, 2, 323.24, 114923, 7
358, 47, 2, 3, 0, 0, 30.43%, 0, 0, 2, 322.06, 116578, 7
364, 48, 2, 3, 0, 0, 30.43%, 0, 0, 2, 324.41, 118248, 7
369, 49, 2, 3, 0, 0, 30.43%, 0, 0, 2, 321.25, 119904, 7
374, 50, 2, 3, 0, 0, 30.43%, 0, 0, 2, 324.76, 121574, 7
379, 51, 2, 3, 0, 0, 30.43%, 0, 0, 2, 326.92, 123250, 7
384, 51, 2, 3, 0, 0, 30.43%, 0, 0, 2, 328.06, 124932, 7
389, 52, 0, 3, 0, 0, 30.43%, 0, 0, 2, 323.81, 126606, 7
394, 53, 0, 3, 0, 0, 30.43%, 0, 0, 2, 326.87, 128295, 7
400, 53, 2, 3, 0, 0, 30.43%, 0, 0, 2, 325.92, 129958, 7
405, 54, 2, 3, 0, 0, 30.43%, 0, 0, 2, 326.51, 131632, 7
410, 55, 2, 3, 0, 0, 30.43%, 0, 0, 2, 327.46, 133332, 7
413, 55, 2, 3, 0, 0, 30.43%, 1, 0, 2, 319.57, 134337, 7
