# relative_time, cycles_done, cur_item, corpus_count, pending_total, pending_favs, map_size, saved_crashes, saved_hangs, max_depth, execs_per_sec, total_execs, edges_found
61, 7, 2, 3, 0, 0, 30.43%, 0, 0, 2, 321.10, 19889, 7
66, 8, 2, 3, 0, 0, 30.43%, 0, 0, 2, 323.58, 21553, 7
71, 9, 0, 3, 0, 0, 30.43%, 0, 0, 2, 323.01, 23209, 7
77, 10, 2, 3, 0, 0, 30.43%, 0, 0, 2, 324.76, 24866, 7
82, 10, 2, 3, 0, 0, 30.43%, 0, 0, 2, 323.60, 26523, 7
87, 11, 2, 3, 0, 0, 30.43%, 0, 0, 2, 322.84, 28181, 7
92, 12, 2, 3, 0, 0, 30.43%, 0, 0, 2, 323.45, 29849, 7
97, 13, 2, 3, 0, 0, 30.43%, 0, 0, 2, 322.44, 31507, 7
102, 13, 2, 3, 0, 0, 30.43%, 0, 0, 2, 321.96, 33158, 7
107, 14, 2, 3, 0, 0, 30.43%, 0, 0, 2, 322.36, 34816, 7
113, 14, 0, 3, 0, 0, 30.43%, 0, 0, 2, 319.09, 36458, 7
118, 15, 0, 3, 0, 0, 30.43%, 0, 0, 2, 320.78, 38106, 7
123, 15, 2, 3, 0, 0, 30.43%, 0, 0, 2, 321.44, 39757, 7
128, 16, 2, 3, 0, 0, 30.43%, 0, 0, 2, 321.95, 41415, 7
133, 17, 2, 3, 0, 0, 30.43%, 0, 0, 2, 322.66, 43083, 7
138, 17, 0, 3, 0, 0, 30.43%, 0, 0, 2, 321.90, 44737, 7
143, 18, 2, 3, 0, 0, 30.43%, 0, 0, 2, 321.99, 46398, 7
149, 19, 2, 3, 0, 0, 30.43%, 0, 0, 2, 316.18, 48042, 7
154, 20, 2, 3, 0, 0, 30.43%, 0, 0, 2, 319.70, 49677, 7
159, 21, 2, 3, 0, 0, 30.43%, 0, 0, 2, 321.21, 51333, 7
164, 22, 2, 3, 0, 0, 30.43%, 0, 0, 2, 322.86, 52991, 7
169, 22, 0, 3, 0, 0, 30.43%, 0, 0, 2, 321.70, 54641, 7
174, 23, 2, 3, 0, 0, 30.43%, 0, 0, 2, 323.46, 56304, 7
179, 24, 0, 3, 0, 0, 30.43%, 0, 0, 2, 321.36, 57958, 7
185, 24, 0, 3, 0, 0, 30.43%, 0, 0, 2, 320.73, 59611, 7
190, 25, 0, 3, 0, 0, 30.43%, 0, 0, 2, 322.13, 61268, 7
195, 25, 0, 3, 0, 0, 30.43%, 0, 0, 2, 321.66, 62921, 7
200, 26, 2, 3, 0, 0, 30.43%, 0, 0, 2, 322.70, 64578, 7
205, 26, 0, 3, 0, 0, 30.43%, 0, 0, 2, 321.74, 66232, 7
210, 27, 2, 3, 0, 0, 30.43%, 0, 0, 2, 322.27, 67893, 7
215, 27, 0, 3, 0, 0, 30.43%, 0, 0, 2, 322.29, 69547, 7
221, 28, 2, 3, 0, 0, 30.43%, 0, 0, 2, 323.55, 71219, 7
226, 29, 2, 3, 0, 0, 30.43%, 0, 0, 2, 323.91, 72883, 7
231, 29, 0, 3, 0, 0, 30.43%, 0, 0, 2, 322.17, 74535, 7
236, 30, 2, 3, 0, 0, 30.43%, 0, 0, 2, 319.75, 76190, 7
241, 31, 2, 3, 0, 0, 30.43%, 0, 0, 2, 321.46, 77842, 7
246, 32, 2, 3, 0, 0, 30.43%, 0, 0, 2, 321.71, 79494, 7
251, 32, 2, 3, 0, 0, 30.43%, 0, 0, 2, 322.00, 81150, 7
257, 33, 2, 3, 0, 0, 30.43%, 0, 0, 2, 323.41, 82809, 7
262, 34, 2, 3, 0, 0, 30.43%, 0, 0, 2, 322.37, 84471, 7
267, 35, 0, 3, 0, 0, 30.43%, 0, 0, 2, 323.45, 86133, 7
272, 35, 2, 3, 0, 0, 30.43%, 0, 0, 2, 322.51, 87786, 7
277, 36, 2, 3, 0, 0, 30.43%, 0, 0, 2, 319.83, 89424, 7
282, 37, 2, 3, 0, 0, 30.43%, 0, 0, 2, 323.43, 91094, 7
287, 38, 2, 3, 0, 0, 30.43%, 0, 0, 2, 323.09, 92750, 7
293, 39, 2, 3, 0, 0, 30.43%, 0, 0, 2, 320.56, 94408, 7
298, 39, 2, 3, 0, 0, 30.43%, 0, 0, 2, 322.75, 96065, 7
303, 40, 2, 3, 0, 0, 30.43%, 0, 0, 2, 322.46, 97723, 7
308, 41, 2, 3, 0, 0, 30.43%, 0, 0, 2, 323.04, 99379, 7
313, 41, 2, 3, 0, 0, 30.43%, 0, 0, 2, 321.71, 101031, 7
318, 42, 0, 3, 0, 0, 30.43%, 0, 0, 2, 321.22, 102683, 7
323, 43, 2, 3, 0, 0, 30.43%, 0, 0, 2, 322.82, 104340, 7
329, 43, 2, 3, 0, 0, 30.43%, 0, 0, 2, 322.54, 105998, 7
334, 44, 2, 3, 0, 0, 30.43%, 0, 0, 2, 320.80, 107644, 7
339, 45, 2, 3, 0, 0, 30.43%, 0, 0, 2, 321.75, 109300, 7
344, 46, 2, 3, 0, 0, 30.43%, 0, 0, 2, 323.75, 110958, 7
349, 47, 2, 3, 0, 0, 30.43%, 0, 0, 2, 321.77, 112616, 7
354, 48, 2, 3, 0, 0, 30.43%, 0, 0, 2, 324.76, 114284, 7
359, 48, 0, 3, 0, 0, 30.43%, 0, 0, 2, 323.00, 115947, 7
365, 49, 2, 3, 0, 0, 30.43%, 0, 0, 2, 321.98, 117598, 7
370, 49, 2, 3, 0, 0, 30.43%, 0, 0, 2, 322.63, 119254, 7
375, 51, 2, 3, 0, 0, 30.43%, 0, 0, 2, 321.60, 120924, 7
380, 51, 0, 3, 0, 0, 30.43%, 0, 0, 2, 321.49, 122582, 7
385, 52, 0, 3, 0, 0, 30.43%, 0, 0, 2, 322.37, 124237, 7
390, 52, 2, 3, 0, 0, 30.43%, 0, 0, 2, 322.71, 125896, 7
395, 53, 0, 3, 0, 0, 30.43%, 0, 0, 2, 322.12, 127556, 7
401, 53, 2, 3, 0, 0, 30.43%, 0, 0, 2, 322.28, 129203, 7
406, 54, 2, 3, 0, 0, 30.43%, 0, 0, 2, 322.38, 130861, 7
411, 55, 2, 3, 0, 0, 30.43%, 0, 0, 2, 321.63, 132519, 7
416, 56, 2, 3, 0, 0, 30.43%, 0, 0, 2, 321.53, 134177, 7
421, 56, 2, 3, 0, 0, 30.43%, 0, 0, 2, 319.77, 135821, 7
426, 57, 2, 3, 0, 0, 30.43%, 0, 0, 2, 323.24, 137478, 7
431, 58, 2, 3, 0, 0, 30.43%, 0, 0, 2, 321.61, 139142, 7
437, 59, 2, 3, 0, 0, 30.43%, 0, 0, 2, 322.59, 140806, 7
442, 59, 0, 3, 0, 0, 30.43%, 0, 0, 2, 323.11, 142463, 7
447, 60, 2, 3, 0, 0, 30.43%, 0, 0, 2, 323.04, 144120, 7
452, 61, 2, 3, 0, 0, 30.43%, 0, 0, 2, 323.41, 145776, 7
457, 62, 2, 3, 0, 0, 30.43%, 0, 0, 2, 323.92, 147440, 7
462, 62, 2, 3, 0, 0, 30.43%, 0, 0, 2, 322.53, 149102, 7
467, 63, 0, 3, 0, 0, 30.43%, 0, 0, 2, 324.07, 150766, 7
473, 64, 2, 3, 0, 0, 30.43%, 0, 0, 2, 321.92, 152417, 7
478, 65, 2, 3, 0, 0, 30.43%, 0, 0, 2, 321.85, 154081, 7
483, 65, 2, 3, 0, 0, 30.43%, 0, 0, 2, 321.98, 155737, 7
488, 66, 2, 3, 0, 0, 30.43%, 0, 0, 2, 322.41, 157401, 7
493, 66, 2, 3, 0, 0, 30.43%, 0, 0, 2, 321.61, 159058, 7
498, 68, 2, 3, 0, 0, 30.43%, 0, 0, 2, 323.61, 160722, 7
503, 68, 2, 3, 0, 0, 30.43%, 0, 0, 2, 323.54, 162378, 7
509, 69, 2, 3, 0, 0, 30.43%, 0, 0, 2, 321.45, 164036, 7
514, 70, 2, 3, 0, 0, 30.43%, 0, 0, 2, 321.55, 165687, 7
519, 70, 0, 3, 0, 0, 30.43%, 0, 0, 2, 322.64, 167347, 7
524, 71, 2, 3, 0, 0, 30.43%, 0, 0, 2, 321.85, 169002, 7
529, 72, 2, 3, 0, 0, 30.43%, 0, 0, 2, 322.01, 170658, 7
534, 72, 0, 3, 0, 0, 30.43%, 0, 0, 2, 322.72, 172314, 7
539, 73, 2, 3, 0, 0, 30.43%, 0, 0, 2, 321.14, 173961, 7
545, 74, 2, 3, 0, 0, 30.43%, 0, 0, 2, 322.89, 175625, 7
550, 75, 2, 3, 0, 0, 30.43%, 0, 0, 2, 321.22, 177269, 7
555, 76, 0, 3, 0, 0, 30.43%, 0, 0, 2, 323.29, 178937, 7
560, 76, 2, 3, 0, 0, 30.43%, 0, 0, 2, 322.29, 180596, 7
565, 77, 2, 3, 0, 0, 30.43%, 0, 0, 2, 321.56, 182252, 7
570, 78, 2, 3, 0, 0, 30.43%, 0, 0, 2, 322.49, 183910, 7
575, 78, 2, 3, 0, 0, 30.43%, 0, 0, 2, 321.42, 185568, 7
581, 79, 2, 3, 0, 0, 30.43%, 0, 0, 2, 321.34, 187219, 7
586, 80, 2, 3, 0, 0, 30.43%, 0, 0, 2, 323.66, 188887, 7
591, 81, 2, 3, 0, 0, 30.43%, 0, 0, 2, 322.71, 190545, 7
596, 82, 2, 3, 0, 0, 30.43%, 0, 0, 2, 322.00, 192203, 7
601, 82, 2, 3, 0, 0, 30.43%, 0, 0, 2, 321.84, 193859, 7
606, 83, 0, 3, 0, 0, 30.43%, 0, 0, 2, 321.30, 195509, 7
611, 84, 2, 3, 0, 0, 30.43%, 0, 0, 2, 321.38, 197162, 7
617, 84, 0, 3, 0, 0, 30.43%, 0, 0, 2, 322.23, 198816, 7
622, 85, 2, 3, 0, 0, 30.43%, 0, 0, 2, 321.24, 200471, 7
627, 86, 2, 3, 0, 0, 30.43%, 0, 0, 2, 321.60, 202129, 7
632, 86, 2, 3, 0, 0, 30.43%, 0, 0, 2, 322.58, 203797, 7
637, 87, 2, 3, 0, 0, 30.43%, 0, 0, 2, 321.56, 205461, 7
642, 88, 2, 3, 0, 0, 30.43%, 0, 0, 2, 321.33, 207113, 7
648, 89, 2, 3, 0, 0, 30.43%, 0, 0, 2, 322.38, 208775, 7
653, 90, 2, 3, 0, 0, 30.43%, 0, 0, 2, 320.66, 210427, 7
658, 91, 2, 3, 0, 0, 30.43%, 0, 0, 2, 320.86, 212083, 7
663, 91, 2, 3, 0, 0, 30.43%, 0, 0, 2, 321.00, 213740, 7
668, 92, 2, 3, 0, 0, 30.43%, 0, 0, 2, 320.99, 215398, 7
673, 93, 2, 3, 0, 0, 30.43%, 0, 0, 2, 321.64, 217049, 7
678, 93, 0, 3, 0, 0, 30.43%, 0, 0, 2, 321.61, 218703, 7
684, 94, 2, 3, 0, 0, 30.43%, 0, 0, 2, 321.62, 220356, 7
689, 95, 2, 3, 0, 0, 30.43%, 0, 0, 2, 320.29, 222014, 7
694, 95, 2, 3, 0, 0, 30.43%, 0, 0, 2, 321.42, 223672, 7
699, 96, 2, 3, 0, 0, 30.43%, 0, 0, 2, 322.55, 225336, 7
703, 97, 2, 3, 0, 0, 30.43%, 1, 0, 2, 0.00, 226396, 7
