# relative_time, cycles_done, cur_item, corpus_count, pending_total, pending_favs, map_size, saved_crashes, saved_hangs, max_depth, execs_per_sec, total_execs, edges_found
61, 5, 0, 1, 0, 0, 25.00%, 0, 0, 1, 324.79, 19839, 2
66, 6, 0, 1, 0, 0, 25.00%, 0, 0, 1, 324.02, 21487, 2
71, 6, 0, 1, 0, 0, 25.00%, 0, 0, 1, 322.41, 23130, 2
76, 7, 0, 1, 0, 0, 25.00%, 0, 0, 1, 323.23, 24779, 2
81, 7, 0, 1, 0, 0, 25.00%, 0, 0, 1, 322.54, 26427, 2
86, 8, 0, 1, 0, 0, 25.00%, 0, 0, 1, 322.86, 28070, 2
91, 8, 0, 1, 0, 0, 25.00%, 0, 0, 1, 322.26, 29724, 2
97, 9, 0, 1, 0, 0, 25.00%, 0, 0, 1, 323.24, 31391, 2
102, 9, 0, 1, 0, 0, 25.00%, 0, 0, 1, 323.84, 33052, 2
107, 10, 0, 1, 0, 0, 25.00%, 0, 0, 1, 323.81, 34712, 2
112, 10, 0, 1, 0, 0, 25.00%, 0, 0, 1, 323.39, 36361, 2
114, 10, 0, 1, 0, 0, 25.00%, 1, 0, 1, 314.43, 36941, 2
