# relative_time, cycles_done, cur_item, corpus_count, pending_total, pending_favs, map_size, saved_crashes, saved_hangs, max_depth, execs_per_sec, total_execs, edges_found
61, 8, 2, 3, 0, 0, 36.00%, 0, 0, 2, 325.51, 19947, 9
66, 9, 2, 3, 0, 0, 36.00%, 0, 0, 2, 328.11, 21648, 9
71, 10, 0, 3, 0, 0, 36.00%, 0, 0, 2, 323.31, 23328, 9
77, 11, 2, 3, 0, 0, 36.00%, 0, 0, 2, 319.93, 24976, 9
82, 11, 0, 3, 0, 0, 36.00%, 0, 0, 2, 321.94, 26605, 9
87, 12, 2, 3, 0, 0, 36.00%, 0, 0, 2, 320.50, 28253, 9
92, 12, 0, 3, 0, 0, 36.00%, 0, 0, 2, 317.77, 29915, 9
97, 13, 2, 3, 0, 0, 36.00%, 0, 0, 2, 324.76, 31579, 9
102, 14, 0, 3, 0, 0, 36.00%, 0, 0, 2, 318.92, 33238, 9
107, 14, 0, 3, 0, 0, 36.00%, 0, 0, 2, 318.20, 34896, 9
113, 15, 0, 3, 0, 0, 36.00%, 0, 0, 2, 322.15, 36572, 9
118, 15, 2, 3, 0, 0, 36.00%, 0, 0, 2, 320.21, 38214, 9
123, 16, 2, 3, 0, 0, 36.00%, 0, 0, 2, 320.56, 39866, 9
128, 17, 2, 3, 0, 0, 36.00%, 0, 0, 2, 326.03, 41546, 9
133, 18, 2, 3, 0, 0, 36.00%, 0, 0, 2, 321.41, 43195, 9
138, 19, 0, 3, 0, 0, 36.00%, 0, 0, 2, 323.24, 44881, 9
144, 20, 0, 3, 0, 0, 36.00%, 0, 0, 2, 324.97, 46551, 9
149, 20, 2, 3, 0, 0, 36.00%, 0, 0, 2, 323.87, 48227, 9
154, 21, 0, 3, 0, 0, 36.00%, 0, 0, 2, 324.96, 49910, 9
159, 21, 0, 3, 0, 0, 36.00%, 0, 0, 2, 320.52, 51559, 9
164, 22, 0, 3, 0, 0, 36.00%, 0, 0, 2, 324.45, 53238, 9
169, 23, 0, 3, 0, 0, 36.00%, 0, 0, 2, 320.29, 54887, 9
171, 23, 0, 3, 0, 0, 36.00%, 1, 0, 2, 307.76, 55445, 9
