# relative_time, cycles_done, cur_item, corpus_count, pending_total, pending_favs, map_size, saved_crashes, saved_hangs, max_depth, execs_per_sec, total_execs, edges_found
61, 5, 0, 1, 0, 0, 25.00%, 0, 0, 1, 325.86, 20013, 2
66, 6, 0, 1, 0, 0, 25.00%, 0, 0, 1, 324.51, 21679, 2
71, 6, 0, 1, 0, 0, 25.00%, 0, 0, 1, 325.73, 23352, 2
76, 7, 0, 1, 0, 0, 25.00%, 0, 0, 1, 324.77, 25018, 2
81, 7, 0, 1, 0, 0, 25.00%, 0, 0, 1, 324.17, 26679, 2
86, 8, 0, 1, 0, 0, 25.00%, 0, 0, 1, 325.82, 28340, 2
92, 8, 0, 1, 0, 0, 25.00%, 0, 0, 1, 325.83, 30000, 2
97, 9, 0, 1, 0, 0, 25.00%, 0, 0, 1, 326.44, 31673, 2
102, 9, 0, 1, 0, 0, 25.00%, 0, 0, 1, 325.41, 33327, 2
107, 10, 0, 1, 0, 0, 25.00%, 0, 0, 1, 325.12, 34988, 2
112, 10, 0, 1, 0, 0, 25.00%, 0, 0, 1, 317.89, 36607, 2
117, 11, 0, 1, 0, 0, 25.00%, 0, 0, 1, 324.06, 38273, 2
122, 11, 0, 1, 0, 0, 25.00%, 0, 0, 1, 325.41, 39946, 2
127, 12, 0, 1, 0, 0, 25.00%, 0, 0, 1, 326.19, 41606, 2
133, 12, 0, 1, 0, 0, 25.00%, 0, 0, 1, 324.30, 43267, 2
138, 13, 0, 1, 0, 0, 25.00%, 0, 0, 1, 326.30, 44927, 2
143, 13, 0, 1, 0, 0, 25.00%, 0, 0, 1, 324.55, 46588, 2
148, 13, 0, 1, 0, 0, 25.00%, 0, 0, 1, 325.80, 48249, 2
153, 14, 0, 1, 0, 0, 25.00%, 0, 0, 1, 326.48, 49933, 2
158, 14, 0, 1, 0, 0, 25.00%, 0, 0, 1, 325.60, 51588, 2
163, 15, 0, 1, 0, 0, 25.00%, 0, 0, 1, 326.04, 53254, 2
168, 15, 0, 1, 0, 0, 25.00%, 0, 0, 1, 325.92, 54921, 2
173, 16, 0, 1, 0, 0, 25.00%, 0, 0, 1, 324.06, 56558, 2
178, 16, 0, 1, 0, 0, 25.00%, 0, 0, 1, 325.15, 58230, 2
184, 17, 0, 1, 0, 0, 25.00%, 0, 0, 1, 325.39, 59891, 2
187, 17, 0, 1, 0, 0, 25.00%, 1, 0, 1, 317.19, 61081, 2
