# relative_time, cycles_done, cur_item, corpus_count, pending_total, pending_favs, map_size, saved_crashes, saved_hangs, max_depth, execs_per_sec, total_execs, edges_found
60, 12, 1, 3, 0, 0, 32.26%, 0, 0, 2, 325.73, 20046, 10
65, 13, 2, 3, 0, 0, 32.26%, 0, 0, 2, 327.89, 21702, 10
71, 14, 1, 3, 0, 0, 32.26%, 0, 0, 2, 329.61, 23379, 10
76, 15, 0, 3, 0, 0, 32.26%, 0, 0, 2, 325.63, 25068, 10
81, 16, 1, 3, 0, 0, 32.26%, 0, 0, 2, 327.77, 26708, 10
86, 17, 1, 3, 0, 0, 32.26%, 0, 0, 2, 329.58, 28361, 10
91, 18, 1, 3, 0, 0, 32.26%, 0, 0, 2, 328.72, 30071, 10
96, 19, 0, 3, 0, 0, 32.26%, 0, 0, 2, 328.95, 31745, 10
101, 20, 1, 3, 0, 0, 32.26%, 0, 0, 2, 325.23, 33358, 10
106, 21, 1, 3, 0, 0, 32.26%, 0, 0, 2, 329.44, 35023, 10
111, 21, 0, 3, 0, 0, 32.26%, 0, 0, 2, 324.71, 36655, 10
116, 22, 0, 3, 0, 0, 32.26%, 0, 0, 2, 317.63, 38226, 10
121, 22, 0, 3, 0, 0, 32.26%, 0, 0, 2, 320.49, 39875, 10
126, 23, 1, 3, 0, 0, 32.26%, 0, 0, 2, 328.80, 41545, 10
131, 24, 1, 3, 0, 0, 32.26%, 0, 0, 2, 328.13, 43234, 10
137, 25, 0, 3, 0, 0, 32.26%, 0, 0, 2, 324.93, 44914, 10
142, 26, 0, 3, 0, 0, 32.26%, 0, 0, 2, 324.30, 46596, 10
147, 27, 1, 3, 0, 0, 32.26%, 0, 0, 2, 326.73, 48284, 10
152, 28, 2, 3, 0, 0, 32.26%, 0, 0, 2, 328.50, 49982, 10
157, 29, 2, 3, 0, 0, 32.26%, 0, 0, 2, 330.14, 51647, 10
162, 30, 1, 3, 0, 0, 32.26%, 0, 0, 2, 330.82, 53369, 10
167, 31, 2, 3, 0, 0, 32.26%, 0, 0, 2, 329.71, 55019, 10
172, 33, 1, 3, 0, 0, 32.26%, 0, 0, 2, 330.42, 56729, 10
178, 34, 2, 3, 0, 0, 32.26%, 0, 0, 2, 330.58, 58445, 10
183, 35, 1, 3, 0, 0, 32.26%, 0, 0, 2, 329.72, 60161, 10
188, 35, 0, 3, 0, 0, 32.26%, 0, 0, 2, 324.44, 61829, 10
193, 37, 1, 3, 0, 0, 32.26%, 0, 0, 2, 327.76, 63529, 10
198, 38, 1, 3, 0, 0, 32.26%, 0, 0, 2, 330.20, 65191, 10
203, 39, 0, 3, 0, 0, 32.26%, 0, 0, 2, 326.36, 66883, 10
209, 39, 0, 3, 0, 0, 32.26%, 0, 0, 2, 321.60, 68532, 10
214, 39, 0, 3, 0, 0, 32.26%, 0, 0, 2, 322.84, 70211, 10
219, 41, 1, 3, 0, 0, 32.26%, 0, 0, 2, 326.52, 71899, 10
224, 41, 0, 3, 0, 0, 32.26%, 0, 0, 2, 321.49, 73557, 10
229, 42, 1, 3, 0, 0, 32.26%, 0, 0, 2, 323.61, 75218, 10
234, 43, 0, 3, 0, 0, 32.26%, 0, 0, 2, 325.97, 76907, 10
240, 43, 0, 3, 0, 0, 32.26%, 0, 0, 2, 327.05, 78595, 10
245, 44, 0, 3, 0, 0, 32.26%, 0, 0, 2, 322.93, 80244, 10
250, 44, 2, 3, 0, 0, 32.26%, 0, 0, 2, 326.05, 81938, 10
255, 45, 0, 3, 0, 0, 32.26%, 0, 0, 2, 322.89, 83611, 10
260, 45, 2, 3, 0, 0, 32.26%, 0, 0, 2, 326.25, 85293, 10
265, 47, 1, 3, 0, 0, 32.26%, 0, 0, 2, 329.25, 86973, 10
270, 47, 1, 3, 0, 0, 32.26%, 0, 0, 2, 326.21, 88634, 10
276, 48, 0, 3, 0, 0, 32.26%, 0, 0, 2, 324.42, 90323, 10
281, 49, 1, 3, 0, 0, 32.26%, 0, 0, 2, 329.01, 92017, 10
286, 49, 1, 3, 0, 0, 32.26%, 0, 0, 2, 324.10, 93675, 10
291, 51, 2, 3, 0, 0, 32.26%, 0, 0, 2, 328.79, 95373, 10
296, 51, 0, 3, 0, 0, 32.26%, 0, 0, 2, 325.18, 97011, 10
301, 52, 0, 3, 0, 0, 32.26%, 0, 0, 2, 323.56, 98696, 10
306, 53, 1, 3, 0, 0, 32.26%, 0, 0, 2, 327.22, 100390, 10
312, 54, 1, 3, 0, 0, 32.26%, 0, 0, 2, 328.03, 102082, 10
317, 55, 1, 3, 0, 0, 32.26%, 0, 0, 2, 328.44, 103792, 10
322, 56, 1, 3, 0, 0, 32.26%, 0, 0, 2, 329.68, 105508, 10
327, 57, 0, 3, 0, 0, 32.26%, 0, 0, 2, 324.11, 107185, 10
332, 58, 2, 3, 0, 0, 32.26%, 0, 0, 2, 327.21, 108828, 10
337, 59, 2, 3, 0, 0, 32.26%, 0, 0, 2, 324.92, 110513, 10
343, 60, 1, 3, 0, 0, 32.26%, 0, 0, 2, 328.56, 112217, 10
348, 61, 1, 3, 0, 0, 32.26%, 0, 0, 2, 329.38, 113915, 10
353, 62, 0, 3, 0, 0, 32.26%, 0, 0, 2, 325.28, 115607, 10
358, 63, 1, 3, 0, 0, 32.26%, 0, 0, 2, 328.05, 117295, 10
363, 64, 1, 3, 0, 0, 32.26%, 0, 0, 2, 329.36, 119005, 10
368, 64, 2, 3, 0, 0, 32.26%, 0, 0, 2, 326.62, 120690, 10
374, 66, 1, 3, 0, 0, 32.26%, 0, 0, 2, 329.47, 122388, 10
379, 67, 1, 3, 0, 0, 32.26%, 0, 0, 2, 330.73, 124047, 10
384, 67, 0, 3, 0, 0, 32.26%, 0, 0, 2, 324.18, 125730, 10
389, 68, 1, 3, 0, 0, 32.26%, 0, 0, 2, 329.48, 127388, 10
394, 69, 0, 3, 0, 0, 32.26%, 0, 0, 2, 325.06, 129077, 10
399, 70, 0, 3, 0, 0, 32.26%, 0, 0, 2, 324.53, 130771, 10
404, 71, 1, 3, 0, 0, 32.26%, 0, 0, 2, 327.52, 132459, 10
410, 71, 1, 3, 0, 0, 32.26%, 0, 0, 2, 323.89, 134126, 10
415, 72, 0, 3, 0, 0, 32.26%, 0, 0, 2, 323.22, 135788, 10
420, 73, 0, 3, 0, 0, 32.26%, 0, 0, 2, 325.64, 137473, 10
425, 73, 0, 3, 0, 0, 32.26%, 0, 0, 2, 324.97, 139146, 10
430, 73, 0, 3, 0, 0, 32.26%, 0, 0, 2, 320.88, 140801, 10
435, 74, 0, 3, 0, 0, 32.26%, 0, 0, 2, 322.21, 142459, 10
440, 75, 1, 3, 0, 0, 32.26%, 0, 0, 2, 328.69, 144111, 10
445, 76, 0, 3, 0, 0, 32.26%, 0, 0, 2, 324.59, 145794, 10
451, 76, 0, 3, 0, 0, 32.26%, 0, 0, 2, 322.88, 147449, 10
456, 77, 1, 3, 0, 0, 32.26%, 0, 0, 2, 326.94, 149098, 10
461, 78, 1, 3, 0, 0, 32.26%, 0, 0, 2, 329.13, 150796, 10
466, 80, 2, 3, 0, 0, 32.26%, 0, 0, 2, 328.76, 152506, 10
471, 80, 1, 3, 0, 0, 32.26%, 0, 0, 2, 326.19, 154176, 10
476, 81, 1, 3, 0, 0, 32.26%, 0, 0, 2, 327.13, 155874, 10
482, 82, 1, 3, 0, 0, 32.26%, 0, 0, 2, 328.67, 157590, 10
487, 83, 0, 3, 0, 0, 32.26%, 0, 0, 2, 325.20, 159276, 10
492, 84, 1, 3, 0, 0, 32.26%, 0, 0, 2, 326.56, 160967, 10
497, 85, 1, 3, 0, 0, 32.26%, 0, 0, 2, 330.33, 162626, 10
502, 86, 0, 3, 0, 0, 32.26%, 0, 0, 2, 328.55, 164311, 10
507, 86, 0, 3, 0, 0, 32.26%, 0, 0, 2, 332.94, 165993, 10
512, 87, 0, 3, 0, 0, 32.26%, 0, 0, 2, 334.28, 167693, 10
517, 87, 0, 3, 0, 0, 32.26%, 0, 0, 2, 333.47, 169387, 10
522, 88, 2, 3, 0, 0, 32.26%, 0, 0, 2, 337.89, 171102, 10
527, 89, 1, 3, 0, 0, 32.26%, 0, 0, 2, 341.26, 172818, 10
533, 90, 1, 3, 0, 0, 32.26%, 0, 0, 2, 339.52, 174588, 10
534, 91, 0, 3, 0, 0, 32.26%, 1, 0, 2, 332.24, 175154, 10
