# relative_time, cycles_done, cur_item, corpus_count, pending_total, pending_favs, map_size, saved_crashes, saved_hangs, max_depth, execs_per_sec, total_execs, edges_found
61, 7, 0, 3, 0, 0, 36.00%, 0, 0, 2, 305.68, 19027, 9
66, 8, 1, 3, 0, 0, 36.00%, 0, 0, 2, 305.66, 20577, 9
71, 9, 2, 3, 0, 0, 36.00%, 0, 0, 2, 314.37, 22179, 9
76, 10, 1, 3, 0, 0, 36.00%, 0, 0, 2, 316.92, 23794, 9
81, 11, 1, 3, 0, 0, 36.00%, 0, 0, 2, 302.84, 25295, 9
86, 11, 0, 3, 0, 0, 36.00%, 0, 0, 2, 315.10, 26940, 9
91, 12, 0, 3, 0, 0, 36.00%, 0, 0, 2, 307.97, 28487, 9
96, 13, 2, 3, 0, 0, 36.00%, 0, 0, 2, 300.40, 29982, 9
102, 13, 0, 3, 0, 0, 36.00%, 0, 0, 2, 307.98, 31583, 9
107, 14, 2, 3, 0, 0, 36.00%, 0, 0, 2, 318.56, 33245, 9
112, 15, 2, 3, 0, 0, 36.00%, 0, 0, 2, 315.47, 34842, 9
117, 15, 0, 3, 0, 0, 36.00%, 0, 0, 2, 312.24, 36481, 9
122, 16, 2, 3, 0, 0, 36.00%, 0, 0, 2, 306.39, 38033, 9
127, 16, 1, 3, 0, 0, 36.00%, 0, 0, 2, 301.89, 39538, 9
132, 17, 2, 3, 0, 0, 36.00%, 0, 0, 2, 305.75, 41135, 9
137, 18, 1, 3, 0, 0, 36.00%, 0, 0, 2, 298.65, 42639, 9
142, 18, 1, 3, 0, 0, 36.00%, 0, 0, 2, 266.24, 43995, 9
148, 19, 2, 3, 0, 0, 36.00%, 0, 0, 2, 271.16, 45347, 9
153, 19, 2, 3, 0, 0, 36.00%, 0, 0, 2, 311.65, 47010, 9
158, 20, 0, 3, 0, 0, 36.00%, 0, 0, 2, 318.68, 48656, 9
163, 21, 1, 3, 0, 0, 36.00%, 0, 0, 2, 322.55, 50281, 9
168, 21, 0, 3, 0, 0, 36.00%, 0, 0, 2, 313.90, 51874, 9
173, 22, 2, 3, 0, 0, 36.00%, 0, 0, 2, 317.72, 53531, 9
178, 22, 0, 3, 0, 0, 36.00%, 0, 0, 2, 316.82, 55172, 9
184, 23, 0, 3, 0, 0, 36.00%, 0, 0, 2, 317.46, 56809, 9
189, 23, 1, 3, 0, 0, 36.00%, 0, 0, 2, 320.18, 58471, 9
194, 24, 0, 3, 0, 0, 36.00%, 0, 0, 2, 326.23, 60181, 9
199, 25, 1, 3, 0, 0, 36.00%, 0, 0, 2, 320.83, 61828, 9
204, 25, 0, 3, 0, 0, 36.00%, 0, 0, 2, 321.97, 63502, 9
209, 26, 2, 3, 0, 0, 36.00%, 0, 0, 2, 319.65, 65147, 9
215, 26, 0, 3, 0, 0, 36.00%, 0, 0, 2, 320.27, 66801, 9
220, 26, 0, 3, 0, 0, 36.00%, 0, 0, 2, 304.80, 68353, 9
225, 27, 2, 3, 0, 0, 36.00%, 0, 0, 2, 320.62, 70032, 9
230, 28, 0, 3, 0, 0, 36.00%, 0, 0, 2, 318.98, 71698, 9
235, 28, 1, 3, 0, 0, 36.00%, 0, 0, 2, 320.08, 73303, 9
240, 29, 1, 3, 0, 0, 36.00%, 0, 0, 2, 316.77, 74936, 9
245, 30, 1, 3, 0, 0, 36.00%, 0, 0, 2, 322.96, 76614, 9
250, 31, 2, 3, 0, 0, 36.00%, 0, 0, 2, 321.59, 78232, 9
256, 32, 1, 3, 0, 0, 36.00%, 0, 0, 2, 321.54, 79893, 9
261, 33, 1, 3, 0, 0, 36.00%, 0, 0, 2, 324.57, 81569, 9
266, 34, 1, 3, 0, 0, 36.00%, 0, 0, 2, 328.00, 83265, 9
271, 34, 1, 3, 0, 0, 36.00%, 0, 0, 2, 324.25, 84938, 9
276, 35, 0, 3, 0, 0, 36.00%, 0, 0, 2, 323.61, 86612, 9
281, 36, 0, 3, 0, 0, 36.00%, 0, 0, 2, 326.23, 88310, 9
287, 36, 2, 3, 0, 0, 36.00%, 0, 0, 2, 324.82, 89974, 9
292, 37, 1, 3, 0, 0, 36.00%, 0, 0, 2, 326.47, 91665, 9
297, 38, 0, 3, 0, 0, 36.00%, 0, 0, 2, 325.51, 93354, 9
302, 38, 2, 3, 0, 0, 36.00%, 0, 0, 2, 322.54, 95016, 9
307, 39, 2, 3, 0, 0, 36.00%, 0, 0, 2, 322.17, 96663, 9
312, 39, 1, 3, 0, 0, 36.00%, 0, 0, 2, 323.98, 98334, 9
318, 40, 1, 3, 0, 0, 36.00%, 0, 0, 2, 324.32, 99998, 9
323, 41, 2, 3, 0, 0, 36.00%, 0, 0, 2, 325.64, 101694, 9
328, 41, 2, 3, 0, 0, 36.00%, 0, 0, 2, 323.89, 103361, 9
333, 42, 1, 3, 0, 0, 36.00%, 0, 0, 2, 324.91, 105049, 9
338, 43, 1, 3, 0, 0, 36.00%, 0, 0, 2, 327.45, 106741, 9
343, 44, 1, 3, 0, 0, 36.00%, 0, 0, 2, 325.52, 108414, 9
345, 44, 1, 3, 0, 0, 36.00%, 1, 0, 2, 312.60, 108775, 9
