# relative_time, cycles_done, cur_item, corpus_count, pending_total, pending_favs, map_size, saved_crashes, saved_hangs, max_depth, execs_per_sec, total_execs, edges_found
61, 5, 0, 1, 0, 0, 25.00%, 0, 0, 1, 325.75, 20055, 2
66, 6, 0, 1, 0, 0, 25.00%, 0, 0, 1, 325.27, 21715, 2
71, 6, 0, 1, 0, 0, 25.00%, 0, 0, 1, 326.41, 23388, 2
76, 7, 0, 1, 0, 0, 25.00%, 0, 0, 1, 326.79, 25060, 2
82, 7, 0, 1, 0, 0, 25.00%, 0, 0, 1, 325.08, 26727, 2
87, 8, 0, 1, 0, 0, 25.00%, 0, 0, 1, 325.94, 28382, 2
92, 8, 0, 1, 0, 0, 25.00%, 0, 0, 1, 325.58, 30036, 2
97, 9, 0, 1, 0, 0, 25.00%, 0, 0, 1, 326.81, 31697, 2
102, 9, 0, 1, 0, 0, 25.00%, 0, 0, 1, 325.52, 33363, 2
107, 10, 0, 1, 0, 0, 25.00%, 0, 0, 1, 324.71, 35012, 2
112, 10, 0, 1, 0, 0, 25.00%, 0, 0, 1, 325.00, 36667, 2
117, 11, 0, 1, 0, 0, 25.00%, 0, 0, 1, 325.63, 38333, 2
122, 11, 0, 1, 0, 0, 25.00%, 0, 0, 1, 325.24, 40000, 2
127, 12, 0, 1, 0, 0, 25.00%, 0, 0, 1, 325.74, 41684, 2
133, 12, 0, 1, 0, 0, 25.00%, 0, 0, 1, 326.02, 43345, 2
138, 13, 0, 1, 0, 0, 25.00%, 0, 0, 1, 326.41, 45011, 2
143, 13, 0, 1, 0, 0, 25.00%, 0, 0, 1, 325.96, 46666, 2
148, 13, 0, 1, 0, 0, 25.00%, 0, 0, 1, 325.63, 48327, 2
153, 14, 0, 1, 0, 0, 25.00%, 0, 0, 1, 325.51, 50005, 2
158, 14, 0, 1, 0, 0, 25.00%, 0, 0, 1, 325.85, 51678, 2
163, 15, 0, 1, 0, 0, 25.00%, 0, 0, 1, 324.54, 53344, 2
168, 15, 0, 1, 0, 0, 25.00%, 0, 0, 1, 325.13, 55005, 2
173, 16, 0, 1, 0, 0, 25.00%, 0, 0, 1, 325.15, 56665, 2
179, 16, 0, 1, 0, 0, 25.00%, 0, 0, 1, 325.79, 58332, 2
184, 17, 0, 1, 0, 0, 25.00%, 0, 0, 1, 325.50, 59987, 2
189, 17, 0, 1, 0, 0, 25.00%, 0, 0, 1, 323.62, 61635, 2
194, 18, 0, 1, 0, 0, 25.00%, 0, 0, 1, 324.71, 63302, 2
199, 18, 0, 1, 0, 0, 25.00%, 0, 0, 1, 323.22, 64962, 2
204, 19, 0, 1, 0, 0, 25.00%, 0, 0, 1, 324.06, 66623, 2
209, 19, 0, 1, 0, 0, 25.00%, 0, 0, 1, 325.90, 68284, 2
214, 20, 0, 1, 0, 0, 25.00%, 0, 0, 1, 325.45, 69950, 2
219, 20, 0, 1, 0, 0, 25.00%, 0, 0, 1, 325.13, 71611, 2
225, 21, 0, 1, 0, 0, 25.00%, 0, 0, 1, 326.56, 73289, 2
230, 21, 0, 1, 0, 0, 25.00%, 0, 0, 1, 325.77, 74950, 2
235, 21, 0, 1, 0, 0, 25.00%, 0, 0, 1, 326.52, 76635, 2
240, 22, 0, 1, 0, 0, 25.00%, 0, 0, 1, 326.31, 78307, 2
245, 22, 0, 1, 0, 0, 25.00%, 0, 0, 1, 326.15, 79974, 2
250, 23, 0, 1, 0, 0, 25.00%, 0, 0, 1, 325.00, 81628, 2
255, 23, 0, 1, 0, 0, 25.00%, 0, 0, 1, 326.48, 83301, 2
260, 24, 0, 1, 0, 0, 25.00%, 0, 0, 1, 325.79, 84973, 2
266, 24, 0, 1, 0, 0, 25.00%, 0, 0, 1, 325.39, 86628, 2
271, 25, 0, 1, 0, 0, 25.00%, 0, 0, 1, 327.13, 88301, 2
276, 25, 0, 1, 0, 0, 25.00%, 0, 0, 1, 324.80, 89961, 2
281, 26, 0, 1, 0, 0, 25.00%, 0, 0, 1, 325.07, 91634, 2
286, 26, 0, 1, 0, 0, 25.00%, 0, 0, 1, 325.49, 93300, 2
291, 27, 0, 1, 0, 0, 25.00%, 0, 0, 1, 331.17, 95015, 2
296, 27, 0, 1, 0, 0, 25.00%, 0, 0, 1, 335.47, 96717, 2
301, 28, 0, 1, 0, 0, 25.00%, 0, 0, 1, 337.91, 98444, 2
306, 28, 0, 1, 0, 0, 25.00%, 0, 0, 1, 339.22, 100170, 2
312, 29, 0, 1, 0, 0, 25.00%, 0, 0, 1, 338.55, 101891, 2
317, 29, 0, 1, 0, 0, 25.00%, 0, 0, 1, 339.11, 103612, 2
322, 30, 0, 1, 0, 0, 25.00%, 0, 0, 1, 338.38, 105326, 2
327, 30, 0, 1, 0, 0, 25.00%, 0, 0, 1, 336.13, 107017, 2
332, 31, 0, 1, 0, 0, 25.00%, 0, 0, 1, 338.91, 108743, 2
337, 31, 0, 1, 0, 0, 25.00%, 0, 0, 1, 338.40, 110458, 2
342, 32, 0, 1, 0, 0, 25.00%, 0, 0, 1, 337.45, 112172, 2
347, 32, 0, 1, 0, 0, 25.00%, 0, 0, 1, 338.05, 113887, 2
352, 33, 0, 1, 0, 0, 25.00%, 0, 0, 1, 338.35, 115601, 2
357, 33, 0, 1, 0, 0, 25.00%, 0, 0, 1, 335.97, 117304, 2
362, 34, 0, 1, 0, 0, 25.00%, 0, 0, 1, 326.95, 118976, 2
368, 34, 0, 1, 0, 0, 25.00%, 0, 0, 1, 326.84, 120655, 2
373, 34, 0, 1, 0, 0, 25.00%, 0, 0, 1, 325.81, 122322, 2
378, 35, 0, 1, 0, 0, 25.00%, 0, 0, 1, 325.44, 123982, 2
383, 35, 0, 1, 0, 0, 25.00%, 0, 0, 1, 326.17, 125643, 2
388, 36, 0, 1, 0, 0, 25.00%, 0, 0, 1, 325.47, 127309, 2
393, 36, 0, 1, 0, 0, 25.00%, 0, 0, 1, 325.08, 128982, 2
398, 37, 0, 1, 0, 0, 25.00%, 0, 0, 1, 325.80, 130643, 2
403, 37, 0, 1, 0, 0, 25.00%, 0, 0, 1, 324.97, 132303, 2
408, 38, 0, 1, 0, 0, 25.00%, 0, 0, 1, 326.30, 133964, 2
413, 38, 0, 1, 0, 0, 25.00%, 0, 0, 1, 325.69, 135624, 2
419, 39, 0, 1, 0, 0, 25.00%, 0, 0, 1, 324.51, 137285, 2
424, 39, 0, 1, 0, 0, 25.00%, 0, 0, 1, 325.07, 138945, 2
429, 40, 0, 1, 0, 0, 25.00%, 0, 0, 1, 326.36, 140606, 2
430, 40, 0, 1, 0, 0, 25.00%, 1, 0, 1, 0.00, 141050, 2
