# relative_time, cycles_done, cur_item, corpus_count, pending_total, pending_favs, map_size, saved_crashes, saved_hangs, max_depth, execs_per_sec, total_execs, edges_found
62, 8, 2, 3, 0, 0, 36.00%, 0, 0, 2, 328.06, 20271, 9
67, 9, 0, 3, 0, 0, 36.00%, 0, 0, 2, 322.77, 21923, 9
72, 9, 0, 3, 0, 0, 36.00%, 0, 0, 2, 323.91, 23596, 9
77, 10, 0, 3, 0, 0, 36.00%, 0, 0, 2, 334.20, 25281, 9
82, 11, 2, 3, 0, 0, 36.00%, 0, 0, 2, 335.69, 26972, 9
87, 12, 0, 3, 0, 0, 36.00%, 0, 0, 2, 337.38, 28679, 9
92, 12, 0, 3, 0, 0, 36.00%, 0, 0, 2, 334.05, 30364, 9
97, 12, 0, 3, 0, 0, 36.00%, 0, 0, 2, 334.52, 32063, 9
102, 13, 2, 3, 0, 0, 36.00%, 0, 0, 2, 335.83, 33759, 9
107, 13, 0, 3, 0, 0, 36.00%, 0, 0, 2, 328.13, 35464, 9
113, 15, 0, 3, 0, 0, 36.00%, 0, 0, 2, 327.47, 37164, 9
118, 15, 2, 3, 0, 0, 36.00%, 0, 0, 2, 326.92, 38837, 9
123, 16, 2, 3, 0, 0, 36.00%, 0, 0, 2, 329.93, 40556, 9
128, 17, 2, 3, 0, 0, 36.00%, 0, 0, 2, 324.35, 42217, 9
133, 18, 0, 3, 0, 0, 36.00%, 0, 0, 2, 324.89, 43897, 9
138, 18, 0, 3, 0, 0, 36.00%, 0, 0, 2, 321.63, 45561, 9
143, 19, 0, 3, 0, 0, 36.00%, 0, 0, 2, 325.46, 47243, 9
149, 19, 0, 3, 0, 0, 36.00%, 0, 0, 2, 321.59, 48892, 9
154, 20, 0, 3, 0, 0, 36.00%, 0, 0, 2, 325.17, 50535, 9
159, 21, 2, 3, 0, 0, 36.00%, 0, 0, 2, 326.17, 52202, 9
164, 22, 2, 3, 0, 0, 36.00%, 0, 0, 2, 323.99, 53881, 9
169, 22, 2, 3, 0, 0, 36.00%, 0, 0, 2, 324.98, 55563, 9
174, 22, 0, 3, 0, 0, 36.00%, 0, 0, 2, 323.53, 57221, 9
179, 23, 2, 3, 0, 0, 36.00%, 0, 0, 2, 326.15, 58849, 9
184, 24, 0, 3, 0, 0, 36.00%, 0, 0, 2, 323.32, 60523, 9
189, 25, 0, 3, 0, 0, 36.00%, 0, 0, 2, 324.77, 62157, 9
195, 25, 0, 3, 0, 0, 36.00%, 0, 0, 2, 324.67, 63836, 9
200, 26, 0, 3, 0, 0, 36.00%, 0, 0, 2, 326.97, 65470, 9
205, 26, 0, 3, 0, 0, 36.00%, 0, 0, 2, 322.33, 67080, 9
210, 27, 0, 3, 0, 0, 36.00%, 0, 0, 2, 324.87, 68747, 9
215, 28, 2, 3, 0, 0, 36.00%, 0, 0, 2, 326.67, 70423, 9
220, 29, 0, 3, 0, 0, 36.00%, 0, 0, 2, 325.28, 72118, 9
225, 30, 2, 3, 0, 0, 36.00%, 0, 0, 2, 327.48, 73812, 9
231, 30, 0, 3, 0, 0, 36.00%, 0, 0, 2, 323.32, 75492, 9
236, 31, 0, 3, 0, 0, 36.00%, 0, 0, 2, 326.29, 77183, 9
241, 32, 0, 3, 0, 0, 36.00%, 0, 0, 2, 325.08, 78850, 9
246, 32, 0, 3, 0, 0, 36.00%, 0, 0, 2, 321.85, 80499, 9
251, 33, 2, 3, 0, 0, 36.00%, 0, 0, 2, 327.01, 82202, 9
256, 34, 0, 3, 0, 0, 36.00%, 0, 0, 2, 323.41, 83891, 9
262, 35, 2, 3, 0, 0, 36.00%, 0, 0, 2, 328.16, 85600, 9
267, 36, 0, 3, 0, 0, 36.00%, 0, 0, 2, 327.25, 87295, 9
272, 37, 2, 3, 0, 0, 36.00%, 0, 0, 2, 326.35, 88962, 9
277, 38, 0, 3, 0, 0, 36.00%, 0, 0, 2, 325.20, 90600, 9
282, 39, 2, 3, 0, 0, 36.00%, 0, 0, 2, 327.02, 92300, 9
287, 39, 0, 3, 0, 0, 36.00%, 0, 0, 2, 323.95, 93973, 9
292, 40, 0, 3, 0, 0, 36.00%, 0, 0, 2, 320.79, 95622, 9
298, 40, 0, 3, 0, 0, 36.00%, 0, 0, 2, 325.41, 97304, 9
303, 41, 2, 3, 0, 0, 36.00%, 0, 0, 2, 323.82, 98956, 9
308, 42, 0, 3, 0, 0, 36.00%, 0, 0, 2, 321.31, 100610, 9
313, 43, 0, 3, 0, 0, 36.00%, 0, 0, 2, 325.04, 102255, 9
318, 43, 0, 3, 0, 0, 36.00%, 0, 0, 2, 326.80, 103937, 9
323, 44, 2, 3, 0, 0, 36.00%, 0, 0, 2, 327.25, 105616, 9
328, 44, 0, 3, 0, 0, 36.00%, 0, 0, 2, 324.03, 107284, 9
334, 46, 0, 3, 0, 0, 36.00%, 0, 0, 2, 326.87, 108978, 9
339, 46, 2, 3, 0, 0, 36.00%, 0, 0, 2, 324.20, 110645, 9
344, 47, 2, 3, 0, 0, 36.00%, 0, 0, 2, 325.21, 112324, 9
349, 47, 0, 3, 0, 0, 36.00%, 0, 0, 2, 323.21, 114007, 9
354, 48, 2, 3, 0, 0, 36.00%, 0, 0, 2, 322.67, 115661, 9
359, 49, 0, 3, 0, 0, 36.00%, 0, 0, 2, 325.14, 117353, 9
365, 49, 0, 3, 0, 0, 36.00%, 0, 0, 2, 323.12, 119026, 9
370, 50, 2, 3, 0, 0, 36.00%, 0, 0, 2, 328.06, 120714, 9
375, 51, 2, 3, 0, 0, 36.00%, 0, 0, 2, 325.35, 122393, 9
380, 51, 0, 3, 0, 0, 36.00%, 0, 0, 2, 323.85, 124082, 9
385, 52, 0, 3, 0, 0, 36.00%, 0, 0, 2, 323.32, 125752, 9
390, 53, 0, 3, 0, 0, 36.00%, 0, 0, 2, 324.47, 127440, 9
395, 54, 2, 3, 0, 0, 36.00%, 0, 0, 2, 327.40, 129080, 9
401, 54, 2, 3, 0, 0, 36.00%, 0, 0, 2, 324.09, 130759, 9
406, 55, 0, 3, 0, 0, 36.00%, 0, 0, 2, 323.25, 132427, 9
411, 55, 0, 3, 0, 0, 36.00%, 0, 0, 2, 322.26, 134078, 9
416, 56, 0, 3, 0, 0, 36.00%, 0, 0, 2, 320.57, 135727, 9
421, 56, 0, 3, 0, 0, 36.00%, 0, 0, 2, 320.13, 137391, 9
426, 57, 0, 3, 0, 0, 36.00%, 0, 0, 2, 326.95, 139046, 9
431, 58, 0, 3, 0, 0, 36.00%, 0, 0, 2, 325.90, 140731, 9
437, 58, 2, 3, 0, 0, 36.00%, 0, 0, 2, 326.31, 142407, 9
442, 59, 2, 3, 0, 0, 36.00%, 0, 0, 2, 327.88, 144051, 9
447, 60, 0, 3, 0, 0, 36.00%, 0, 0, 2, 324.45, 145743, 9
452, 61, 0, 3, 0, 0, 36.00%, 0, 0, 2, 326.56, 147425, 9
457, 62, 2, 3, 0, 0, 36.00%, 0, 0, 2, 326.32, 149095, 9
462, 63, 2, 3, 0, 0, 36.00%, 0, 0, 2, 328.44, 150745, 9
467, 64, 2, 3, 0, 0, 36.00%, 0, 0, 2, 328.50, 152395, 9
472, 65, 0, 3, 0, 0, 36.00%, 0, 0, 2, 323.71, 154062, 9
477, 65, 2, 3, 0, 0, 36.00%, 0, 0, 2, 324.25, 155720, 9
483, 65, 0, 3, 0, 0, 36.00%, 0, 0, 2, 322.12, 157372, 9
488, 66, 0, 3, 0, 0, 36.00%, 0, 0, 2, 318.17, 159015, 9
493, 66, 0, 3, 0, 0, 36.00%, 0, 0, 2, 320.82, 160694, 9
498, 67, 0, 3, 0, 0, 36.00%, 0, 0, 2, 322.86, 162367, 9
503, 68, 2, 3, 0, 0, 36.00%, 0, 0, 2, 322.93, 164043, 9
509, 70, 2, 3, 0, 0, 36.00%, 0, 0, 2, 327.12, 165744, 9
514, 71, 1, 3, 0, 0, 36.00%, 0, 0, 2, 328.89, 167460, 9
519, 71, 2, 3, 0, 0, 36.00%, 0, 0, 2, 324.55, 169118, 9
524, 73, 2, 3, 0, 0, 36.00%, 0, 0, 2, 329.23, 170834, 9
529, 74, 2, 3, 0, 0, 36.00%, 0, 0, 2, 329.14, 172535, 9
534, 75, 2, 3, 0, 0, 36.00%, 0, 0, 2, 326.06, 174208, 9
539, 76, 2, 3, 0, 0, 36.00%, 0, 0, 2, 329.00, 175867, 9
544, 77, 0, 3, 0, 0, 36.00%, 0, 0, 2, 328.93, 177514, 9
550, 78, 0, 3, 0, 0, 36.00%, 0, 0, 2, 323.20, 179163, 9
555, 78, 2, 3, 0, 0, 36.00%, 0, 0, 2, 328.31, 180815, 9
560, 80, 2, 3, 0, 0, 36.00%, 0, 0, 2, 328.85, 182507, 9
565, 81, 2, 3, 0, 0, 36.00%, 0, 0, 2, 329.86, 184160, 9
570, 81, 0, 3, 0, 0, 36.00%, 0, 0, 2, 323.66, 185825, 9
575, 82, 0, 3, 0, 0, 36.00%, 0, 0, 2, 324.82, 187459, 9
580, 83, 0, 3, 0, 0, 36.00%, 0, 0, 2, 325.60, 189129, 9
585, 83, 0, 3, 0, 0, 36.00%, 0, 0, 2, 321.43, 190778, 9
590, 84, 0, 3, 0, 0, 36.00%, 0, 0, 2, 321.98, 192436, 9
595, 85, 0, 3, 0, 0, 36.00%, 0, 0, 2, 326.51, 194079, 9
596, 85, 0, 3, 0, 0, 36.00%, 1, 0, 2, 315.64, 194183, 9
