# relative_time, cycles_done, cur_item, corpus_count, pending_total, pending_favs, map_size, saved_crashes, saved_hangs, max_depth, execs_per_sec, total_execs, edges_found
61, 9, 2, 3, 0, 0, 36.00%, 0, 0, 2, 321.58, 19929, 9
66, 10, 1, 3, 0, 0, 36.00%, 0, 0, 2, 321.98, 21589, 9
72, 11, 0, 3, 0, 0, 36.00%, 0, 0, 2, 322.52, 23263, 9
77, 12, 1, 3, 0, 0, 36.00%, 0, 0, 2, 323.02, 24921, 9
82, 12, 0, 3, 0, 0, 36.00%, 0, 0, 2, 322.11, 26580, 9
87, 13, 0, 3, 0, 0, 36.00%, 0, 0, 2, 322.48, 28238, 9
92, 14, 2, 3, 0, 0, 36.00%, 0, 0, 2, 322.11, 29899, 9
97, 14, 2, 3, 0, 0, 36.00%, 0, 0, 2, 321.08, 31557, 9
102, 15, 1, 3, 0, 0, 36.00%, 0, 0, 2, 323.31, 33213, 9
108, 16, 2, 3, 0, 0, 36.00%, 0, 0, 2, 322.42, 34867, 9
113, 16, 0, 3, 0, 0, 36.00%, 0, 0, 2, 320.54, 36519, 9
118, 17, 0, 3, 0, 0, 36.00%, 0, 0, 2, 322.02, 38175, 9
123, 17, 0, 3, 0, 0, 36.00%, 0, 0, 2, 321.45, 39824, 9
128, 18, 2, 3, 0, 0, 36.00%, 0, 0, 2, 321.90, 41480, 9
133, 18, 0, 3, 0, 0, 36.00%, 0, 0, 2, 321.50, 43137, 9
138, 19, 2, 3, 0, 0, 36.00%, 0, 0, 2, 321.81, 44798, 9
144, 20, 1, 3, 0, 0, 36.00%, 0, 0, 2, 322.58, 46462, 9
149, 21, 0, 3, 0, 0, 36.00%, 0, 0, 2, 321.84, 48110, 9
154, 21, 0, 3, 0, 0, 36.00%, 0, 0, 2, 321.03, 49771, 9
159, 21, 0, 3, 0, 0, 36.00%, 0, 0, 2, 321.02, 51420, 9
164, 22, 0, 3, 0, 0, 36.00%, 0, 0, 2, 322.09, 53070, 9
165, 22, 0, 3, 0, 0, 36.00%, 1, 0, 2, 311.14, 53234, 9
