# relative_time, cycles_done, cur_item, corpus_count, pending_total, pending_favs, map_size, saved_crashes, saved_hangs, max_depth, execs_per_sec, total_execs, edges_found
61, 8, 2, 3, 0, 0, 30.43%, 0, 0, 2, 327.06, 20121, 7
66, 9, 2, 3, 0, 0, 30.43%, 0, 0, 2, 327.70, 21803, 7
71, 10, 2, 3, 0, 0, 30.43%, 0, 0, 2, 326.06, 23497, 7
76, 11, 2, 3, 0, 0, 30.43%, 0, 0, 2, 326.20, 25172, 7
81, 11, 2, 3, 0, 0, 30.43%, 0, 0, 2, 326.49, 26860, 7
87, 12, 2, 3, 0, 0, 30.43%, 0, 0, 2, 327.08, 28546, 7
92, 13, 2, 3, 0, 0, 30.43%, 0, 0, 2, 327.83, 30234, 7
97, 13, 2, 3, 0, 0, 30.43%, 0, 0, 2, 326.59, 31891, 7
102, 14, 2, 3, 0, 0, 30.43%, 0, 0, 2, 326.76, 33573, 7
107, 14, 2, 3, 0, 0, 30.43%, 0, 0, 2, 324.47, 35224, 7
112, 15, 2, 3, 0, 0, 30.43%, 0, 0, 2, 327.58, 36906, 7
117, 16, 2, 3, 0, 0, 30.43%, 0, 0, 2, 327.70, 38594, 7
123, 17, 0, 3, 0, 0, 30.43%, 0, 0, 2, 326.01, 40278, 7
128, 18, 2, 3, 0, 0, 30.43%, 0, 0, 2, 328.33, 41961, 7
133, 19, 2, 3, 0, 0, 30.43%, 0, 0, 2, 327.43, 43653, 7
138, 20, 2, 3, 0, 0, 30.43%, 0, 0, 2, 327.45, 45347, 7
143, 20, 0, 3, 0, 0, 30.43%, 0, 0, 2, 325.42, 47007, 7
148, 21, 2, 3, 0, 0, 30.43%, 0, 0, 2, 326.96, 48708, 7
153, 22, 0, 3, 0, 0, 30.43%, 0, 0, 2, 326.98, 50390, 7
159, 23, 2, 3, 0, 0, 30.43%, 0, 0, 2, 326.45, 52059, 7
164, 23, 2, 3, 0, 0, 30.43%, 0, 0, 2, 327.24, 53723, 7
169, 24, 2, 3, 0, 0, 30.43%, 0, 0, 2, 327.43, 55417, 7
174, 25, 2, 3, 0, 0, 30.43%, 0, 0, 2, 328.01, 57109, 7
179, 26, 0, 3, 0, 0, 30.43%, 0, 0, 2, 325.95, 58763, 7
184, 27, 2, 3, 0, 0, 30.43%, 0, 0, 2, 327.70, 60466, 7
189, 27, 2, 3, 0, 0, 30.43%, 0, 0, 2, 325.92, 62135, 7
195, 28, 0, 3, 0, 0, 30.43%, 0, 0, 2, 324.78, 63801, 7
200, 28, 0, 3, 0, 0, 30.43%, 0, 0, 2, 325.95, 65480, 7
205, 29, 0, 3, 0, 0, 30.43%, 0, 0, 2, 322.61, 67129, 7
210, 29, 2, 3, 0, 0, 30.43%, 0, 0, 2, 326.34, 68800, 7
215, 30, 2, 3, 0, 0, 30.43%, 0, 0, 2, 327.76, 70500, 7
220, 31, 2, 3, 0, 0, 30.43%, 0, 0, 2, 327.36, 72200, 7
225, 31, 0, 3, 0, 0, 30.43%, 0, 0, 2, 325.84, 73878, 7
231, 32, 2, 3, 0, 0, 30.43%, 0, 0, 2, 326.39, 75561, 7
236, 33, 0, 3, 0, 0, 30.43%, 0, 0, 2, 329.01, 77255, 7
241, 34, 2, 3, 0, 0, 30.43%, 0, 0, 2, 325.89, 78912, 7
246, 34, 0, 3, 0, 0, 30.43%, 0, 0, 2, 326.57, 80598, 7
251, 35, 2, 3, 0, 0, 30.43%, 0, 0, 2, 327.07, 82287, 7
256, 36, 2, 3, 0, 0, 30.43%, 0, 0, 2, 328.45, 83985, 7
262, 36, 2, 3, 0, 0, 30.43%, 0, 0, 2, 328.29, 85691, 7
267, 37, 0, 3, 0, 0, 30.43%, 0, 0, 2, 326.27, 87351, 7
272, 38, 2, 3, 0, 0, 30.43%, 0, 0, 2, 329.01, 89054, 7
277, 39, 0, 3, 0, 0, 30.43%, 0, 0, 2, 327.84, 90736, 7
282, 39, 0, 3, 0, 0, 30.43%, 0, 0, 2, 324.86, 92405, 7
287, 39, 0, 3, 0, 0, 30.43%, 0, 0, 2, 324.13, 94060, 7
292, 40, 2, 3, 0, 0, 30.43%, 0, 0, 2, 325.75, 95725, 7
297, 41, 2, 3, 0, 0, 30.43%, 0, 0, 2, 327.13, 97419, 7
303, 42, 2, 3, 0, 0, 30.43%, 0, 0, 2, 328.55, 99111, 7
308, 43, 0, 3, 0, 0, 30.43%, 0, 0, 2, 327.22, 100781, 7
313, 43, 2, 3, 0, 0, 30.43%, 0, 0, 2, 325.75, 102432, 7
318, 43, 0, 3, 0, 0, 30.43%, 0, 0, 2, 325.67, 104098, 7
323, 44, 2, 3, 0, 0, 30.43%, 0, 0, 2, 325.69, 105764, 7
328, 45, 2, 3, 0, 0, 30.43%, 0, 0, 2, 328.21, 107464, 7
333, 45, 0, 3, 0, 0, 30.43%, 0, 0, 2, 327.17, 109138, 7
338, 46, 0, 3, 0, 0, 30.43%, 0, 0, 2, 323.50, 110793, 7
344, 47, 2, 3, 0, 0, 30.43%, 0, 0, 2, 326.87, 112478, 7
349, 47, 2, 3, 0, 0, 30.43%, 0, 0, 2, 328.39, 114164, 7
354, 48, 2, 3, 0, 0, 30.43%, 0, 0, 2, 329.25, 115858, 7
359, 49, 2, 3, 0, 0, 30.43%, 0, 0, 2, 328.49, 117552, 7
364, 50, 0, 3, 0, 0, 30.43%, 0, 0, 2, 325.55, 119238, 7
369, 50, 2, 3, 0, 0, 30.43%, 0, 0, 2, 328.21, 120933, 7
374, 51, 0, 3, 0, 0, 30.43%, 0, 0, 2, 327.09, 122601, 7
380, 52, 0, 3, 0, 0, 30.43%, 0, 0, 2, 327.49, 124266, 7
385, 52, 2, 3, 0, 0, 30.43%, 0, 0, 2, 325.70, 125935, 7
390, 53, 2, 3, 0, 0, 30.43%, 0, 0, 2, 327.97, 127635, 7
395, 54, 2, 3, 0, 0, 30.43%, 0, 0, 2, 328.48, 129327, 7
400, 55, 2, 3, 0, 0, 30.43%, 0, 0, 2, 327.74, 131009, 7
405, 55, 0, 3, 0, 0, 30.43%, 0, 0, 2, 325.25, 132663, 7
410, 56, 2, 3, 0, 0, 30.43%, 0, 0, 2, 326.65, 134354, 7
416, 57, 2, 3, 0, 0, 30.43%, 0, 0, 2, 327.51, 136048, 7
421, 57, 0, 3, 0, 0, 30.43%, 0, 0, 2, 327.50, 137736, 7
426, 58, 1, 3, 0, 0, 30.43%, 0, 0, 2, 326.66, 139399, 7
431, 59, 2, 3, 0, 0, 30.43%, 0, 0, 2, 327.95, 141103, 7
436, 60, 0, 3, 0, 0, 30.43%, 0, 0, 2, 327.21, 142779, 7
441, 60, 2, 3, 0, 0, 30.43%, 0, 0, 2, 326.64, 144454, 7
446, 61, 0, 3, 0, 0, 30.43%, 0, 0, 2, 325.56, 146108, 7
452, 62, 2, 3, 0, 0, 30.43%, 0, 0, 2, 328.42, 147811, 7
457, 62, 0, 3, 0, 0, 30.43%, 0, 0, 2, 325.94, 149471, 7
462, 63, 2, 3, 0, 0, 30.43%, 0, 0, 2, 327.87, 151154, 7
467, 63, 2, 3, 0, 0, 30.43%, 0, 0, 2, 327.26, 152842, 7
472, 64, 2, 3, 0, 0, 30.43%, 0, 0, 2, 327.22, 154536, 7
477, 65, 2, 3, 0, 0, 30.43%, 0, 0, 2, 328.93, 156188, 7
482, 66, 0, 3, 0, 0, 30.43%, 0, 0, 2, 325.64, 157884, 7
487, 66, 2, 3, 0, 0, 30.43%, 0, 0, 2, 324.90, 159544, 7
493, 67, 0, 3, 0, 0, 30.43%, 0, 0, 2, 327.41, 161226, 7
498, 67, 0, 3, 0, 0, 30.43%, 0, 0, 2, 326.95, 162889, 7
503, 68, 2, 3, 0, 0, 30.43%, 0, 0, 2, 325.03, 164540, 7
508, 69, 2, 3, 0, 0, 30.43%, 0, 0, 2, 327.87, 166222, 7
513, 69, 0, 3, 0, 0, 30.43%, 0, 0, 2, 328.12, 167914, 7
518, 70, 2, 3, 0, 0, 30.43%, 0, 0, 2, 324.81, 169577, 7
523, 70, 0, 3, 0, 0, 30.43%, 0, 0, 2, 326.52, 171243, 7
528, 71, 2, 3, 0, 0, 30.43%, 0, 0, 2, 328.12, 172928, 7
533, 71, 2, 3, 0, 0, 30.43%, 0, 0, 2, 326.38, 174591, 7
539, 72, 2, 3, 0, 0, 30.43%, 0, 0, 2, 323.56, 176261, 7
544, 73, 2, 3, 0, 0, 30.43%, 0, 0, 2, 328.18, 177943, 7
549, 74, 2, 3, 0, 0, 30.43%, 0, 0, 2, 327.23, 179625, 7
554, 75, 2, 3, 0, 0, 30.43%, 0, 0, 2, 329.23, 181317, 7
559, 76, 2, 3, 0, 0, 30.43%, 0, 0, 2, 328.70, 183011, 7
564, 77, 0, 3, 0, 0, 30.43%, 0, 0, 2, 326.32, 184675, 7
569, 77, 2, 3, 0, 0, 30.43%, 0, 0, 2, 327.07, 186344, 7
574, 78, 1, 3, 0, 0, 30.43%, 0, 0, 2, 328.78, 188038, 7
580, 79, 2, 3, 0, 0, 30.43%, 0, 0, 2, 326.42, 189718, 7
585, 80, 2, 3, 0, 0, 30.43%, 0, 0, 2, 328.48, 191412, 7
590, 80, 2, 3, 0, 0, 30.43%, 0, 0, 2, 328.55, 193118, 7
595, 81, 2, 3, 0, 0, 30.43%, 0, 0, 2, 324.03, 194786, 7
600, 82, 2, 3, 0, 0, 30.43%, 0, 0, 2, 326.59, 196462, 7
605, 83, 2, 3, 0, 0, 30.43%, 0, 0, 2, 325.65, 198138, 7
610, 83, 0, 3, 0, 0, 30.43%, 0, 0, 2, 323.98, 199792, 7
616, 84, 0, 3, 0, 0, 30.43%, 0, 0, 2, 324.06, 201469, 7
621, 84, 2, 3, 0, 0, 30.43%, 0, 0, 2, 326.34, 203146, 7
626, 85, 2, 3, 0, 0, 30.43%, 0, 0, 2, 325.12, 204816, 7
631, 86, 2, 3, 0, 0, 30.43%, 0, 0, 2, 326.05, 206490, 7
636, 87, 2, 3, 0, 0, 30.43%, 0, 0, 2, 327.87, 208166, 7
641, 88, 2, 3, 0, 0, 30.43%, 0, 0, 2, 325.65, 209842, 7
646, 89, 2, 3, 0, 0, 30.43%, 0, 0, 2, 327.67, 211540, 7
652, 90, 2, 3, 0, 0, 30.43%, 0, 0, 2, 326.46, 213204, 7
657, 90, 2, 3, 0, 0, 30.43%, 0, 0, 2, 327.17, 214874, 7
662, 91, 2, 3, 0, 0, 30.43%, 0, 0, 2, 325.54, 216542, 7
667, 92, 2, 3, 0, 0, 30.43%, 0, 0, 2, 326.04, 218230, 7
672, 93, 2, 3, 0, 0, 30.43%, 0, 0, 2, 326.49, 219906, 7
677, 93, 2, 3, 0, 0, 30.43%, 0, 0, 2, 324.97, 221563, 7
682, 94, 2, 3, 0, 0, 30.43%, 0, 0, 2, 326.02, 223237, 7
688, 95, 0, 3, 0, 0, 30.43%, 0, 0, 2, 326.25, 224913, 7
693, 95, 2, 3, 0, 0, 30.43%, 0, 0, 2, 326.15, 226576, 7
698, 96, 2, 3, 0, 0, 30.43%, 0, 0, 2, 325.40, 228240, 7
703, 97, 2, 3, 0, 0, 30.43%, 0, 0, 2, 326.89, 229916, 7
708, 98, 1, 3, 0, 0, 30.43%, 0, 0, 2, 327.61, 231598, 7
713, 99, 2, 3, 0, 0, 30.43%, 0, 0, 2, 326.52, 233266, 7
718, 99, 0, 3, 0, 0, 30.43%, 0, 0, 2, 324.57, 234926, 7
723, 100, 2, 3, 0, 0, 30.43%, 0, 0, 2, 326.40, 236605, 7
729, 101, 2, 3, 0, 0, 30.43%, 0, 0, 2, 325.82, 238273, 7
734, 102, 0, 3, 0, 0, 30.43%, 0, 0, 2, 326.94, 239943, 7
739, 102, 2, 3, 0, 0, 30.43%, 0, 0, 2, 326.25, 241606, 7
744, 103, 2, 3, 0, 0, 30.43%, 0, 0, 2, 327.91, 243288, 7
749, 104, 2, 3, 0, 0, 30.43%, 0, 0, 2, 327.43, 244958, 7
754, 105, 0, 3, 0, 0, 30.43%, 0, 0, 2, 326.70, 246644, 7
759, 105, 2, 3, 0, 0, 30.43%, 0, 0, 2, 324.87, 248313, 7
760, 105, 2, 3, 0, 0, 30.43%, 1, 0, 2, 14.71, 248647, 7
