# relative_time, cycles_done, cur_item, corpus_count, pending_total, pending_favs, map_size, saved_crashes, saved_hangs, max_depth, execs_per_sec, total_execs, edges_found
61, 5, 0, 1, 0, 0, 25.00%, 0, 0, 1, 321.64, 19941, 2
66, 6, 0, 1, 0, 0, 25.00%, 0, 0, 1, 324.44, 21589, 2
71, 6, 0, 1, 0, 0, 25.00%, 0, 0, 1, 324.02, 23238, 2
76, 7, 0, 1, 0, 0, 25.00%, 0, 0, 1, 322.15, 24893, 2
81, 7, 0, 1, 0, 0, 25.00%, 0, 0, 1, 325.87, 26553, 2
86, 8, 0, 1, 0, 0, 25.00%, 0, 0, 1, 325.66, 28208, 2
91, 8, 0, 1, 0, 0, 25.00%, 0, 0, 1, 326.29, 29862, 2
97, 9, 0, 1, 0, 0, 25.00%, 0, 0, 1, 326.23, 31529, 2
102, 9, 0, 1, 0, 0, 25.00%, 0, 0, 1, 326.06, 33189, 2
107, 10, 0, 1, 0, 0, 25.00%, 0, 0, 1, 325.59, 34844, 2
112, 10, 0, 1, 0, 0, 25.00%, 0, 0, 1, 326.44, 36493, 2
117, 11, 0, 1, 0, 0, 25.00%, 0, 0, 1, 325.22, 38153, 2
122, 11, 0, 1, 0, 0, 25.00%, 0, 0, 1, 324.78, 39814, 2
127, 12, 0, 1, 0, 0, 25.00%, 0, 0, 1, 325.08, 41474, 2
132, 12, 0, 1, 0, 0, 25.00%, 0, 0, 1, 325.41, 43141, 2
137, 12, 0, 1, 0, 0, 25.00%, 0, 0, 1, 325.06, 44796, 2
142, 13, 0, 1, 0, 0, 25.00%, 0, 0, 1, 324.30, 46450, 2
148, 13, 0, 1, 0, 0, 25.00%, 0, 0, 1, 324.00, 48117, 2
153, 14, 0, 1, 0, 0, 25.00%, 0, 0, 1, 324.95, 49783, 2
158, 14, 0, 1, 0, 0, 25.00%, 0, 0, 1, 324.67, 51444, 2
163, 15, 0, 1, 0, 0, 25.00%, 0, 0, 1, 324.35, 53105, 2
168, 15, 0, 1, 0, 0, 25.00%, 0, 0, 1, 326.21, 54783, 2
173, 16, 0, 1, 0, 0, 25.00%, 0, 0, 1, 324.75, 56444, 2
178, 16, 0, 1, 0, 0, 25.00%, 0, 0, 1, 324.33, 58104, 2
183, 17, 0, 1, 0, 0, 25.00%, 0, 0, 1, 325.33, 59777, 2
188, 17, 0, 1, 0, 0, 25.00%, 1, 0, 1, 315.23, 61275, 2
