# relative_time, cycles_done, cur_item, corpus_count, pending_total, pending_favs, map_size, saved_crashes, saved_hangs, max_depth, execs_per_sec, total_execs, edges_found
61, 5, 0, 1, 0, 0, 25.00%, 0, 0, 1, 326.64, 20133, 2
66, 6, 0, 1, 0, 0, 25.00%, 0, 0, 1, 326.46, 21805, 2
71, 6, 0, 1, 0, 0, 25.00%, 0, 0, 1, 327.14, 23490, 2
77, 7, 0, 1, 0, 0, 25.00%, 0, 0, 1, 325.67, 25156, 2
82, 7, 0, 1, 0, 0, 25.00%, 0, 0, 1, 327.15, 26841, 2
87, 8, 0, 1, 0, 0, 25.00%, 0, 0, 1, 326.26, 28513, 2
92, 8, 0, 1, 0, 0, 25.00%, 0, 0, 1, 324.67, 30174, 2
97, 9, 0, 1, 0, 0, 25.00%, 0, 0, 1, 325.25, 31835, 2
102, 9, 0, 1, 0, 0, 25.00%, 0, 0, 1, 319.40, 33436, 2
107, 10, 0, 1, 0, 0, 25.00%, 0, 0, 1, 324.45, 35097, 2
112, 10, 0, 1, 0, 0, 25.00%, 0, 0, 1, 324.15, 36751, 2
118, 11, 0, 1, 0, 0, 25.00%, 0, 0, 1, 324.12, 38412, 2
123, 11, 0, 1, 0, 0, 25.00%, 0, 0, 1, 324.56, 40061, 2
128, 12, 0, 1, 0, 0, 25.00%, 0, 0, 1, 322.17, 41715, 2
133, 12, 0, 1, 0, 0, 25.00%, 0, 0, 1, 323.14, 43376, 2
138, 13, 0, 1, 0, 0, 25.00%, 0, 0, 1, 324.02, 45024, 2
143, 13, 0, 1, 0, 0, 25.00%, 0, 0, 1, 321.91, 46673, 2
148, 13, 0, 1, 0, 0, 25.00%, 0, 0, 1, 322.91, 48322, 2
153, 14, 0, 1, 0, 0, 25.00%, 0, 0, 1, 324.77, 50000, 2
158, 14, 0, 1, 0, 0, 25.00%, 0, 0, 1, 324.33, 51649, 2
164, 15, 0, 1, 0, 0, 25.00%, 0, 0, 1, 323.98, 53297, 2
169, 15, 0, 1, 0, 0, 25.00%, 0, 0, 1, 323.64, 54958, 2
174, 16, 0, 1, 0, 0, 25.00%, 0, 0, 1, 323.85, 56613, 2
179, 16, 0, 1, 0, 0, 25.00%, 0, 0, 1, 323.46, 58267, 2
184, 17, 0, 1, 0, 0, 25.00%, 0, 0, 1, 323.27, 59928, 2
189, 17, 0, 1, 0, 0, 25.00%, 0, 0, 1, 324.44, 61582, 2
194, 18, 0, 1, 0, 0, 25.00%, 0, 0, 1, 324.28, 63237, 2
199, 18, 0, 1, 0, 0, 25.00%, 0, 0, 1, 321.93, 64886, 2
205, 19, 0, 1, 0, 0, 25.00%, 0, 0, 1, 321.39, 66558, 2
210, 19, 0, 1, 0, 0, 25.00%, 0, 0, 1, 322.96, 68213, 2
215, 20, 0, 1, 0, 0, 25.00%, 0, 0, 1, 323.04, 69873, 2
220, 20, 0, 1, 0, 0, 25.00%, 0, 0, 1, 320.54, 71510, 2
225, 21, 0, 1, 0, 0, 25.00%, 0, 0, 1, 322.31, 73158, 2
230, 21, 0, 1, 0, 0, 25.00%, 0, 0, 1, 323.85, 74813, 2
235, 21, 0, 1, 0, 0, 25.00%, 0, 0, 1, 322.42, 76462, 2
240, 22, 0, 1, 0, 0, 25.00%, 0, 0, 1, 323.43, 78122, 2
245, 22, 0, 1, 0, 0, 25.00%, 0, 0, 1, 323.97, 79771, 2
251, 23, 0, 1, 0, 0, 25.00%, 0, 0, 1, 324.21, 81437, 2
256, 23, 0, 1, 0, 0, 25.00%, 0, 0, 1, 323.70, 83098, 2
261, 24, 0, 1, 0, 0, 25.00%, 0, 0, 1, 324.83, 84753, 2
266, 24, 0, 1, 0, 0, 25.00%, 0, 0, 1, 322.28, 86395, 2
271, 25, 0, 1, 0, 0, 25.00%, 0, 0, 1, 323.58, 88044, 2
276, 25, 0, 1, 0, 0, 25.00%, 0, 0, 1, 325.04, 89698, 2
281, 26, 0, 1, 0, 0, 25.00%, 0, 0, 1, 324.12, 91359, 2
286, 26, 0, 1, 0, 0, 25.00%, 0, 0, 1, 324.58, 93014, 2
291, 27, 0, 1, 0, 0, 25.00%, 0, 0, 1, 322.82, 94662, 2
297, 27, 0, 1, 0, 0, 25.00%, 0, 0, 1, 323.47, 96311, 2
302, 28, 0, 1, 0, 0, 25.00%, 0, 0, 1, 324.24, 97959, 2
307, 28, 0, 1, 0, 0, 25.00%, 0, 0, 1, 324.02, 99644, 2
309, 28, 0, 1, 0, 0, 25.00%, 1, 0, 1, 310.46, 100264, 2
