# relative_time, cycles_done, cur_item, corpus_count, pending_total, pending_favs, map_size, saved_crashes, saved_hangs, max_depth, execs_per_sec, total_execs, edges_found
61, 5, 0, 1, 0, 0, 25.00%, 0, 0, 1, 326.80, 20097, 2
66, 6, 0, 1, 0, 0, 25.00%, 0, 0, 1, 326.27, 21769, 2
71, 6, 0, 1, 0, 0, 25.00%, 0, 0, 1, 326.27, 23460, 2
76, 7, 0, 1, 0, 0, 25.00%, 0, 0, 1, 326.65, 25138, 2
81, 7, 0, 1, 0, 0, 25.00%, 0, 0, 1, 327.68, 26829, 2
87, 8, 0, 1, 0, 0, 25.00%, 0, 0, 1, 328.29, 28519, 2
92, 8, 0, 1, 0, 0, 25.00%, 0, 0, 1, 326.11, 30192, 2
97, 9, 0, 1, 0, 0, 25.00%, 0, 0, 1, 327.78, 31871, 2
102, 9, 0, 1, 0, 0, 25.00%, 0, 0, 1, 326.74, 33543, 2
107, 10, 0, 1, 0, 0, 25.00%, 0, 0, 1, 327.41, 35180, 2
112, 10, 0, 1, 0, 0, 25.00%, 0, 0, 1, 319.88, 36828, 2
117, 11, 0, 1, 0, 0, 25.00%, 0, 0, 1, 321.73, 38477, 2
122, 11, 0, 1, 0, 0, 25.00%, 0, 0, 1, 321.72, 40132, 2
128, 12, 0, 1, 0, 0, 25.00%, 0, 0, 1, 323.84, 41798, 2
133, 12, 0, 1, 0, 0, 25.00%, 0, 0, 1, 324.03, 43453, 2
138, 13, 0, 1, 0, 0, 25.00%, 0, 0, 1, 324.39, 45113, 2
143, 13, 0, 1, 0, 0, 25.00%, 0, 0, 1, 324.48, 46762, 2
148, 13, 0, 1, 0, 0, 25.00%, 0, 0, 1, 324.92, 48417, 2
153, 14, 0, 1, 0, 0, 25.00%, 0, 0, 1, 322.26, 50065, 2
158, 14, 0, 1, 0, 0, 25.00%, 0, 0, 1, 323.65, 51726, 2
163, 15, 0, 1, 0, 0, 25.00%, 0, 0, 1, 324.08, 53380, 2
168, 15, 0, 1, 0, 0, 25.00%, 0, 0, 1, 323.79, 55029, 2
174, 16, 0, 1, 0, 0, 25.00%, 0, 0, 1, 324.94, 56695, 2
179, 16, 0, 1, 0, 0, 25.00%, 0, 0, 1, 324.76, 58356, 2
184, 17, 0, 1, 0, 0, 25.00%, 0, 0, 1, 323.86, 60005, 2
189, 17, 0, 1, 0, 0, 25.00%, 0, 0, 1, 323.76, 61665, 2
194, 18, 0, 1, 0, 0, 25.00%, 0, 0, 1, 323.46, 63332, 2
199, 18, 0, 1, 0, 0, 25.00%, 0, 0, 1, 325.33, 65004, 2
204, 19, 0, 1, 0, 0, 25.00%, 0, 0, 1, 324.88, 66677, 2
209, 19, 0, 1, 0, 0, 25.00%, 0, 0, 1, 322.44, 68326, 2
215, 20, 0, 1, 0, 0, 25.00%, 0, 0, 1, 323.80, 69980, 2
220, 20, 0, 1, 0, 0, 25.00%, 0, 0, 1, 324.38, 71641, 2
225, 21, 0, 1, 0, 0, 25.00%, 0, 0, 1, 323.78, 73313, 2
230, 21, 0, 1, 0, 0, 25.00%, 0, 0, 1, 324.66, 74968, 2
235, 22, 0, 1, 0, 0, 25.00%, 0, 0, 1, 325.60, 76640, 2
240, 22, 0, 1, 0, 0, 25.00%, 0, 0, 1, 324.18, 78295, 2
245, 22, 0, 1, 0, 0, 25.00%, 0, 0, 1, 324.89, 79956, 2
250, 23, 0, 1, 0, 0, 25.00%, 0, 0, 1, 324.55, 81604, 2
255, 23, 0, 1, 0, 0, 25.00%, 0, 0, 1, 323.05, 83253, 2
261, 24, 0, 1, 0, 0, 25.00%, 0, 0, 1, 324.82, 84901, 2
266, 24, 0, 1, 0, 0, 25.00%, 0, 0, 1, 322.51, 86544, 2
271, 25, 0, 1, 0, 0, 25.00%, 0, 0, 1, 321.95, 88205, 2
276, 25, 0, 1, 0, 0, 25.00%, 0, 0, 1, 324.25, 89871, 2
281, 26, 0, 1, 0, 0, 25.00%, 0, 0, 1, 326.23, 91538, 2
286, 26, 0, 1, 0, 0, 25.00%, 0, 0, 1, 325.66, 93204, 2
291, 27, 0, 1, 0, 0, 25.00%, 0, 0, 1, 323.82, 94853, 2
296, 27, 0, 1, 0, 0, 25.00%, 0, 0, 1, 324.48, 96502, 2
301, 28, 0, 1, 0, 0, 25.00%, 0, 0, 1, 322.72, 98156, 2
307, 28, 0, 1, 0, 0, 25.00%, 0, 0, 1, 323.84, 99811, 2
312, 29, 0, 1, 0, 0, 25.00%, 0, 0, 1, 325.82, 101483, 2
317, 29, 0, 1, 0, 0, 25.00%, 0, 0, 1, 323.49, 103132, 2
322, 29, 0, 1, 0, 0, 25.00%, 0, 0, 1, 325.25, 104787, 2
327, 30, 0, 1, 0, 0, 25.00%, 0, 0, 1, 325.33, 106441, 2
332, 30, 0, 1, 0, 0, 25.00%, 0, 0, 1, 324.05, 108102, 2
337, 31, 0, 1, 0, 0, 25.00%, 0, 0, 1, 323.25, 109750, 2
342, 31, 0, 1, 0, 0, 25.00%, 0, 0, 1, 324.41, 111411, 2
347, 32, 0, 1, 0, 0, 25.00%, 0, 0, 1, 324.95, 113065, 2
353, 32, 0, 1, 0, 0, 25.00%, 0, 0, 1, 324.75, 114732, 2
358, 33, 0, 1, 0, 0, 25.00%, 0, 0, 1, 325.44, 116393, 2
363, 33, 0, 1, 0, 0, 25.00%, 0, 0, 1, 323.94, 118047, 2
368, 34, 0, 1, 0, 0, 25.00%, 0, 0, 1, 323.79, 119708, 2
373, 34, 0, 1, 0, 0, 25.00%, 0, 0, 1, 323.54, 121362, 2
378, 35, 0, 1, 0, 0, 25.00%, 0, 0, 1, 324.69, 123017, 2
383, 35, 0, 1, 0, 0, 25.00%, 0, 0, 1, 324.33, 124672, 2
388, 36, 0, 1, 0, 0, 25.00%, 0, 0, 1, 323.99, 126338, 2
393, 36, 0, 1, 0, 0, 25.00%, 0, 0, 1, 324.20, 127981, 2
399, 37, 0, 1, 0, 0, 25.00%, 0, 0, 1, 324.30, 129647, 2
404, 37, 0, 1, 0, 0, 25.00%, 0, 0, 1, 323.86, 131302, 2
409, 37, 0, 1, 0, 0, 25.00%, 0, 0, 1, 325.00, 132951, 2
414, 38, 0, 1, 0, 0, 25.00%, 0, 0, 1, 325.45, 134617, 2
419, 38, 0, 1, 0, 0, 25.00%, 0, 0, 1, 324.37, 136278, 2
424, 39, 0, 1, 0, 0, 25.00%, 0, 0, 1, 323.92, 137944, 2
429, 39, 0, 1, 0, 0, 25.00%, 0, 0, 1, 323.79, 139599, 2
434, 40, 0, 1, 0, 0, 25.00%, 0, 0, 1, 322.21, 141254, 2
439, 40, 0, 1, 0, 0, 25.00%, 0, 0, 1, 324.13, 142908, 2
445, 41, 0, 1, 0, 0, 25.00%, 0, 0, 1, 325.26, 144581, 2
450, 41, 0, 1, 0, 0, 25.00%, 0, 0, 1, 323.97, 146229, 2
455, 42, 0, 1, 0, 0, 25.00%, 0, 0, 1, 323.26, 147878, 2
460, 42, 0, 1, 0, 0, 25.00%, 0, 0, 1, 324.79, 149544, 2
465, 43, 0, 1, 0, 0, 25.00%, 0, 0, 1, 325.24, 151211, 2
470, 43, 0, 1, 0, 0, 25.00%, 0, 0, 1, 324.85, 152866, 2
475, 44, 0, 1, 0, 0, 25.00%, 0, 0, 1, 325.18, 154526, 2
480, 44, 0, 1, 0, 0, 25.00%, 0, 0, 1, 324.39, 156187, 2
485, 45, 0, 1, 0, 0, 25.00%, 0, 0, 1, 324.83, 157841, 2
491, 45, 0, 1, 0, 0, 25.00%, 0, 0, 1, 323.91, 159502, 2
496, 45, 0, 1, 0, 0, 25.00%, 0, 0, 1, 324.33, 161151, 2
501, 46, 0, 1, 0, 0, 25.00%, 0, 0, 1, 324.59, 162805, 2
506, 46, 0, 1, 0, 0, 25.00%, 0, 0, 1, 324.96, 164466, 2
511, 47, 0, 1, 0, 0, 25.00%, 0, 0, 1, 323.72, 166114, 2
516, 47, 0, 1, 0, 0, 25.00%, 0, 0, 1, 325.23, 167769, 2
521, 48, 0, 1, 0, 0, 25.00%, 0, 0, 1, 323.50, 169412, 2
526, 48, 0, 1, 0, 0, 25.00%, 0, 0, 1, 324.69, 171084, 2
531, 49, 0, 1, 0, 0, 25.00%, 0, 0, 1, 325.29, 172745, 2
536, 49, 0, 1, 0, 0, 25.00%, 0, 0, 1, 324.48, 174405, 2
542, 50, 0, 1, 0, 0, 25.00%, 0, 0, 1, 324.54, 176054, 2
547, 50, 0, 1, 0, 0, 25.00%, 0, 0, 1, 325.18, 177714, 2
552, 51, 0, 1, 0, 0, 25.00%, 0, 0, 1, 325.08, 179369, 2
557, 51, 0, 1, 0, 0, 25.00%, 0, 0, 1, 325.01, 181018, 2
562, 52, 0, 1, 0, 0, 25.00%, 0, 0, 1, 324.42, 182696, 2
567, 52, 0, 1, 0, 0, 25.00%, 0, 0, 1, 324.92, 184351, 2
572, 53, 0, 1, 0, 0, 25.00%, 0, 0, 1, 323.54, 186011, 2
573, 53, 0, 1, 0, 0, 25.00%, 1, 0, 1, 314.04, 186192, 2
