# relative_time, cycles_done, cur_item, corpus_count, pending_total, pending_favs, map_size, saved_crashes, saved_hangs, max_depth, execs_per_sec, total_execs, edges_found
61, 9, 0, 3, 0, 0, 32.26%, 0, 0, 2, 324.37, 20036, 10
66, 10, 2, 3, 0, 0, 32.26%, 0, 0, 2, 324.96, 21706, 10
71, 11, 1, 3, 0, 0, 32.26%, 0, 0, 2, 328.91, 23422, 10
76, 12, 1, 3, 0, 0, 32.26%, 0, 0, 2, 329.57, 25072, 10
81, 13, 0, 3, 0, 0, 32.26%, 0, 0, 2, 329.55, 26770, 10
86, 14, 1, 3, 0, 0, 32.26%, 0, 0, 2, 326.11, 28443, 10
92, 14, 0, 3, 0, 0, 32.26%, 0, 0, 2, 323.23, 30117, 10
97, 15, 0, 3, 0, 0, 32.26%, 0, 0, 2, 326.56, 31820, 10
102, 16, 1, 3, 0, 0, 32.26%, 0, 0, 2, 327.88, 33508, 10
107, 17, 1, 3, 0, 0, 32.26%, 0, 0, 2, 323.83, 35175, 10
112, 18, 1, 3, 0, 0, 32.26%, 0, 0, 2, 328.10, 36828, 10
117, 19, 0, 3, 0, 0, 32.26%, 0, 0, 2, 328.20, 38526, 10
122, 19, 1, 3, 0, 0, 32.26%, 0, 0, 2, 326.70, 40151, 10
128, 20, 1, 3, 0, 0, 32.26%, 0, 0, 2, 323.59, 41815, 10
133, 21, 1, 3, 0, 0, 32.26%, 0, 0, 2, 329.08, 43471, 10
138, 22, 1, 3, 0, 0, 32.26%, 0, 0, 2, 327.77, 45109, 10
143, 23, 1, 3, 0, 0, 32.26%, 0, 0, 2, 324.31, 46767, 10
148, 23, 1, 3, 0, 0, 32.26%, 0, 0, 2, 324.26, 48434, 10
153, 24, 1, 3, 0, 0, 32.26%, 0, 0, 2, 328.10, 50144, 10
158, 25, 1, 3, 0, 0, 32.26%, 0, 0, 2, 324.18, 51811, 10
163, 26, 1, 3, 0, 0, 32.26%, 0, 0, 2, 328.49, 53518, 10
169, 27, 2, 3, 0, 0, 32.26%, 0, 0, 2, 328.63, 55228, 10
174, 28, 1, 3, 0, 0, 32.26%, 0, 0, 2, 327.66, 56938, 10
179, 29, 0, 3, 0, 0, 32.26%, 0, 0, 2, 325.09, 58633, 10
184, 30, 2, 3, 0, 0, 32.26%, 0, 0, 2, 326.90, 60309, 10
189, 31, 1, 3, 0, 0, 32.26%, 0, 0, 2, 329.95, 62031, 10
195, 32, 0, 3, 0, 0, 32.26%, 0, 0, 2, 327.64, 63732, 10
200, 33, 0, 3, 0, 0, 32.26%, 0, 0, 2, 326.19, 65417, 10
205, 34, 1, 3, 0, 0, 32.26%, 0, 0, 2, 326.09, 67084, 10
210, 35, 2, 3, 0, 0, 32.26%, 0, 0, 2, 328.20, 68794, 10
215, 36, 0, 3, 0, 0, 32.26%, 0, 0, 2, 324.15, 70480, 10
220, 36, 1, 3, 0, 0, 32.26%, 0, 0, 2, 326.54, 72168, 10
225, 38, 1, 3, 0, 0, 32.26%, 0, 0, 2, 329.14, 73824, 10
231, 39, 2, 3, 0, 0, 32.26%, 0, 0, 2, 328.21, 75522, 10
236, 40, 0, 3, 0, 0, 32.26%, 0, 0, 2, 325.26, 77214, 10
241, 41, 1, 3, 0, 0, 32.26%, 0, 0, 2, 327.35, 78911, 10
246, 41, 0, 3, 0, 0, 32.26%, 0, 0, 2, 325.87, 80549, 10
251, 42, 0, 3, 0, 0, 32.26%, 0, 0, 2, 319.33, 82186, 10
256, 42, 1, 3, 0, 0, 32.26%, 0, 0, 2, 322.33, 83852, 10
261, 43, 1, 3, 0, 0, 32.26%, 0, 0, 2, 328.16, 85550, 10
266, 44, 1, 3, 0, 0, 32.26%, 0, 0, 2, 329.72, 87200, 10
272, 46, 2, 3, 0, 0, 32.26%, 0, 0, 2, 329.44, 88898, 10
277, 47, 1, 3, 0, 0, 32.26%, 0, 0, 2, 330.46, 90575, 10
282, 47, 0, 3, 0, 0, 32.26%, 0, 0, 2, 325.86, 92255, 10
287, 48, 2, 3, 0, 0, 32.26%, 0, 0, 2, 328.16, 93892, 10
292, 50, 2, 3, 0, 0, 32.26%, 0, 0, 2, 329.70, 95602, 10
297, 51, 0, 3, 0, 0, 32.26%, 0, 0, 2, 326.96, 97285, 10
302, 51, 0, 3, 0, 0, 32.26%, 0, 0, 2, 325.00, 98958, 10
308, 52, 0, 3, 0, 0, 32.26%, 0, 0, 2, 325.96, 100643, 10
313, 52, 1, 3, 0, 0, 32.26%, 0, 0, 2, 325.02, 102316, 10
318, 53, 2, 3, 0, 0, 32.26%, 0, 0, 2, 326.92, 104007, 10
323, 55, 1, 3, 0, 0, 32.26%, 0, 0, 2, 328.05, 105697, 10
328, 56, 0, 3, 0, 0, 32.26%, 0, 0, 2, 325.74, 107386, 10
333, 56, 0, 3, 0, 0, 32.26%, 0, 0, 2, 321.49, 109035, 10
338, 56, 2, 3, 0, 0, 32.26%, 0, 0, 2, 323.53, 110695, 10
344, 57, 0, 3, 0, 0, 32.26%, 0, 0, 2, 322.32, 112372, 10
349, 58, 1, 3, 0, 0, 32.26%, 0, 0, 2, 316.70, 114018, 10
354, 59, 1, 3, 0, 0, 32.26%, 0, 0, 2, 327.76, 115677, 10
359, 60, 2, 3, 0, 0, 32.26%, 0, 0, 2, 329.20, 117393, 10
364, 61, 0, 3, 0, 0, 32.26%, 0, 0, 2, 324.59, 119064, 10
369, 62, 0, 3, 0, 0, 32.26%, 0, 0, 2, 323.24, 120752, 10
375, 63, 1, 3, 0, 0, 32.26%, 0, 0, 2, 326.58, 122449, 10
380, 63, 0, 3, 0, 0, 32.26%, 0, 0, 2, 323.96, 124132, 10
385, 64, 2, 3, 0, 0, 32.26%, 0, 0, 2, 327.91, 125841, 10
390, 65, 1, 3, 0, 0, 32.26%, 0, 0, 2, 330.91, 127503, 10
395, 66, 0, 3, 0, 0, 32.26%, 0, 0, 2, 324.50, 129192, 10
400, 67, 1, 3, 0, 0, 32.26%, 0, 0, 2, 328.69, 130904, 10
406, 68, 2, 3, 0, 0, 32.26%, 0, 0, 2, 328.84, 132599, 10
411, 69, 0, 3, 0, 0, 32.26%, 0, 0, 2, 325.55, 134240, 10
416, 70, 0, 3, 0, 0, 32.26%, 0, 0, 2, 326.41, 135928, 10
421, 70, 0, 3, 0, 0, 32.26%, 0, 0, 2, 321.54, 137571, 10
426, 71, 0, 3, 0, 0, 32.26%, 0, 0, 2, 324.03, 139244, 10
431, 72, 1, 3, 0, 0, 32.26%, 0, 0, 2, 327.35, 140932, 10
436, 73, 1, 3, 0, 0, 32.26%, 0, 0, 2, 328.40, 142630, 10
442, 73, 0, 3, 0, 0, 32.26%, 0, 0, 2, 325.19, 144313, 10
447, 74, 1, 3, 0, 0, 32.26%, 0, 0, 2, 325.94, 145992, 10
452, 75, 0, 3, 0, 0, 32.26%, 0, 0, 2, 326.04, 147684, 10
457, 76, 0, 3, 0, 0, 32.26%, 0, 0, 2, 324.87, 149369, 10
462, 77, 0, 3, 0, 0, 32.26%, 0, 0, 2, 324.66, 151057, 10
467, 77, 1, 3, 0, 0, 32.26%, 0, 0, 2, 327.34, 152748, 10
473, 78, 0, 3, 0, 0, 32.26%, 0, 0, 2, 325.74, 154437, 10
478, 79, 1, 3, 0, 0, 32.26%, 0, 0, 2, 325.97, 156101, 10
483, 80, 2, 3, 0, 0, 32.26%, 0, 0, 2, 329.16, 157805, 10
488, 81, 2, 3, 0, 0, 32.26%, 0, 0, 2, 329.74, 159521, 10
493, 82, 0, 3, 0, 0, 32.26%, 0, 0, 2, 323.73, 161201, 10
498, 83, 1, 3, 0, 0, 32.26%, 0, 0, 2, 329.99, 162877, 10
503, 84, 1, 3, 0, 0, 32.26%, 0, 0, 2, 330.52, 164539, 10
508, 85, 1, 3, 0, 0, 32.26%, 0, 0, 2, 330.16, 166188, 10
514, 86, 1, 3, 0, 0, 32.26%, 0, 0, 2, 329.48, 167896, 10
519, 88, 1, 3, 0, 0, 32.26%, 0, 0, 2, 329.34, 169606, 10
524, 88, 0, 3, 0, 0, 32.26%, 0, 0, 2, 320.60, 171261, 10
529, 88, 0, 3, 0, 0, 32.26%, 0, 0, 2, 321.03, 172910, 10
534, 89, 1, 3, 0, 0, 32.26%, 0, 0, 2, 326.53, 174604, 10
539, 90, 1, 3, 0, 0, 32.26%, 0, 0, 2, 324.02, 176265, 10
545, 90, 1, 3, 0, 0, 32.26%, 0, 0, 2, 324.10, 177944, 10
550, 91, 2, 3, 0, 0, 32.26%, 0, 0, 2, 328.77, 179597, 10
555, 93, 2, 3, 0, 0, 32.26%, 0, 0, 2, 328.64, 181289, 10
560, 93, 0, 3, 0, 0, 32.26%, 0, 0, 2, 324.86, 182975, 10
565, 94, 0, 3, 0, 0, 32.26%, 0, 0, 2, 323.13, 184645, 10
570, 95, 1, 3, 0, 0, 32.26%, 0, 0, 2, 328.15, 186336, 10
575, 96, 0, 3, 0, 0, 32.26%, 0, 0, 2, 326.05, 188025, 10
581, 97, 1, 3, 0, 0, 32.26%, 0, 0, 2, 329.29, 189731, 10
586, 98, 1, 3, 0, 0, 32.26%, 0, 0, 2, 328.82, 191441, 10
591, 99, 1, 3, 0, 0, 32.26%, 0, 0, 2, 330.04, 193097, 10
596, 100, 1, 3, 0, 0, 32.26%, 0, 0, 2, 332.08, 194774, 10
601, 101, 2, 3, 0, 0, 32.26%, 0, 0, 2, 325.73, 196435, 10
606, 102, 1, 3, 0, 0, 32.26%, 0, 0, 2, 328.10, 198127, 10
611, 102, 1, 3, 0, 0, 32.26%, 0, 0, 2, 321.95, 199788, 10
615, 103, 0, 3, 0, 0, 32.26%, 1, 0, 2, 307.58, 200811, 10
