# relative_time, cycles_done, cur_item, corpus_count, pending_total, pending_favs, map_size, saved_crashes, saved_hangs, max_depth, execs_per_sec, total_execs, edges_found
61, 9, 2, 3, 0, 0, 36.00%, 0, 0, 2, 318.11, 20025, 9
66, 10, 0, 3, 0, 0, 36.00%, 0, 0, 2, 322.91, 21705, 9
71, 10, 0, 3, 0, 0, 36.00%, 0, 0, 2, 322.17, 23375, 9
77, 10, 0, 3, 0, 0, 36.00%, 0, 0, 2, 321.45, 25033, 9
82, 11, 2, 3, 0, 0, 36.00%, 0, 0, 2, 324.87, 26702, 9
87, 12, 0, 3, 0, 0, 36.00%, 0, 0, 2, 325.12, 28400, 9
92, 13, 2, 3, 0, 0, 36.00%, 0, 0, 2, 326.59, 30082, 9
97, 14, 0, 3, 0, 0, 36.00%, 0, 0, 2, 322.78, 31740, 9
102, 14, 1, 3, 0, 0, 36.00%, 0, 0, 2, 325.79, 33419, 9
108, 15, 2, 3, 0, 0, 36.00%, 0, 0, 2, 324.44, 35089, 9
113, 16, 2, 3, 0, 0, 36.00%, 0, 0, 2, 323.75, 36762, 9
118, 17, 2, 3, 0, 0, 36.00%, 0, 0, 2, 328.35, 38415, 9
123, 18, 0, 3, 0, 0, 36.00%, 0, 0, 2, 328.54, 40065, 9
128, 18, 0, 3, 0, 0, 36.00%, 0, 0, 2, 326.34, 41744, 9
133, 19, 2, 3, 0, 0, 36.00%, 0, 0, 2, 326.75, 43426, 9
138, 20, 2, 3, 0, 0, 36.00%, 0, 0, 2, 327.75, 45130, 9
143, 21, 2, 3, 0, 0, 36.00%, 0, 0, 2, 325.81, 46809, 9
149, 21, 0, 3, 0, 0, 36.00%, 0, 0, 2, 325.60, 48483, 9
154, 22, 0, 3, 0, 0, 36.00%, 0, 0, 2, 324.11, 50165, 9
159, 23, 2, 3, 0, 0, 36.00%, 0, 0, 2, 325.17, 51832, 9
164, 24, 2, 3, 0, 0, 36.00%, 0, 0, 2, 324.45, 53514, 9
169, 24, 1, 3, 0, 0, 36.00%, 0, 0, 2, 325.07, 55193, 9
174, 26, 2, 3, 0, 0, 36.00%, 0, 0, 2, 329.70, 56906, 9
180, 26, 2, 3, 0, 0, 36.00%, 0, 0, 2, 325.00, 58579, 9
185, 27, 2, 3, 0, 0, 36.00%, 0, 0, 2, 322.38, 60240, 9
190, 28, 2, 3, 0, 0, 36.00%, 0, 0, 2, 327.40, 61887, 9
195, 29, 0, 3, 0, 0, 36.00%, 0, 0, 2, 323.35, 63564, 9
200, 30, 0, 3, 0, 0, 36.00%, 0, 0, 2, 326.44, 65243, 9
205, 30, 2, 3, 0, 0, 36.00%, 0, 0, 2, 326.71, 66916, 9
210, 32, 0, 3, 0, 0, 36.00%, 0, 0, 2, 330.74, 68632, 9
216, 32, 2, 3, 0, 0, 36.00%, 0, 0, 2, 326.52, 70308, 9
221, 34, 2, 3, 0, 0, 36.00%, 0, 0, 2, 328.49, 72018, 9
226, 35, 0, 3, 0, 0, 36.00%, 0, 0, 2, 326.74, 73662, 9
231, 35, 0, 3, 0, 0, 36.00%, 0, 0, 2, 321.56, 75305, 9
236, 35, 0, 3, 0, 0, 36.00%, 0, 0, 2, 321.56, 76975, 9
241, 36, 0, 3, 0, 0, 36.00%, 0, 0, 2, 322.94, 78603, 9
246, 37, 0, 3, 0, 0, 36.00%, 0, 0, 2, 325.18, 80276, 9
251, 38, 2, 3, 0, 0, 36.00%, 0, 0, 2, 327.56, 81973, 9
257, 38, 0, 3, 0, 0, 36.00%, 0, 0, 2, 321.94, 83638, 9
262, 39, 0, 3, 0, 0, 36.00%, 0, 0, 2, 326.03, 85341, 9
267, 39, 0, 3, 0, 0, 36.00%, 0, 0, 2, 323.14, 86990, 9
268, 39, 0, 3, 0, 0, 36.00%, 1, 0, 2, 314.73, 87175, 9
