# relative_time, cycles_done, cur_item, corpus_count, pending_total, pending_favs, map_size, saved_crashes, saved_hangs, max_depth, execs_per_sec, total_execs, edges_found
61, 9, 1, 2, 0, 0, 36.00%, 0, 0, 2, 324.42, 20031, 9
66, 10, 1, 2, 0, 0, 36.00%, 0, 0, 2, 329.69, 21747, 9
71, 11, 1, 2, 0, 0, 36.00%, 0, 0, 2, 326.30, 23420, 9
77, 12, 0, 2, 0, 0, 36.00%, 0, 0, 2, 326.84, 25109, 9
82, 13, 1, 2, 0, 0, 36.00%, 0, 0, 2, 321.69, 26782, 9
87, 14, 1, 2, 0, 0, 36.00%, 0, 0, 2, 320.91, 28425, 9
92, 15, 1, 2, 0, 0, 36.00%, 0, 0, 2, 328.72, 30105, 9
97, 17, 0, 2, 0, 0, 36.00%, 0, 0, 2, 328.49, 31758, 9
102, 17, 1, 2, 0, 0, 36.00%, 0, 0, 2, 328.51, 33431, 9
107, 18, 1, 2, 0, 0, 36.00%, 0, 0, 2, 324.28, 35104, 9
109, 19, 0, 2, 0, 0, 36.00%, 1, 0, 2, 317.01, 35775, 9
