# relative_time, cycles_done, cur_item, corpus_count, pending_total, pending_favs, map_size, saved_crashes, saved_hangs, max_depth, execs_per_sec, total_execs, edges_found
61, 9, 0, 3, 0, 0, 36.00%, 0, 0, 3, 324.31, 20130, 9
66, 10, 0, 3, 0, 0, 36.00%, 0, 0, 3, 325.55, 21812, 9
71, 10, 0, 3, 0, 0, 36.00%, 0, 0, 3, 325.38, 23497, 9
77, 11, 0, 3, 0, 0, 36.00%, 0, 0, 3, 325.20, 25182, 9
82, 12, 2, 3, 0, 0, 36.00%, 0, 0, 3, 326.82, 26870, 9
87, 13, 2, 3, 0, 0, 36.00%, 0, 0, 3, 329.85, 28535, 9
92, 14, 2, 3, 0, 0, 36.00%, 0, 0, 3, 330.92, 30257, 9
97, 15, 0, 3, 0, 0, 36.00%, 0, 0, 3, 326.20, 31898, 9
102, 15, 0, 3, 0, 0, 36.00%, 0, 0, 3, 322.66, 33562, 9
107, 16, 0, 3, 0, 0, 36.00%, 0, 0, 3, 326.17, 35208, 9
112, 17, 0, 3, 0, 0, 36.00%, 0, 0, 3, 322.17, 36866, 9
118, 17, 2, 3, 0, 0, 36.00%, 0, 0, 3, 326.99, 38554, 9
123, 19, 2, 3, 0, 0, 36.00%, 0, 0, 3, 330.69, 40276, 9
128, 19, 0, 3, 0, 0, 36.00%, 0, 0, 3, 324.68, 41950, 9
133, 20, 0, 3, 0, 0, 36.00%, 0, 0, 3, 323.57, 43623, 9
138, 20, 0, 3, 0, 0, 36.00%, 0, 0, 3, 322.22, 45272, 9
143, 22, 0, 3, 0, 0, 36.00%, 0, 0, 3, 324.85, 46906, 9
148, 22, 2, 3, 0, 0, 36.00%, 0, 0, 3, 325.69, 48582, 9
154, 24, 2, 3, 0, 0, 36.00%, 0, 0, 3, 330.30, 50304, 9
159, 25, 2, 3, 0, 0, 36.00%, 0, 0, 3, 330.41, 52014, 9
164, 26, 0, 3, 0, 0, 36.00%, 0, 0, 3, 327.68, 53709, 9
169, 26, 2, 3, 0, 0, 36.00%, 0, 0, 3, 327.71, 55400, 9
174, 27, 0, 3, 0, 0, 36.00%, 0, 0, 3, 326.87, 57047, 9
179, 28, 0, 3, 0, 0, 36.00%, 0, 0, 3, 321.67, 58699, 9
184, 29, 2, 3, 0, 0, 36.00%, 0, 0, 3, 326.79, 60393, 9
190, 30, 2, 3, 0, 0, 36.00%, 0, 0, 3, 328.78, 62100, 9
195, 31, 2, 3, 0, 0, 36.00%, 0, 0, 3, 325.31, 63773, 9
200, 32, 2, 3, 0, 0, 36.00%, 0, 0, 3, 330.19, 65486, 9
205, 33, 0, 3, 0, 0, 36.00%, 1, 0, 3, 317.07, 66964, 9
