# relative_time, cycles_done, cur_item, corpus_count, pending_total, pending_favs, map_size, saved_crashes, saved_hangs, max_depth, execs_per_sec, total_execs, edges_found
61, 6, 2, 3, 0, 0, 30.43%, 0, 0, 2, 327.46, 20261, 7
66, 7, 2, 3, 0, 0, 30.43%, 0, 0, 2, 327.38, 21899, 7
71, 8, 2, 3, 0, 0, 30.43%, 0, 0, 2, 326.52, 23569, 7
77, 9, 2, 3, 0, 0, 30.43%, 0, 0, 2, 326.81, 25245, 7
82, 10, 2, 3, 0, 0, 30.43%, 0, 0, 2, 325.55, 26908, 7
87, 10, 2, 3, 0, 0, 30.43%, 0, 0, 2, 324.54, 28559, 7
92, 11, 2, 3, 0, 0, 30.43%, 0, 0, 2, 326.12, 30240, 7
97, 11, 2, 3, 0, 0, 30.43%, 0, 0, 2, 327.89, 31940, 7
102, 12, 0, 3, 0, 0, 30.43%, 0, 0, 2, 327.64, 33628, 7
107, 13, 2, 3, 0, 0, 30.43%, 0, 0, 2, 326.69, 35297, 7
112, 13, 0, 3, 0, 0, 30.43%, 0, 0, 2, 326.91, 36973, 7
118, 14, 2, 3, 0, 0, 30.43%, 0, 0, 2, 326.97, 38642, 7
123, 14, 2, 3, 0, 0, 30.43%, 0, 0, 2, 324.83, 40305, 7
128, 15, 0, 3, 0, 0, 30.43%, 0, 0, 2, 324.43, 41973, 7
133, 15, 2, 3, 0, 0, 30.43%, 0, 0, 2, 325.85, 43642, 7
138, 16, 2, 3, 0, 0, 30.43%, 0, 0, 2, 327.26, 45325, 7
143, 17, 2, 3, 0, 0, 30.43%, 0, 0, 2, 328.52, 47029, 7
149, 17, 2, 3, 0, 0, 30.43%, 0, 0, 2, 327.77, 48717, 7
154, 18, 2, 3, 0, 0, 30.43%, 0, 0, 2, 326.98, 50399, 7
159, 19, 2, 3, 0, 0, 30.43%, 0, 0, 2, 327.95, 52069, 7
164, 20, 2, 3, 0, 0, 30.43%, 0, 0, 2, 326.66, 53727, 7
169, 20, 2, 3, 0, 0, 30.43%, 0, 0, 2, 326.90, 55389, 7
174, 21, 0, 3, 0, 0, 30.43%, 0, 0, 2, 323.98, 57041, 7
179, 22, 2, 3, 0, 0, 30.43%, 0, 0, 2, 323.19, 58704, 7
184, 22, 2, 3, 0, 0, 30.43%, 0, 0, 2, 327.29, 60386, 7
189, 23, 2, 3, 0, 0, 30.43%, 0, 0, 2, 324.10, 62043, 7
195, 23, 0, 3, 0, 0, 30.43%, 0, 0, 2, 323.92, 63717, 7
200, 24, 0, 3, 0, 0, 30.43%, 0, 0, 2, 322.81, 65366, 7
205, 24, 2, 3, 0, 0, 30.43%, 0, 0, 2, 325.17, 67027, 7
210, 25, 2, 3, 0, 0, 30.43%, 0, 0, 2, 326.44, 68727, 7
215, 26, 2, 3, 0, 0, 30.43%, 0, 0, 2, 327.67, 70409, 7
220, 27, 1, 3, 0, 0, 30.43%, 0, 0, 2, 326.86, 72097, 7
225, 28, 0, 3, 0, 0, 30.43%, 0, 0, 2, 326.01, 73771, 7
231, 29, 2, 3, 0, 0, 30.43%, 0, 0, 2, 325.34, 75428, 7
236, 29, 2, 3, 0, 0, 30.43%, 0, 0, 2, 325.48, 77098, 7
241, 30, 2, 3, 0, 0, 30.43%, 0, 0, 2, 326.01, 78754, 7
246, 31, 2, 3, 0, 0, 30.43%, 0, 0, 2, 327.17, 80430, 7
251, 32, 2, 3, 0, 0, 30.43%, 0, 0, 2, 326.80, 82112, 7
256, 33, 2, 3, 0, 0, 30.43%, 0, 0, 2, 325.18, 83788, 7
261, 33, 2, 3, 0, 0, 30.43%, 0, 0, 2, 326.49, 85474, 7
266, 34, 2, 3, 0, 0, 30.43%, 0, 0, 2, 326.56, 87144, 7
272, 35, 2, 3, 0, 0, 30.43%, 0, 0, 2, 327.35, 88838, 7
277, 36, 2, 3, 0, 0, 30.43%, 0, 0, 2, 326.96, 90530, 7
282, 37, 2, 3, 0, 0, 30.43%, 0, 0, 2, 327.29, 92206, 7
287, 38, 2, 3, 0, 0, 30.43%, 0, 0, 2, 327.69, 93888, 7
292, 38, 0, 3, 0, 0, 30.43%, 0, 0, 2, 326.68, 95576, 7
297, 39, 2, 3, 0, 0, 30.43%, 0, 0, 2, 325.64, 97227, 7
302, 40, 2, 3, 0, 0, 30.43%, 0, 0, 2, 326.25, 98889, 7
307, 40, 2, 3, 0, 0, 30.43%, 0, 0, 2, 324.72, 100547, 7
313, 41, 2, 3, 0, 0, 30.43%, 0, 0, 2, 317.13, 102095, 7
318, 42, 2, 3, 0, 0, 30.43%, 0, 0, 2, 324.68, 103759, 7
323, 43, 2, 3, 0, 0, 30.43%, 0, 0, 2, 326.46, 105459, 7
328, 44, 2, 3, 0, 0, 30.43%, 0, 0, 2, 326.51, 107133, 7
333, 45, 2, 3, 0, 0, 30.43%, 0, 0, 2, 326.18, 108797, 7
338, 46, 2, 3, 0, 0, 30.43%, 0, 0, 2, 328.01, 110471, 7
343, 46, 2, 3, 0, 0, 30.43%, 0, 0, 2, 326.41, 112129, 7
348, 47, 2, 3, 0, 0, 30.43%, 0, 0, 2, 327.41, 113811, 7
354, 48, 2, 3, 0, 0, 30.43%, 0, 0, 2, 326.71, 115499, 7
359, 48, 0, 3, 0, 0, 30.43%, 0, 0, 2, 324.76, 117159, 7
364, 49, 2, 3, 0, 0, 30.43%, 0, 0, 2, 326.74, 118826, 7
368, 50, 2, 3, 0, 0, 30.43%, 1, 0, 2, 316.48, 120211, 7
