# relative_time, cycles_done, cur_item, corpus_count, pending_total, pending_favs, map_size, saved_crashes, saved_hangs, max_depth, execs_per_sec, total_execs, edges_found
61, 7, 2, 3, 0, 0, 30.43%, 0, 0, 2, 322.84, 19985, 7
66, 8, 2, 3, 0, 0, 30.43%, 0, 0, 2, 319.62, 21643, 7
71, 9, 1, 3, 0, 0, 30.43%, 0, 0, 2, 323.17, 23301, 7
76, 10, 2, 3, 0, 0, 30.43%, 0, 0, 2, 324.60, 24963, 7
82, 11, 2, 3, 0, 0, 30.43%, 0, 0, 2, 320.70, 26615, 7
87, 11, 2, 3, 0, 0, 30.43%, 0, 0, 2, 323.29, 28271, 7
92, 13, 2, 3, 0, 0, 30.43%, 0, 0, 2, 324.43, 29935, 7
97, 13, 2, 3, 0, 0, 30.43%, 0, 0, 2, 323.12, 31579, 7
102, 14, 2, 3, 0, 0, 30.43%, 0, 0, 2, 324.59, 33249, 7
107, 15, 2, 3, 0, 0, 30.43%, 0, 0, 2, 324.72, 34913, 7
112, 16, 2, 3, 0, 0, 30.43%, 0, 0, 2, 324.47, 36577, 7
118, 16, 2, 3, 0, 0, 30.43%, 0, 0, 2, 324.37, 38239, 7
123, 17, 2, 3, 0, 0, 30.43%, 0, 0, 2, 323.12, 39897, 7
128, 18, 0, 3, 0, 0, 30.43%, 0, 0, 2, 323.82, 41557, 7
133, 19, 0, 3, 0, 0, 30.43%, 0, 0, 2, 324.17, 43218, 7
138, 19, 2, 3, 0, 0, 30.43%, 0, 0, 2, 323.80, 44881, 7
143, 20, 2, 3, 0, 0, 30.43%, 0, 0, 2, 323.54, 46557, 7
148, 21, 2, 3, 0, 0, 30.43%, 0, 0, 2, 324.48, 48213, 7
153, 21, 2, 3, 0, 0, 30.43%, 0, 0, 2, 324.61, 49870, 7
159, 22, 2, 3, 0, 0, 30.43%, 0, 0, 2, 323.33, 51528, 7
164, 23, 2, 3, 0, 0, 30.43%, 0, 0, 2, 325.29, 53198, 7
169, 23, 2, 3, 0, 0, 30.43%, 0, 0, 2, 323.57, 54861, 7
174, 24, 2, 3, 0, 0, 30.43%, 0, 0, 2, 324.21, 56531, 7
179, 24, 0, 3, 0, 0, 30.43%, 0, 0, 2, 325.30, 58191, 7
184, 25, 2, 3, 0, 0, 30.43%, 0, 0, 2, 324.25, 59852, 7
189, 26, 2, 3, 0, 0, 30.43%, 0, 0, 2, 324.79, 61514, 7
194, 27, 2, 3, 0, 0, 30.43%, 0, 0, 2, 325.44, 63184, 7
200, 28, 2, 3, 0, 0, 30.43%, 0, 0, 2, 325.74, 64846, 7
205, 29, 2, 3, 0, 0, 30.43%, 0, 0, 2, 323.74, 66504, 7
210, 30, 2, 3, 0, 0, 30.43%, 0, 0, 2, 324.19, 68172, 7
215, 31, 2, 3, 0, 0, 30.43%, 0, 0, 2, 324.15, 69830, 7
220, 31, 2, 3, 0, 0, 30.43%, 0, 0, 2, 324.25, 71487, 7
225, 32, 0, 3, 0, 0, 30.43%, 0, 0, 2, 325.51, 73149, 7
230, 32, 2, 3, 0, 0, 30.43%, 1, 0, 2, 316.23, 74804, 7
