# relative_time, cycles_done, cur_item, corpus_count, pending_total, pending_favs, map_size, saved_crashes, saved_hangs, max_depth, execs_per_sec, total_execs, edges_found
61, 8, 0, 3, 0, 0, 32.26%, 0, 0, 2, 324.33, 19979, 10
66, 9, 0, 3, 0, 0, 32.26%, 0, 0, 2, 325.93, 21676, 10
71, 10, 2, 3, 0, 0, 32.26%, 0, 0, 2, 323.56, 23355, 10
76, 11, 0, 3, 0, 0, 32.26%, 0, 0, 2, 324.39, 25033, 10
82, 11, 0, 3, 0, 0, 32.26%, 0, 0, 2, 320.75, 26682, 10
87, 12, 1, 3, 0, 0, 32.26%, 0, 0, 2, 328.76, 28406, 10
92, 13, 2, 3, 0, 0, 32.26%, 0, 0, 2, 324.47, 30081, 10
97, 14, 0, 3, 0, 0, 32.26%, 0, 0, 2, 321.15, 31700, 10
102, 14, 1, 3, 0, 0, 32.26%, 0, 0, 2, 324.48, 33376, 10
107, 15, 1, 3, 0, 0, 32.26%, 0, 0, 2, 325.00, 35060, 10
112, 16, 1, 3, 0, 0, 32.26%, 0, 0, 2, 326.54, 36756, 10
118, 17, 1, 3, 0, 0, 32.26%, 0, 0, 2, 323.75, 38435, 10
123, 17, 0, 3, 0, 0, 32.26%, 0, 0, 2, 323.82, 40112, 10
128, 18, 1, 3, 0, 0, 32.26%, 0, 0, 2, 325.57, 41795, 10
133, 19, 2, 3, 0, 0, 32.26%, 0, 0, 2, 322.67, 43465, 10
138, 20, 0, 3, 0, 0, 32.26%, 0, 0, 2, 323.86, 45131, 10
143, 20, 1, 3, 0, 0, 32.26%, 0, 0, 2, 326.22, 46805, 10
148, 21, 1, 3, 0, 0, 32.26%, 0, 0, 2, 329.56, 48467, 10
154, 23, 1, 3, 0, 0, 32.26%, 0, 0, 2, 331.22, 50189, 10
159, 24, 2, 3, 0, 0, 32.26%, 0, 0, 2, 327.57, 51885, 10
164, 25, 1, 3, 0, 0, 32.26%, 0, 0, 2, 329.70, 53593, 10
169, 25, 0, 3, 0, 0, 32.26%, 0, 0, 2, 323.60, 55250, 10
174, 26, 1, 3, 0, 0, 32.26%, 0, 0, 2, 325.46, 56927, 10
180, 27, 1, 3, 0, 0, 32.26%, 0, 0, 2, 324.25, 58603, 10
185, 27, 0, 3, 0, 0, 32.26%, 0, 0, 2, 322.55, 60261, 10
190, 28, 1, 3, 0, 0, 32.26%, 0, 0, 2, 326.55, 61940, 10
195, 29, 1, 3, 0, 0, 32.26%, 0, 0, 2, 329.78, 63596, 10
200, 29, 0, 3, 0, 0, 32.26%, 0, 0, 2, 323.91, 65264, 10
205, 30, 1, 3, 0, 0, 32.26%, 0, 0, 2, 325.08, 66927, 10
210, 30, 1, 3, 0, 0, 32.26%, 0, 0, 2, 322.75, 68600, 10
215, 31, 1, 3, 0, 0, 32.26%, 0, 0, 2, 325.46, 70242, 10
220, 32, 0, 3, 0, 0, 32.26%, 0, 0, 2, 323.58, 71922, 10
226, 33, 2, 3, 0, 0, 32.26%, 0, 0, 2, 327.26, 73580, 10
231, 34, 2, 3, 0, 0, 32.26%, 0, 0, 2, 327.65, 75219, 10
236, 34, 0, 3, 0, 0, 32.26%, 0, 0, 2, 322.14, 76828, 10
241, 35, 0, 3, 0, 0, 32.26%, 0, 0, 2, 324.45, 78494, 10
246, 35, 2, 3, 0, 0, 32.26%, 0, 0, 2, 320.83, 80143, 10
251, 36, 2, 3, 0, 0, 32.26%, 0, 0, 2, 321.91, 81808, 10
256, 37, 1, 3, 0, 0, 32.26%, 0, 0, 2, 327.50, 83510, 10
261, 38, 0, 3, 0, 0, 32.26%, 0, 0, 2, 322.19, 85176, 10
267, 38, 0, 3, 0, 0, 32.26%, 0, 0, 2, 321.57, 86834, 10
272, 38, 0, 3, 0, 0, 32.26%, 0, 0, 2, 321.58, 88504, 10
273, 39, 1, 3, 0, 0, 32.26%, 1, 0, 2, 0.00, 88809, 10
