# relative_time, cycles_done, cur_item, corpus_count, pending_total, pending_favs, map_size, saved_crashes, saved_hangs, max_depth, execs_per_sec, total_execs, edges_found
61, 10, 2, 3, 0, 0, 36.00%, 0, 0, 2, 326.22, 20251, 9
67, 12, 2, 3, 0, 0, 36.00%, 0, 0, 2, 330.28, 21912, 9
72, 12, 0, 3, 0, 0, 36.00%, 0, 0, 2, 325.73, 23590, 9
77, 14, 0, 3, 0, 0, 36.00%, 0, 0, 2, 327.72, 25233, 9
82, 14, 2, 3, 0, 0, 36.00%, 0, 0, 2, 325.57, 26897, 9
87, 15, 2, 3, 0, 0, 36.00%, 0, 0, 2, 327.53, 28544, 9
92, 17, 2, 3, 0, 0, 36.00%, 0, 0, 2, 329.54, 30206, 9
97, 18, 2, 3, 0, 0, 36.00%, 0, 0, 2, 329.65, 31859, 9
102, 19, 2, 3, 0, 0, 36.00%, 0, 0, 2, 330.28, 33572, 9
107, 20, 2, 3, 0, 0, 36.00%, 0, 0, 2, 326.22, 35197, 9
112, 20, 2, 3, 0, 0, 36.00%, 0, 0, 2, 324.74, 36864, 9
117, 21, 0, 3, 0, 0, 36.00%, 0, 0, 2, 322.59, 38541, 9
123, 21, 2, 3, 0, 0, 36.00%, 0, 0, 2, 322.50, 40207, 9
128, 22, 0, 3, 0, 0, 36.00%, 0, 0, 2, 324.28, 41905, 9
133, 23, 0, 3, 0, 0, 36.00%, 0, 0, 2, 322.56, 43575, 9
138, 24, 2, 3, 0, 0, 36.00%, 0, 0, 2, 328.53, 45230, 9
143, 24, 2, 3, 0, 0, 36.00%, 0, 0, 2, 325.40, 46897, 9
148, 25, 2, 3, 0, 0, 36.00%, 0, 0, 2, 329.61, 48559, 9
153, 26, 0, 3, 0, 0, 36.00%, 0, 0, 2, 325.84, 50203, 9
158, 27, 2, 3, 0, 0, 36.00%, 0, 0, 2, 326.21, 51891, 9
164, 28, 0, 3, 0, 0, 36.00%, 0, 0, 2, 324.69, 53574, 9
169, 28, 2, 3, 0, 0, 36.00%, 0, 0, 2, 322.75, 55228, 9
174, 29, 0, 3, 0, 0, 36.00%, 0, 0, 2, 325.85, 56929, 9
179, 30, 0, 3, 0, 0, 36.00%, 0, 0, 2, 323.28, 58593, 9
184, 30, 0, 3, 0, 0, 36.00%, 0, 0, 2, 323.57, 60212, 9
189, 31, 2, 3, 0, 0, 36.00%, 0, 0, 2, 324.67, 61870, 9
194, 32, 2, 3, 0, 0, 36.00%, 0, 0, 2, 329.77, 63580, 9
200, 33, 0, 3, 0, 0, 36.00%, 0, 0, 2, 325.42, 65248, 9
205, 34, 2, 3, 0, 0, 36.00%, 0, 0, 2, 326.19, 66930, 9
210, 34, 2, 3, 0, 0, 36.00%, 0, 0, 2, 325.32, 68609, 9
215, 35, 2, 3, 0, 0, 36.00%, 0, 0, 2, 323.41, 70276, 9
220, 36, 0, 3, 0, 0, 36.00%, 0, 0, 2, 322.30, 71947, 9
225, 37, 2, 3, 0, 0, 36.00%, 0, 0, 2, 324.31, 73614, 9
231, 37, 2, 3, 0, 0, 36.00%, 0, 0, 2, 324.94, 75287, 9
236, 38, 2, 3, 0, 0, 36.00%, 0, 0, 2, 328.43, 76946, 9
241, 39, 2, 3, 0, 0, 36.00%, 0, 0, 2, 329.25, 78602, 9
246, 40, 2, 3, 0, 0, 36.00%, 0, 0, 2, 325.09, 80275, 9
251, 41, 2, 3, 0, 0, 36.00%, 0, 0, 2, 329.61, 81991, 9
256, 42, 2, 3, 0, 0, 36.00%, 0, 0, 2, 326.36, 83673, 9
261, 42, 0, 3, 0, 0, 36.00%, 0, 0, 2, 324.26, 85350, 9
266, 43, 2, 3, 0, 0, 36.00%, 0, 0, 2, 323.52, 87019, 9
272, 43, 2, 3, 0, 0, 36.00%, 0, 0, 2, 323.27, 88680, 9
277, 44, 0, 3, 0, 0, 36.00%, 0, 0, 2, 323.65, 90366, 9
282, 44, 0, 3, 0, 0, 36.00%, 0, 0, 2, 321.40, 92039, 9
287, 45, 0, 3, 0, 0, 36.00%, 0, 0, 2, 322.59, 93718, 9
292, 46, 2, 3, 0, 0, 36.00%, 0, 0, 2, 328.16, 95367, 9
297, 47, 0, 3, 0, 0, 36.00%, 0, 0, 2, 323.96, 97044, 9
302, 47, 0, 3, 0, 0, 36.00%, 0, 0, 2, 321.55, 98717, 9
308, 49, 2, 3, 0, 0, 36.00%, 0, 0, 2, 325.89, 100402, 9
313, 50, 0, 3, 0, 0, 36.00%, 0, 0, 2, 326.90, 102088, 9
318, 50, 2, 3, 0, 0, 36.00%, 0, 0, 2, 326.02, 103758, 9
323, 51, 2, 3, 0, 0, 36.00%, 0, 0, 2, 330.55, 105468, 9
328, 52, 2, 3, 0, 0, 36.00%, 0, 0, 2, 327.14, 107147, 9
333, 53, 0, 3, 0, 0, 36.00%, 0, 0, 2, 322.76, 108803, 9
339, 53, 2, 3, 0, 0, 36.00%, 0, 0, 2, 324.85, 110466, 9
344, 54, 2, 3, 0, 0, 36.00%, 0, 0, 2, 328.89, 112119, 9
349, 55, 0, 3, 0, 0, 36.00%, 0, 0, 2, 324.34, 113796, 9
354, 56, 0, 3, 0, 0, 36.00%, 0, 0, 2, 323.01, 115454, 9
359, 57, 0, 3, 0, 0, 36.00%, 0, 0, 2, 326.37, 117154, 9
364, 58, 2, 3, 0, 0, 36.00%, 0, 0, 2, 326.42, 118827, 9
369, 58, 2, 3, 0, 0, 36.00%, 0, 0, 2, 325.22, 120509, 9
375, 59, 2, 3, 0, 0, 36.00%, 0, 0, 2, 324.85, 122176, 9
380, 60, 2, 3, 0, 0, 36.00%, 0, 0, 2, 328.82, 123841, 9
385, 61, 0, 3, 0, 0, 36.00%, 0, 0, 2, 326.96, 125526, 9
390, 61, 2, 3, 0, 0, 36.00%, 0, 0, 2, 326.20, 127196, 9
395, 62, 0, 3, 0, 0, 36.00%, 0, 0, 2, 327.68, 128849, 9
400, 63, 2, 3, 0, 0, 36.00%, 0, 0, 2, 327.05, 130531, 9
405, 64, 0, 3, 0, 0, 36.00%, 0, 0, 2, 326.59, 132238, 9
410, 65, 2, 3, 0, 0, 36.00%, 0, 0, 2, 328.14, 133923, 9
416, 65, 0, 3, 0, 0, 36.00%, 0, 0, 2, 325.37, 135609, 9
421, 66, 2, 3, 0, 0, 36.00%, 0, 0, 2, 328.55, 137252, 9
426, 67, 0, 3, 0, 0, 36.00%, 0, 0, 2, 324.94, 138947, 9
431, 68, 2, 3, 0, 0, 36.00%, 0, 0, 2, 322.09, 140601, 9
436, 69, 2, 3, 0, 0, 36.00%, 0, 0, 2, 328.71, 142298, 9
441, 70, 0, 3, 0, 0, 36.00%, 0, 0, 2, 329.86, 144018, 9
447, 71, 2, 3, 0, 0, 36.00%, 0, 0, 2, 326.03, 145697, 9
452, 71, 0, 3, 0, 0, 36.00%, 0, 0, 2, 323.41, 147380, 9
457, 72, 0, 3, 0, 0, 36.00%, 0, 0, 2, 322.19, 149032, 9
462, 72, 0, 3, 0, 0, 36.00%, 0, 0, 2, 322.41, 150702, 9
467, 73, 2, 3, 0, 0, 36.00%, 0, 0, 2, 329.06, 152402, 9
472, 75, 0, 3, 0, 0, 36.00%, 0, 0, 2, 320.59, 154002, 9
477, 75, 2, 3, 0, 0, 36.00%, 0, 0, 2, 324.90, 155621, 9
482, 76, 2, 3, 0, 0, 36.00%, 0, 0, 2, 327.25, 157310, 9
488, 77, 0, 3, 0, 0, 36.00%, 0, 0, 2, 326.87, 159017, 9
493, 78, 0, 3, 0, 0, 36.00%, 0, 0, 2, 324.98, 160684, 9
498, 79, 2, 3, 0, 0, 36.00%, 0, 0, 2, 323.87, 162339, 9
503, 80, 2, 3, 0, 0, 36.00%, 0, 0, 2, 329.36, 164007, 9
508, 81, 0, 3, 0, 0, 36.00%, 0, 0, 2, 326.43, 165648, 9
513, 82, 2, 3, 0, 0, 36.00%, 0, 0, 2, 325.95, 167321, 9
518, 83, 0, 3, 0, 0, 36.00%, 0, 0, 2, 325.86, 168959, 9
523, 83, 2, 3, 0, 0, 36.00%, 0, 0, 2, 327.80, 170605, 9
528, 85, 2, 3, 0, 0, 36.00%, 0, 0, 2, 329.43, 172309, 9
533, 86, 2, 3, 0, 0, 36.00%, 0, 0, 2, 329.23, 174007, 9
539, 87, 2, 3, 0, 0, 36.00%, 0, 0, 2, 326.70, 175681, 9
544, 88, 1, 3, 0, 0, 36.00%, 0, 0, 2, 323.57, 177367, 9
549, 90, 2, 3, 0, 0, 36.00%, 0, 0, 2, 324.95, 179053, 9
554, 91, 2, 3, 0, 0, 36.00%, 0, 0, 2, 324.70, 180718, 9
559, 92, 2, 3, 0, 0, 36.00%, 0, 0, 2, 320.11, 182376, 9
564, 93, 0, 3, 0, 0, 36.00%, 0, 0, 2, 323.38, 184062, 9
570, 93, 0, 3, 0, 0, 36.00%, 0, 0, 2, 320.61, 185711, 9
575, 94, 2, 3, 0, 0, 36.00%, 0, 0, 2, 327.70, 187417, 9
580, 95, 0, 3, 0, 0, 36.00%, 0, 0, 2, 323.99, 189088, 9
585, 96, 0, 3, 0, 0, 36.00%, 0, 0, 2, 327.42, 190788, 9
590, 96, 2, 3, 0, 0, 36.00%, 0, 0, 2, 326.34, 192464, 9
595, 98, 2, 3, 0, 0, 36.00%, 0, 0, 2, 328.67, 194180, 9
601, 98, 2, 3, 0, 0, 36.00%, 0, 0, 2, 324.81, 195847, 9
606, 99, 2, 3, 0, 0, 36.00%, 0, 0, 2, 327.57, 197488, 9
611, 100, 0, 3, 0, 0, 36.00%, 0, 0, 2, 324.95, 199183, 9
616, 101, 2, 3, 0, 0, 36.00%, 0, 0, 2, 325.47, 200847, 9
621, 102, 2, 3, 0, 0, 36.00%, 0, 0, 2, 325.65, 202488, 9
626, 104, 2, 3, 0, 0, 36.00%, 0, 0, 2, 327.53, 204180, 9
631, 104, 2, 3, 0, 0, 36.00%, 0, 0, 2, 322.15, 205835, 9
636, 105, 0, 3, 0, 0, 36.00%, 0, 0, 2, 322.32, 207491, 9
642, 105, 2, 3, 0, 0, 36.00%, 0, 0, 2, 321.26, 209148, 9
647, 107, 2, 3, 0, 0, 36.00%, 0, 0, 2, 326.81, 210843, 9
652, 108, 2, 3, 0, 0, 36.00%, 0, 0, 2, 326.96, 212547, 9
657, 109, 0, 3, 0, 0, 36.00%, 0, 0, 2, 322.89, 214215, 9
662, 110, 0, 3, 0, 0, 36.00%, 0, 0, 2, 324.75, 215894, 9
667, 111, 2, 3, 0, 0, 36.00%, 0, 0, 2, 324.51, 217561, 9
673, 111, 0, 3, 0, 0, 36.00%, 0, 0, 2, 321.73, 219213, 9
678, 112, 2, 3, 0, 0, 36.00%, 0, 0, 2, 324.56, 220886, 9
683, 112, 2, 3, 0, 0, 36.00%, 0, 0, 2, 324.41, 222562, 9
688, 113, 0, 3, 0, 0, 36.00%, 0, 0, 2, 323.15, 224188, 9
693, 114, 2, 3, 0, 0, 36.00%, 0, 0, 2, 327.20, 225825, 9
698, 115, 0, 3, 0, 0, 36.00%, 0, 0, 2, 324.40, 227493, 9
703, 115, 0, 3, 0, 0, 36.00%, 0, 0, 2, 321.65, 229163, 9
708, 116, 2, 3, 0, 0, 36.00%, 0, 0, 2, 326.05, 230800, 9
713, 117, 0, 3, 0, 0, 36.00%, 0, 0, 2, 322.48, 232458, 9
719, 117, 1, 3, 0, 0, 36.00%, 0, 0, 2, 323.19, 234112, 9
724, 119, 2, 3, 0, 0, 36.00%, 0, 0, 2, 327.88, 235826, 9
729, 120, 2, 3, 0, 0, 36.00%, 0, 0, 2, 326.95, 237524, 9
734, 120, 0, 3, 0, 0, 36.00%, 0, 0, 2, 322.55, 239180, 9
739, 122, 0, 3, 0, 0, 36.00%, 0, 0, 2, 325.50, 240871, 9
744, 122, 0, 3, 0, 0, 36.00%, 0, 0, 2, 322.99, 242535, 9
750, 123, 0, 3, 0, 0, 36.00%, 0, 0, 2, 324.71, 244214, 9
755, 123, 0, 3, 0, 0, 36.00%, 0, 0, 2, 319.55, 245863, 9
760, 124, 0, 3, 0, 0, 36.00%, 0, 0, 2, 321.69, 247536, 9
765, 125, 0, 3, 0, 0, 36.00%, 0, 0, 2, 324.36, 249200, 9
768, 125, 0, 3, 0, 0, 36.00%, 1, 0, 2, 0.00, 250094, 9
