# relative_time, cycles_done, cur_item, corpus_count, pending_total, pending_favs, map_size, saved_crashes, saved_hangs, max_depth, execs_per_sec, total_execs, edges_found
61, 9, 2, 3, 0, 0, 36.00%, 0, 0, 2, 322.52, 20142, 9
66, 9, 0, 3, 0, 0, 36.00%, 0, 0, 2, 324.81, 21834, 9
72, 10, 2, 3, 0, 0, 36.00%, 0, 0, 2, 321.78, 23488, 9
77, 10, 0, 3, 0, 0, 36.00%, 0, 0, 2, 322.29, 25117, 9
82, 12, 2, 3, 0, 0, 36.00%, 0, 0, 2, 327.33, 26811, 9
87, 13, 0, 3, 0, 0, 36.00%, 0, 0, 2, 325.94, 28512, 9
92, 14, 2, 3, 0, 0, 36.00%, 0, 0, 2, 324.25, 30173, 9
97, 14, 2, 3, 0, 0, 36.00%, 0, 0, 2, 324.41, 31837, 9
103, 15, 0, 3, 0, 0, 36.00%, 0, 0, 2, 324.21, 33532, 9
108, 16, 2, 3, 0, 0, 36.00%, 0, 0, 2, 327.13, 35241, 9
113, 17, 0, 3, 0, 0, 36.00%, 0, 0, 2, 324.58, 36930, 9
118, 18, 2, 3, 0, 0, 36.00%, 0, 0, 2, 324.00, 38590, 9
123, 18, 2, 3, 0, 0, 36.00%, 0, 0, 2, 325.13, 40257, 9
128, 19, 0, 3, 0, 0, 36.00%, 0, 0, 2, 325.63, 41955, 9
134, 19, 0, 3, 0, 0, 36.00%, 0, 0, 2, 318.99, 43607, 9
139, 20, 2, 3, 0, 0, 36.00%, 0, 0, 2, 321.89, 45261, 9
144, 21, 2, 3, 0, 0, 36.00%, 0, 0, 2, 327.74, 46965, 9
149, 22, 0, 3, 0, 0, 36.00%, 0, 0, 2, 321.66, 48633, 9
154, 22, 0, 3, 0, 0, 36.00%, 0, 0, 2, 322.63, 50300, 9
159, 23, 0, 3, 0, 0, 36.00%, 0, 0, 2, 323.41, 51973, 9
165, 23, 2, 3, 0, 0, 36.00%, 0, 0, 2, 321.94, 53627, 9
170, 25, 0, 3, 0, 0, 36.00%, 0, 0, 2, 327.07, 55328, 9
175, 25, 2, 3, 0, 0, 36.00%, 0, 0, 2, 327.13, 57001, 9
180, 26, 0, 3, 0, 0, 36.00%, 0, 0, 2, 324.44, 58690, 9
185, 26, 0, 3, 0, 0, 36.00%, 0, 0, 2, 321.72, 60338, 9
190, 27, 0, 3, 0, 0, 36.00%, 0, 0, 2, 324.70, 62023, 9
196, 28, 2, 3, 0, 0, 36.00%, 0, 0, 2, 323.37, 63681, 9
201, 29, 2, 3, 0, 0, 36.00%, 0, 0, 2, 329.76, 65349, 9
206, 30, 0, 3, 0, 0, 36.00%, 0, 0, 2, 330.86, 67071, 9
211, 30, 0, 3, 0, 0, 36.00%, 0, 0, 2, 321.98, 68720, 9
216, 31, 0, 3, 0, 0, 36.00%, 0, 0, 2, 323.71, 70390, 9
221, 32, 0, 3, 0, 0, 36.00%, 0, 0, 2, 328.58, 72051, 9
226, 32, 2, 3, 0, 0, 36.00%, 0, 0, 2, 324.30, 73709, 9
231, 34, 2, 3, 0, 0, 36.00%, 0, 0, 2, 329.49, 75365, 9
236, 35, 2, 3, 0, 0, 36.00%, 0, 0, 2, 329.68, 77018, 9
241, 35, 0, 3, 0, 0, 36.00%, 0, 0, 2, 326.42, 78653, 9
246, 36, 2, 3, 0, 0, 36.00%, 0, 0, 2, 327.06, 80344, 9
252, 37, 0, 3, 0, 0, 36.00%, 0, 0, 2, 322.45, 82017, 9
257, 38, 2, 3, 0, 0, 36.00%, 0, 0, 2, 325.92, 83696, 9
262, 38, 0, 3, 0, 0, 36.00%, 0, 0, 2, 322.96, 85370, 9
267, 39, 2, 3, 0, 0, 36.00%, 0, 0, 2, 326.71, 87010, 9
272, 40, 2, 3, 0, 0, 36.00%, 0, 0, 2, 324.15, 88680, 9
277, 40, 0, 3, 0, 0, 36.00%, 0, 0, 2, 323.21, 90351, 9
283, 41, 0, 3, 0, 0, 36.00%, 0, 0, 2, 325.83, 92054, 9
285, 41, 0, 3, 0, 0, 36.00%, 1, 0, 2, 28.99, 92718, 9
