# relative_time, cycles_done, cur_item, corpus_count, pending_total, pending_favs, map_size, saved_crashes, saved_hangs, max_depth, execs_per_sec, total_execs, edges_found
61, 8, 2, 3, 0, 0, 30.43%, 0, 0, 2, 326.47, 20068, 7
66, 9, 2, 3, 0, 0, 30.43%, 0, 0, 2, 326.00, 21756, 7
71, 10, 2, 3, 0, 0, 30.43%, 0, 0, 2, 325.33, 23414, 7
77, 10, 2, 3, 0, 0, 30.43%, 0, 0, 2, 325.25, 25076, 7
82, 11, 2, 3, 0, 0, 30.43%, 0, 0, 2, 324.24, 26740, 7
87, 12, 0, 3, 0, 0, 30.43%, 0, 0, 2, 324.47, 28404, 7
92, 12, 0, 3, 0, 0, 30.43%, 0, 0, 2, 324.23, 30055, 7
97, 13, 2, 3, 0, 0, 30.43%, 0, 0, 2, 325.03, 31718, 7
102, 14, 2, 3, 0, 0, 30.43%, 0, 0, 2, 325.27, 33370, 7
107, 14, 2, 3, 0, 0, 30.43%, 0, 0, 2, 325.71, 35040, 7
112, 15, 2, 3, 0, 0, 30.43%, 0, 0, 2, 325.79, 36703, 7
114, 15, 2, 3, 0, 0, 30.43%, 1, 0, 2, 315.25, 37202, 7
