# relative_time, cycles_done, cur_item, corpus_count, pending_total, pending_favs, map_size, saved_crashes, saved_hangs, max_depth, execs_per_sec, total_execs, edges_found
61, 8, 0, 3, 0, 0, 30.43%, 0, 0, 2, 324.87, 20178, 7
66, 8, 0, 3, 0, 0, 30.43%, 0, 0, 2, 323.95, 21833, 7
71, 8, 2, 3, 0, 0, 30.43%, 0, 0, 2, 324.61, 23493, 7
76, 9, 2, 3, 0, 0, 30.43%, 0, 0, 2, 330.53, 25163, 7
81, 10, 2, 3, 0, 0, 30.43%, 0, 0, 2, 327.96, 26844, 7
86, 10, 2, 3, 0, 0, 30.43%, 0, 0, 2, 331.01, 28520, 7
91, 11, 1, 3, 0, 0, 30.43%, 0, 0, 2, 332.21, 30190, 7
96, 12, 2, 3, 0, 0, 30.43%, 0, 0, 2, 332.10, 31858, 7
101, 13, 2, 3, 0, 0, 30.43%, 0, 0, 2, 331.49, 33540, 7
106, 14, 2, 3, 0, 0, 30.43%, 0, 0, 2, 332.76, 35270, 7
112, 14, 0, 3, 0, 0, 30.43%, 0, 0, 2, 325.60, 36942, 7
117, 15, 0, 3, 0, 0, 30.43%, 0, 0, 2, 324.54, 38623, 7
122, 15, 2, 3, 0, 0, 30.43%, 0, 0, 2, 329.26, 40272, 7
127, 16, 1, 3, 0, 0, 30.43%, 0, 0, 2, 330.86, 41942, 7
132, 17, 2, 3, 0, 0, 30.43%, 0, 0, 2, 331.26, 43610, 7
137, 18, 2, 3, 0, 0, 30.43%, 0, 0, 2, 325.62, 45285, 7
142, 18, 2, 3, 0, 0, 30.43%, 0, 0, 2, 325.95, 46972, 7
147, 19, 2, 3, 0, 0, 30.43%, 0, 0, 2, 329.67, 48647, 7
152, 20, 2, 3, 0, 0, 30.43%, 0, 0, 2, 331.58, 50328, 7
157, 21, 2, 3, 0, 0, 30.43%, 0, 0, 2, 332.04, 51998, 7
162, 22, 2, 3, 0, 0, 30.43%, 0, 0, 2, 330.78, 53656, 7
167, 22, 2, 3, 0, 0, 30.43%, 0, 0, 2, 331.72, 55318, 7
172, 23, 2, 3, 0, 0, 30.43%, 0, 0, 2, 326.06, 56995, 7
177, 23, 2, 3, 0, 0, 30.43%, 1, 0, 2, 47.30, 58478, 7
