# relative_time, cycles_done, cur_item, corpus_count, pending_total, pending_favs, map_size, saved_crashes, saved_hangs, max_depth, execs_per_sec, total_execs, edges_found
62, 8, 0, 3, 0, 0, 30.43%, 0, 0, 2, 326.37, 20354, 7
67, 9, 2, 3, 0, 0, 30.43%, 0, 0, 2, 326.78, 22045, 7
72, 9, 2, 3, 0, 0, 30.43%, 0, 0, 2, 327.63, 23719, 7
77, 10, 2, 3, 0, 0, 30.43%, 0, 0, 2, 325.40, 25404, 7
82, 11, 1, 3, 0, 0, 30.43%, 0, 0, 2, 327.48, 27086, 7
87, 12, 2, 3, 0, 0, 30.43%, 0, 0, 2, 329.95, 28742, 7
92, 13, 2, 3, 0, 0, 30.43%, 0, 0, 2, 325.07, 30410, 7
97, 14, 2, 3, 0, 0, 30.43%, 0, 0, 2, 328.13, 32098, 7
103, 15, 2, 3, 0, 0, 30.43%, 0, 0, 2, 328.26, 33796, 7
108, 16, 2, 3, 0, 0, 30.43%, 0, 0, 2, 327.91, 35472, 7
113, 17, 0, 3, 0, 0, 30.43%, 0, 0, 2, 327.70, 37164, 7
118, 17, 2, 3, 0, 0, 30.43%, 0, 0, 2, 326.60, 38834, 7
123, 18, 2, 3, 0, 0, 30.43%, 0, 0, 2, 328.06, 40534, 7
128, 19, 2, 3, 0, 0, 30.43%, 0, 0, 2, 328.53, 42210, 7
133, 19, 2, 3, 0, 0, 30.43%, 0, 0, 2, 327.71, 43886, 7
139, 20, 0, 3, 0, 0, 30.43%, 0, 0, 2, 326.92, 45566, 7
144, 21, 1, 3, 0, 0, 30.43%, 0, 0, 2, 328.10, 47259, 7
149, 22, 2, 3, 0, 0, 30.43%, 0, 0, 2, 325.92, 48933, 7
154, 23, 2, 3, 0, 0, 30.43%, 0, 0, 2, 328.00, 50615, 7
159, 23, 2, 3, 0, 0, 30.43%, 0, 0, 2, 328.21, 52309, 7
164, 24, 2, 3, 0, 0, 30.43%, 0, 0, 2, 325.73, 53980, 7
169, 25, 2, 3, 0, 0, 30.43%, 0, 0, 2, 327.79, 55662, 7
175, 25, 2, 3, 0, 0, 30.43%, 0, 0, 2, 327.04, 57353, 7
180, 26, 2, 3, 0, 0, 30.43%, 0, 0, 2, 328.20, 59059, 7
185, 27, 2, 3, 0, 0, 30.43%, 0, 0, 2, 328.15, 60745, 7
190, 28, 2, 3, 0, 0, 30.43%, 0, 0, 2, 328.14, 62439, 7
195, 29, 2, 3, 0, 0, 30.43%, 0, 0, 2, 329.56, 64143, 7
200, 30, 2, 3, 0, 0, 30.43%, 0, 0, 2, 326.89, 65804, 7
205, 30, 0, 3, 0, 0, 30.43%, 0, 0, 2, 325.91, 67478, 7
211, 31, 2, 3, 0, 0, 30.43%, 0, 0, 2, 327.78, 69169, 7
216, 32, 2, 3, 0, 0, 30.43%, 0, 0, 2, 329.07, 70869, 7
221, 33, 2, 3, 0, 0, 30.43%, 0, 0, 2, 327.10, 72536, 7
226, 34, 2, 3, 0, 0, 30.43%, 0, 0, 2, 329.16, 74240, 7
231, 35, 2, 3, 0, 0, 30.43%, 0, 0, 2, 328.39, 75932, 7
236, 36, 0, 3, 0, 0, 30.43%, 0, 0, 2, 327.00, 77620, 7
242, 36, 2, 3, 0, 0, 30.43%, 0, 0, 2, 326.32, 79311, 7
247, 37, 2, 3, 0, 0, 30.43%, 0, 0, 2, 328.53, 80963, 7
252, 38, 2, 3, 0, 0, 30.43%, 0, 0, 2, 328.34, 82643, 7
257, 39, 2, 3, 0, 0, 30.43%, 0, 0, 2, 328.82, 84331, 7
262, 40, 2, 3, 0, 0, 30.43%, 0, 0, 2, 329.21, 86037, 7
267, 40, 2, 3, 0, 0, 30.43%, 0, 0, 2, 327.77, 87705, 7
272, 42, 2, 3, 0, 0, 30.43%, 0, 0, 2, 329.54, 89417, 7
277, 42, 1, 3, 0, 0, 30.43%, 0, 0, 2, 326.98, 91108, 7
283, 43, 2, 3, 0, 0, 30.43%, 0, 0, 2, 328.94, 92800, 7
288, 44, 2, 3, 0, 0, 30.43%, 0, 0, 2, 329.05, 94506, 7
293, 46, 2, 3, 0, 0, 30.43%, 0, 0, 2, 329.80, 96210, 7
298, 46, 2, 3, 0, 0, 30.43%, 0, 0, 2, 329.72, 97866, 7
303, 47, 2, 3, 0, 0, 30.43%, 0, 0, 2, 328.25, 99560, 7
308, 48, 2, 3, 0, 0, 30.43%, 0, 0, 2, 328.53, 101254, 7
313, 49, 2, 3, 0, 0, 30.43%, 0, 0, 2, 328.00, 102886, 7
318, 50, 2, 3, 0, 0, 30.43%, 0, 0, 2, 328.03, 104574, 7
324, 51, 2, 3, 0, 0, 30.43%, 0, 0, 2, 329.31, 106266, 7
329, 52, 2, 3, 0, 0, 30.43%, 0, 0, 2, 328.73, 107960, 7
334, 53, 2, 3, 0, 0, 30.43%, 0, 0, 2, 328.32, 109658, 7
339, 54, 2, 3, 0, 0, 30.43%, 0, 0, 2, 329.63, 111376, 7
344, 55, 2, 3, 0, 0, 30.43%, 0, 0, 2, 326.87, 113046, 7
349, 56, 2, 3, 0, 0, 30.43%, 0, 0, 2, 328.66, 114738, 7
355, 57, 2, 3, 0, 0, 30.43%, 0, 0, 2, 329.93, 116438, 7
360, 58, 2, 3, 0, 0, 30.43%, 0, 0, 2, 329.08, 118112, 7
365, 58, 2, 3, 0, 0, 30.43%, 0, 0, 2, 329.57, 119782, 7
370, 59, 2, 3, 0, 0, 30.43%, 0, 0, 2, 329.85, 121488, 7
375, 60, 2, 3, 0, 0, 30.43%, 0, 0, 2, 327.98, 123176, 7
380, 61, 2, 3, 0, 0, 30.43%, 0, 0, 2, 329.17, 124858, 7
385, 61, 2, 3, 0, 0, 30.43%, 0, 0, 2, 328.78, 126562, 7
390, 62, 2, 3, 0, 0, 30.43%, 0, 0, 2, 327.82, 128256, 7
396, 63, 2, 3, 0, 0, 30.43%, 0, 0, 2, 327.97, 129938, 7
401, 64, 2, 3, 0, 0, 30.43%, 0, 0, 2, 326.39, 131605, 7
406, 65, 2, 3, 0, 0, 30.43%, 0, 0, 2, 327.55, 133291, 7
411, 66, 2, 3, 0, 0, 30.43%, 0, 0, 2, 328.85, 134991, 7
416, 67, 2, 3, 0, 0, 30.43%, 0, 0, 2, 328.47, 136677, 7
421, 68, 2, 3, 0, 0, 30.43%, 0, 0, 2, 328.11, 138377, 7
427, 68, 2, 3, 0, 0, 30.43%, 0, 0, 2, 327.82, 140077, 7
432, 69, 1, 3, 0, 0, 30.43%, 0, 0, 2, 327.87, 141759, 7
437, 70, 0, 3, 0, 0, 30.43%, 0, 0, 2, 327.22, 143457, 7
442, 71, 2, 3, 0, 0, 30.43%, 0, 0, 2, 327.63, 145130, 7
447, 71, 2, 3, 0, 0, 30.43%, 0, 0, 2, 328.00, 146830, 7
452, 72, 2, 3, 0, 0, 30.43%, 0, 0, 2, 322.94, 148452, 7
457, 73, 2, 3, 0, 0, 30.43%, 0, 0, 2, 326.12, 150129, 7
463, 74, 2, 3, 0, 0, 30.43%, 0, 0, 2, 327.46, 151835, 7
468, 75, 2, 3, 0, 0, 30.43%, 0, 0, 2, 328.23, 153523, 7
473, 75, 0, 3, 0, 0, 30.43%, 0, 0, 2, 326.97, 155183, 7
478, 76, 2, 3, 0, 0, 30.43%, 0, 0, 2, 327.41, 156882, 7
483, 77, 2, 3, 0, 0, 30.43%, 0, 0, 2, 329.41, 158582, 7
488, 78, 2, 3, 0, 0, 30.43%, 0, 0, 2, 328.66, 160280, 7
493, 79, 2, 3, 0, 0, 30.43%, 0, 0, 2, 327.08, 161926, 7
498, 79, 0, 3, 0, 0, 30.43%, 0, 0, 2, 325.63, 163600, 7
504, 80, 2, 3, 0, 0, 30.43%, 0, 0, 2, 327.08, 165275, 7
509, 81, 2, 3, 0, 0, 30.43%, 0, 0, 2, 329.01, 166949, 7
514, 82, 2, 3, 0, 0, 30.43%, 0, 0, 2, 327.60, 168640, 7
519, 82, 2, 3, 0, 0, 30.43%, 0, 0, 2, 328.19, 170346, 7
524, 83, 2, 3, 0, 0, 30.43%, 0, 0, 2, 325.71, 172008, 7
529, 84, 0, 3, 0, 0, 30.43%, 0, 0, 2, 326.37, 173688, 7
534, 85, 2, 3, 0, 0, 30.43%, 0, 0, 2, 327.62, 175369, 7
540, 85, 2, 3, 0, 0, 30.43%, 0, 0, 2, 328.97, 177057, 7
545, 86, 2, 3, 0, 0, 30.43%, 0, 0, 2, 328.41, 178737, 7
550, 87, 2, 3, 0, 0, 30.43%, 0, 0, 2, 327.92, 180437, 7
555, 87, 2, 3, 0, 0, 30.43%, 0, 0, 2, 327.15, 182116, 7
560, 88, 2, 3, 0, 0, 30.43%, 0, 0, 2, 328.56, 183798, 7
565, 89, 0, 3, 0, 0, 30.43%, 0, 0, 2, 326.66, 185466, 7
570, 90, 2, 3, 0, 0, 30.43%, 0, 0, 2, 327.40, 187157, 7
576, 91, 2, 3, 0, 0, 30.43%, 0, 0, 2, 328.48, 188851, 7
581, 92, 2, 3, 0, 0, 30.43%, 0, 0, 2, 328.02, 190531, 7
586, 93, 2, 3, 0, 0, 30.43%, 0, 0, 2, 325.45, 192153, 7
591, 93, 2, 3, 0, 0, 30.43%, 0, 0, 2, 327.77, 193857, 7
596, 94, 2, 3, 0, 0, 30.43%, 0, 0, 2, 328.57, 195533, 7
601, 95, 2, 3, 0, 0, 30.43%, 0, 0, 2, 327.15, 197221, 7
606, 96, 2, 3, 0, 0, 30.43%, 0, 0, 2, 326.85, 198889, 7
611, 97, 2, 3, 0, 0, 30.43%, 0, 0, 2, 327.62, 200571, 7
617, 98, 1, 3, 0, 0, 30.43%, 0, 0, 2, 326.01, 202244, 7
622, 98, 2, 3, 0, 0, 30.43%, 0, 0, 2, 324.55, 203897, 7
627, 99, 0, 3, 0, 0, 30.43%, 0, 0, 2, 325.55, 205577, 7
632, 100, 2, 3, 0, 0, 30.43%, 0, 0, 2, 325.77, 207240, 7
637, 101, 2, 3, 0, 0, 30.43%, 0, 0, 2, 326.65, 208928, 7
642, 101, 2, 3, 0, 0, 30.43%, 0, 0, 2, 327.39, 210614, 7
647, 102, 2, 3, 0, 0, 30.43%, 0, 0, 2, 324.42, 212269, 7
652, 102, 2, 3, 0, 0, 30.43%, 0, 0, 2, 325.86, 213936, 7
658, 103, 2, 3, 0, 0, 30.43%, 0, 0, 2, 326.47, 215610, 7
663, 104, 2, 3, 0, 0, 30.43%, 0, 0, 2, 325.83, 217274, 7
668, 105, 0, 3, 0, 0, 30.43%, 0, 0, 2, 325.19, 218948, 7
673, 106, 2, 3, 0, 0, 30.43%, 0, 0, 2, 327.90, 220639, 7
678, 107, 2, 3, 0, 0, 30.43%, 0, 0, 2, 326.96, 222321, 7
683, 107, 2, 3, 0, 0, 30.43%, 0, 0, 2, 327.00, 223997, 7
688, 108, 2, 3, 0, 0, 30.43%, 0, 0, 2, 325.25, 225667, 7
694, 109, 2, 3, 0, 0, 30.43%, 0, 0, 2, 326.97, 227359, 7
699, 110, 2, 3, 0, 0, 30.43%, 0, 0, 2, 326.99, 229035, 7
704, 110, 0, 3, 0, 0, 30.43%, 0, 0, 2, 317.26, 230691, 7
709, 111, 2, 3, 0, 0, 30.43%, 0, 0, 2, 324.74, 232364, 7
714, 112, 2, 3, 0, 0, 30.43%, 0, 0, 2, 326.41, 234040, 7
719, 113, 2, 3, 0, 0, 30.43%, 0, 0, 2, 326.91, 235704, 7
724, 114, 2, 3, 0, 0, 30.43%, 0, 0, 2, 326.82, 237378, 7
729, 114, 2, 3, 0, 0, 30.43%, 0, 0, 2, 326.22, 239057, 7
735, 115, 2, 3, 0, 0, 30.43%, 0, 0, 2, 326.87, 240721, 7
740, 116, 2, 3, 0, 0, 30.43%, 0, 0, 2, 326.75, 242394, 7
745, 116, 2, 3, 0, 0, 30.43%, 0, 0, 2, 326.69, 244062, 7
750, 117, 2, 3, 0, 0, 30.43%, 0, 0, 2, 327.04, 245750, 7
755, 118, 0, 3, 0, 0, 30.43%, 0, 0, 2, 325.52, 247417, 7
760, 119, 2, 3, 0, 0, 30.43%, 0, 0, 2, 327.45, 249090, 7
765, 119, 2, 3, 0, 0, 30.43%, 0, 0, 2, 325.81, 250770, 7
771, 120, 2, 3, 0, 0, 30.43%, 0, 0, 2, 326.85, 252464, 7
776, 121, 2, 3, 0, 0, 30.43%, 0, 0, 2, 325.61, 254123, 7
781, 122, 2, 3, 0, 0, 30.43%, 0, 0, 2, 326.23, 255817, 7
786, 123, 2, 3, 0, 0, 30.43%, 0, 0, 2, 327.21, 257511, 7
791, 124, 2, 3, 0, 0, 30.43%, 0, 0, 2, 328.99, 259215, 7
796, 125, 2, 3, 0, 0, 30.43%, 0, 0, 2, 328.19, 260909, 7
801, 126, 2, 3, 0, 0, 30.43%, 0, 0, 2, 327.95, 262589, 7
807, 126, 2, 3, 0, 0, 30.43%, 0, 0, 2, 326.98, 264271, 7
812, 127, 2, 3, 0, 0, 30.43%, 0, 0, 2, 326.34, 265947, 7
817, 128, 2, 3, 0, 0, 30.43%, 0, 0, 2, 327.23, 267645, 7
822, 129, 2, 3, 0, 0, 30.43%, 0, 0, 2, 329.19, 269351, 7
827, 130, 2, 3, 0, 0, 30.43%, 0, 0, 2, 325.94, 271018, 7
832, 131, 2, 3, 0, 0, 30.43%, 0, 0, 2, 328.04, 272718, 7
838, 131, 0, 3, 0, 0, 30.43%, 0, 0, 2, 327.86, 274410, 7
843, 132, 2, 3, 0, 0, 30.43%, 0, 0, 2, 327.73, 276101, 7
848, 133, 2, 3, 0, 0, 30.43%, 0, 0, 2, 327.08, 277771, 7
853, 134, 2, 3, 0, 0, 30.43%, 0, 0, 2, 326.96, 279459, 7
858, 134, 2, 3, 0, 0, 30.43%, 0, 0, 2, 327.18, 281139, 7
863, 135, 2, 3, 0, 0, 30.43%, 0, 0, 2, 328.52, 282827, 7
868, 136, 2, 3, 0, 0, 30.43%, 0, 0, 2, 327.48, 284503, 7
874, 137, 2, 3, 0, 0, 30.43%, 0, 0, 2, 326.83, 286183, 7
879, 138, 0, 3, 0, 0, 30.43%, 0, 0, 2, 325.50, 287844, 7
884, 138, 2, 3, 0, 0, 30.43%, 0, 0, 2, 324.90, 289511, 7
889, 139, 2, 3, 0, 0, 30.43%, 0, 0, 2, 326.96, 291193, 7
894, 140, 2, 3, 0, 0, 30.43%, 0, 0, 2, 327.25, 292875, 7
899, 140, 0, 3, 0, 0, 30.43%, 0, 0, 2, 327.51, 294543, 7
904, 141, 2, 3, 0, 0, 30.43%, 0, 0, 2, 326.63, 296216, 7
907, 141, 2, 3, 0, 0, 30.43%, 1, 0, 2, 35.21, 297089, 7
