# relative_time, cycles_done, cur_item, corpus_count, pending_total, pending_favs, map_size, saved_crashes, saved_hangs, max_depth, execs_per_sec, total_execs, edges_found
61, 8, 0, 3, 0, 0, 30.43%, 0, 0, 2, 331.57, 20302, 7
66, 9, 2, 3, 0, 0, 30.43%, 0, 0, 2, 330.48, 21995, 7
71, 10, 2, 3, 0, 0, 30.43%, 0, 0, 2, 331.67, 23665, 7
76, 10, 2, 3, 0, 0, 30.43%, 0, 0, 2, 332.68, 25351, 7
81, 11, 2, 3, 0, 0, 30.43%, 0, 0, 2, 334.17, 27045, 7
86, 12, 2, 3, 0, 0, 30.43%, 0, 0, 2, 333.83, 28745, 7
91, 12, 0, 3, 0, 0, 30.43%, 0, 0, 2, 326.83, 30420, 7
96, 13, 2, 3, 0, 0, 30.43%, 0, 0, 2, 329.30, 32113, 7
101, 14, 0, 3, 0, 0, 30.43%, 0, 0, 2, 331.82, 33801, 7
106, 14, 0, 3, 0, 0, 30.43%, 0, 0, 2, 326.45, 35482, 7
112, 15, 2, 3, 0, 0, 30.43%, 0, 0, 2, 328.44, 37181, 7
117, 15, 2, 3, 0, 0, 30.43%, 0, 0, 2, 333.28, 38869, 7
122, 16, 2, 3, 0, 0, 30.43%, 0, 0, 2, 334.43, 40563, 7
127, 17, 2, 3, 0, 0, 30.43%, 0, 0, 2, 335.19, 42269, 7
132, 18, 2, 3, 0, 0, 30.43%, 0, 0, 2, 324.91, 43919, 7
137, 19, 2, 3, 0, 0, 30.43%, 0, 0, 2, 330.81, 45589, 7
142, 20, 2, 3, 0, 0, 30.43%, 0, 0, 2, 332.79, 47265, 7
147, 20, 0, 3, 0, 0, 30.43%, 0, 0, 2, 327.20, 48967, 7
152, 21, 1, 3, 0, 0, 30.43%, 0, 0, 2, 331.64, 50628, 7
157, 21, 2, 3, 0, 0, 30.43%, 0, 0, 2, 328.17, 52296, 7
162, 22, 2, 3, 0, 0, 30.43%, 0, 0, 2, 333.80, 54001, 7
168, 23, 0, 3, 0, 0, 30.43%, 0, 0, 2, 330.95, 55719, 7
173, 23, 2, 3, 0, 0, 30.43%, 0, 0, 2, 327.74, 57412, 7
178, 24, 2, 3, 0, 0, 30.43%, 0, 0, 2, 333.41, 59100, 7
183, 25, 2, 3, 0, 0, 30.43%, 0, 0, 2, 333.35, 60776, 7
188, 25, 0, 3, 0, 0, 30.43%, 0, 0, 2, 328.57, 62466, 7
193, 26, 0, 3, 0, 0, 30.43%, 0, 0, 2, 325.76, 64141, 7
198, 26, 2, 3, 0, 0, 30.43%, 0, 0, 2, 332.03, 65826, 7
203, 27, 2, 3, 0, 0, 30.43%, 0, 0, 2, 335.02, 67526, 7
208, 28, 2, 3, 0, 0, 30.43%, 0, 0, 2, 333.31, 69220, 7
213, 28, 0, 3, 0, 0, 30.43%, 0, 0, 2, 328.08, 70922, 7
219, 29, 2, 3, 0, 0, 30.43%, 0, 0, 2, 331.35, 72589, 7
224, 30, 2, 3, 0, 0, 30.43%, 0, 0, 2, 331.86, 74259, 7
229, 31, 2, 3, 0, 0, 30.43%, 0, 0, 2, 333.44, 75959, 7
234, 31, 2, 3, 0, 0, 30.43%, 0, 0, 2, 332.83, 77633, 7
239, 32, 0, 3, 0, 0, 30.43%, 0, 0, 2, 326.19, 79296, 7
244, 32, 2, 3, 0, 0, 30.43%, 0, 0, 2, 329.46, 80943, 7
249, 33, 2, 3, 0, 0, 30.43%, 0, 0, 2, 333.13, 82635, 7
254, 34, 2, 3, 0, 0, 30.43%, 0, 0, 2, 332.65, 84317, 7
259, 35, 2, 3, 0, 0, 30.43%, 0, 0, 2, 332.36, 85987, 7
264, 35, 2, 3, 0, 0, 30.43%, 0, 0, 2, 333.89, 87687, 7
269, 36, 2, 3, 0, 0, 30.43%, 0, 0, 2, 331.65, 89351, 7
274, 37, 2, 3, 0, 0, 30.43%, 0, 0, 2, 334.50, 91051, 7
279, 38, 2, 3, 0, 0, 30.43%, 0, 0, 2, 334.23, 92749, 7
284, 39, 2, 3, 0, 0, 30.43%, 0, 0, 2, 333.14, 94431, 7
289, 40, 2, 3, 0, 0, 30.43%, 0, 0, 2, 333.37, 96107, 7
294, 40, 2, 3, 0, 0, 30.43%, 0, 0, 2, 333.04, 97805, 7
300, 41, 0, 3, 0, 0, 30.43%, 0, 0, 2, 329.10, 99515, 7
305, 41, 0, 3, 0, 0, 30.43%, 0, 0, 2, 328.59, 101162, 7
310, 42, 2, 3, 0, 0, 30.43%, 0, 0, 2, 331.47, 102881, 7
315, 43, 0, 3, 0, 0, 30.43%, 0, 0, 2, 328.02, 104577, 7
320, 43, 2, 3, 0, 0, 30.43%, 0, 0, 2, 331.70, 106297, 7
325, 44, 2, 3, 0, 0, 30.43%, 0, 0, 2, 331.91, 107960, 7
330, 45, 2, 3, 0, 0, 30.43%, 0, 0, 2, 329.95, 109612, 7
335, 46, 2, 3, 0, 0, 30.43%, 0, 0, 2, 333.76, 111306, 7
340, 46, 2, 3, 0, 0, 30.43%, 0, 0, 2, 305.95, 112854, 7
345, 47, 2, 3, 0, 0, 30.43%, 0, 0, 2, 326.50, 114530, 7
350, 48, 2, 3, 0, 0, 30.43%, 0, 0, 2, 333.15, 116230, 7
355, 49, 2, 3, 0, 0, 30.43%, 0, 0, 2, 333.81, 117918, 7
360, 49, 0, 3, 0, 0, 30.43%, 0, 0, 2, 326.70, 119609, 7
366, 50, 2, 3, 0, 0, 30.43%, 0, 0, 2, 331.14, 121282, 7
371, 51, 2, 3, 0, 0, 30.43%, 0, 0, 2, 333.14, 122968, 7
376, 51, 2, 3, 0, 0, 30.43%, 0, 0, 2, 327.69, 124645, 7
381, 52, 2, 3, 0, 0, 30.43%, 0, 0, 2, 333.23, 126331, 7
386, 53, 2, 3, 0, 0, 30.43%, 0, 0, 2, 334.34, 128031, 7
391, 54, 2, 3, 0, 0, 30.43%, 0, 0, 2, 332.93, 129725, 7
396, 54, 0, 3, 0, 0, 30.43%, 0, 0, 2, 329.11, 131427, 7
401, 55, 2, 3, 0, 0, 30.43%, 0, 0, 2, 332.07, 133094, 7
406, 56, 2, 3, 0, 0, 30.43%, 0, 0, 2, 331.97, 134764, 7
411, 56, 2, 3, 0, 0, 30.43%, 0, 0, 2, 333.77, 136456, 7
416, 57, 2, 3, 0, 0, 30.43%, 0, 0, 2, 327.96, 138078, 7
421, 58, 2, 3, 0, 0, 30.43%, 0, 0, 2, 331.50, 139748, 7
426, 59, 2, 3, 0, 0, 30.43%, 0, 0, 2, 333.68, 141436, 7
431, 59, 2, 3, 0, 0, 30.43%, 0, 0, 2, 331.32, 143104, 7
436, 60, 2, 3, 0, 0, 30.43%, 0, 0, 2, 333.05, 144792, 7
442, 61, 2, 3, 0, 0, 30.43%, 0, 0, 2, 332.35, 146486, 7
447, 62, 2, 3, 0, 0, 30.43%, 0, 0, 2, 331.40, 148180, 7
452, 63, 2, 3, 0, 0, 30.43%, 0, 0, 2, 332.25, 149908, 7
457, 64, 0, 3, 0, 0, 30.43%, 0, 0, 2, 331.72, 151584, 7
462, 64, 0, 3, 0, 0, 30.43%, 0, 0, 2, 326.90, 153245, 7
467, 65, 2, 3, 0, 0, 30.43%, 0, 0, 2, 330.99, 154958, 7
472, 65, 2, 3, 0, 0, 30.43%, 0, 0, 2, 334.70, 156640, 7
477, 66, 2, 3, 0, 0, 30.43%, 0, 0, 2, 333.94, 158328, 7
482, 67, 2, 3, 0, 0, 30.43%, 0, 0, 2, 331.40, 159992, 7
487, 68, 2, 3, 0, 0, 30.43%, 0, 0, 2, 332.50, 161672, 7
492, 69, 2, 3, 0, 0, 30.43%, 0, 0, 2, 333.86, 163354, 7
497, 69, 2, 3, 0, 0, 30.43%, 0, 0, 2, 333.65, 165036, 7
503, 70, 0, 3, 0, 0, 30.43%, 0, 0, 2, 327.44, 166711, 7
508, 70, 0, 3, 0, 0, 30.43%, 0, 0, 2, 327.16, 168398, 7
513, 71, 0, 3, 0, 0, 30.43%, 0, 0, 2, 325.54, 170059, 7
518, 71, 2, 3, 0, 0, 30.43%, 0, 0, 2, 330.66, 171718, 7
523, 72, 2, 3, 0, 0, 30.43%, 0, 0, 2, 325.92, 173393, 7
525, 72, 2, 3, 0, 0, 30.43%, 1, 0, 2, 0.00, 174159, 7
