# relative_time, cycles_done, cur_item, corpus_count, pending_total, pending_favs, map_size, saved_crashes, saved_hangs, max_depth, execs_per_sec, total_execs, edges_found
62, 8, 2, 3, 0, 0, 32.26%, 0, 0, 2, 329.17, 20200, 10
67, 10, 2, 3, 0, 0, 32.26%, 0, 0, 2, 328.76, 21910, 10
72, 10, 0, 3, 0, 0, 32.26%, 0, 0, 2, 323.65, 23572, 10
77, 11, 0, 3, 0, 0, 32.26%, 0, 0, 2, 318.53, 25206, 10
82, 12, 2, 3, 0, 0, 32.26%, 0, 0, 2, 325.53, 26903, 10
87, 12, 2, 3, 0, 0, 32.26%, 0, 0, 2, 324.49, 28569, 10
93, 13, 0, 3, 0, 0, 32.26%, 0, 0, 2, 322.83, 30238, 10
98, 14, 2, 3, 0, 0, 32.26%, 0, 0, 2, 327.93, 31944, 10
103, 15, 0, 3, 0, 0, 32.26%, 0, 0, 2, 325.41, 33636, 10
108, 15, 0, 3, 0, 0, 32.26%, 0, 0, 2, 321.59, 35285, 10
113, 16, 2, 3, 0, 0, 32.26%, 0, 0, 2, 329.37, 36955, 10
118, 17, 2, 3, 0, 0, 32.26%, 0, 0, 2, 325.47, 38628, 10
123, 18, 2, 3, 0, 0, 32.26%, 0, 0, 2, 322.96, 40280, 10
128, 18, 0, 3, 0, 0, 32.26%, 0, 0, 2, 322.76, 41903, 10
134, 19, 0, 3, 0, 0, 32.26%, 0, 0, 2, 321.00, 43579, 10
139, 20, 2, 3, 0, 0, 32.26%, 0, 0, 2, 326.91, 45279, 10
144, 21, 0, 3, 0, 0, 32.26%, 0, 0, 2, 328.29, 46923, 10
149, 22, 2, 3, 0, 0, 32.26%, 0, 0, 2, 324.67, 48602, 10
154, 23, 0, 3, 0, 0, 32.26%, 1, 0, 2, 316.77, 50281, 10
