# relative_time, cycles_done, cur_item, corpus_count, pending_total, pending_favs, map_size, saved_crashes, saved_hangs, max_depth, execs_per_sec, total_execs, edges_found
61, 5, 0, 1, 0, 0, 25.00%, 0, 0, 1, 323.08, 19971, 2
66, 6, 0, 1, 0, 0, 25.00%, 0, 0, 1, 324.48, 21631, 2
71, 6, 0, 1, 0, 0, 25.00%, 0, 0, 1, 323.90, 23286, 2
76, 7, 0, 1, 0, 0, 25.00%, 0, 0, 1, 324.09, 24946, 2
81, 7, 0, 1, 0, 0, 25.00%, 0, 0, 1, 324.42, 26601, 2
87, 8, 0, 1, 0, 0, 25.00%, 0, 0, 1, 325.60, 28280, 2
92, 8, 0, 1, 0, 0, 25.00%, 0, 0, 1, 325.06, 29928, 2
97, 9, 0, 1, 0, 0, 25.00%, 0, 0, 1, 323.13, 31583, 2
102, 9, 0, 1, 0, 0, 25.00%, 0, 0, 1, 323.93, 33243, 2
107, 10, 0, 1, 0, 0, 25.00%, 1, 0, 1, 314.71, 34805, 2
