# relative_time, cycles_done, cur_item, corpus_count, pending_total, pending_favs, map_size, saved_crashes, saved_hangs, max_depth, execs_per_sec, total_execs, edges_found
61, 12, 1, 2, 0, 0, 30.43%, 0, 0, 2, 333.89, 20376, 7
66, 13, 1, 2, 0, 0, 30.43%, 0, 0, 2, 334.90, 22083, 7
71, 14, 0, 2, 0, 0, 30.43%, 0, 0, 2, 326.51, 23766, 7
76, 15, 1, 2, 0, 0, 30.43%, 0, 0, 2, 333.32, 25466, 7
81, 17, 0, 2, 0, 0, 30.43%, 0, 0, 2, 333.27, 27152, 7
87, 17, 0, 2, 0, 0, 30.43%, 0, 0, 2, 330.16, 28855, 7
92, 18, 0, 2, 0, 0, 30.43%, 0, 0, 2, 329.12, 30549, 7
97, 18, 0, 2, 0, 0, 30.43%, 0, 0, 2, 327.46, 32231, 7
102, 19, 1, 2, 0, 0, 30.43%, 0, 0, 2, 330.58, 33889, 7
107, 21, 1, 2, 0, 0, 30.43%, 0, 0, 2, 333.37, 35563, 7
112, 21, 0, 2, 0, 0, 30.43%, 0, 0, 2, 329.03, 37261, 7
117, 23, 0, 2, 0, 0, 30.43%, 0, 0, 2, 332.91, 38961, 7
122, 24, 1, 2, 0, 0, 30.43%, 0, 0, 2, 331.65, 40670, 7
127, 25, 0, 2, 0, 0, 30.43%, 0, 0, 2, 332.42, 42350, 7
133, 26, 1, 2, 0, 0, 30.43%, 0, 0, 2, 330.31, 44053, 7
138, 27, 1, 2, 0, 0, 30.43%, 0, 0, 2, 333.79, 45748, 7
143, 29, 1, 2, 0, 0, 30.43%, 0, 0, 2, 336.57, 47440, 7
148, 29, 1, 2, 0, 0, 30.43%, 0, 0, 2, 331.32, 49137, 7
153, 31, 1, 2, 0, 0, 30.43%, 0, 0, 2, 335.16, 50835, 7
158, 32, 1, 2, 0, 0, 30.43%, 0, 0, 2, 335.62, 52515, 7
163, 33, 0, 2, 0, 0, 30.43%, 0, 0, 2, 327.90, 54201, 7
168, 34, 1, 2, 0, 0, 30.43%, 0, 0, 2, 334.51, 55907, 7
173, 35, 1, 2, 0, 0, 30.43%, 0, 0, 2, 331.53, 57598, 7
178, 37, 1, 2, 0, 0, 30.43%, 0, 0, 2, 333.21, 59284, 7
183, 38, 1, 2, 0, 0, 30.43%, 0, 0, 2, 336.11, 60976, 7
189, 39, 1, 2, 0, 0, 30.43%, 0, 0, 2, 330.09, 62664, 7
194, 39, 1, 2, 0, 0, 30.43%, 0, 0, 2, 328.55, 64355, 7
199, 40, 1, 2, 0, 0, 30.43%, 0, 0, 2, 328.31, 66052, 7
204, 42, 0, 2, 0, 0, 30.43%, 0, 0, 2, 333.64, 67756, 7
209, 42, 1, 2, 0, 0, 30.43%, 0, 0, 2, 332.42, 69459, 7
214, 44, 1, 2, 0, 0, 30.43%, 0, 0, 2, 335.29, 71154, 7
219, 45, 1, 2, 0, 0, 30.43%, 0, 0, 2, 334.52, 72858, 7
224, 46, 1, 2, 0, 0, 30.43%, 0, 0, 2, 332.02, 74561, 7
229, 47, 0, 2, 0, 0, 30.43%, 0, 0, 2, 332.28, 76235, 7
235, 48, 1, 2, 0, 0, 30.43%, 0, 0, 2, 331.68, 77938, 7
240, 50, 1, 2, 0, 0, 30.43%, 0, 0, 2, 333.78, 79624, 7
245, 51, 0, 2, 0, 0, 30.43%, 0, 0, 2, 332.01, 81307, 7
250, 51, 0, 2, 0, 0, 30.43%, 0, 0, 2, 319.14, 82944, 7
255, 52, 1, 2, 0, 0, 30.43%, 0, 0, 2, 328.62, 84605, 7
260, 53, 0, 2, 0, 0, 30.43%, 0, 0, 2, 328.26, 86267, 7
265, 54, 1, 2, 0, 0, 30.43%, 0, 0, 2, 331.07, 87985, 7
270, 55, 1, 2, 0, 0, 30.43%, 0, 0, 2, 330.13, 89682, 7
275, 56, 0, 2, 0, 0, 30.43%, 0, 0, 2, 326.12, 91358, 7
281, 56, 0, 2, 0, 0, 30.43%, 0, 0, 2, 325.95, 93028, 7
286, 57, 1, 2, 0, 0, 30.43%, 0, 0, 2, 330.64, 94734, 7
291, 59, 1, 2, 0, 0, 30.43%, 0, 0, 2, 333.04, 96420, 7
296, 59, 1, 2, 0, 0, 30.43%, 0, 0, 2, 328.55, 98123, 7
301, 61, 1, 2, 0, 0, 30.43%, 0, 0, 2, 332.16, 99803, 7
306, 62, 1, 2, 0, 0, 30.43%, 0, 0, 2, 335.33, 101504, 7
311, 64, 1, 2, 0, 0, 30.43%, 0, 0, 2, 333.82, 103190, 7
316, 65, 1, 2, 0, 0, 30.43%, 0, 0, 2, 334.48, 104888, 7
321, 67, 1, 2, 0, 0, 30.43%, 0, 0, 2, 334.86, 106574, 7
326, 67, 1, 2, 0, 0, 30.43%, 0, 0, 2, 328.82, 108271, 7
332, 68, 0, 2, 0, 0, 30.43%, 0, 0, 2, 326.80, 109959, 7
337, 69, 0, 2, 0, 0, 30.43%, 0, 0, 2, 328.79, 111650, 7
342, 69, 1, 2, 0, 0, 30.43%, 0, 0, 2, 329.07, 113341, 7
347, 71, 1, 2, 0, 0, 30.43%, 0, 0, 2, 331.76, 115027, 7
352, 71, 0, 2, 0, 0, 30.43%, 0, 0, 2, 323.61, 116701, 7
357, 72, 0, 2, 0, 0, 30.43%, 0, 0, 2, 323.92, 118389, 7
362, 73, 0, 2, 0, 0, 30.43%, 0, 0, 2, 322.80, 119981, 7
367, 74, 1, 2, 0, 0, 30.43%, 0, 0, 2, 327.14, 121678, 7
373, 75, 0, 2, 0, 0, 30.43%, 0, 0, 2, 326.02, 123367, 7
378, 76, 1, 2, 0, 0, 30.43%, 0, 0, 2, 328.70, 125067, 7
383, 78, 1, 2, 0, 0, 30.43%, 0, 0, 2, 330.31, 126789, 7
388, 79, 0, 2, 0, 0, 30.43%, 0, 0, 2, 327.71, 128493, 7
393, 79, 0, 2, 0, 0, 30.43%, 0, 0, 2, 324.06, 130151, 7
398, 81, 1, 2, 0, 0, 30.43%, 0, 0, 2, 329.54, 131812, 7
404, 81, 0, 2, 0, 0, 30.43%, 0, 0, 2, 325.15, 133477, 7
409, 83, 1, 2, 0, 0, 30.43%, 0, 0, 2, 328.56, 135129, 7
414, 83, 1, 2, 0, 0, 30.43%, 0, 0, 2, 311.18, 136655, 7
419, 85, 1, 2, 0, 0, 30.43%, 0, 0, 2, 313.52, 138248, 7
424, 86, 0, 2, 0, 0, 30.43%, 0, 0, 2, 312.95, 139808, 7
429, 86, 0, 2, 0, 0, 30.43%, 0, 0, 2, 320.56, 141457, 7
434, 87, 1, 2, 0, 0, 30.43%, 0, 0, 2, 327.65, 143163, 7
439, 89, 1, 2, 0, 0, 30.43%, 0, 0, 2, 327.11, 144861, 7
444, 90, 0, 2, 0, 0, 30.43%, 0, 0, 2, 323.63, 146528, 7
449, 90, 1, 2, 0, 0, 30.43%, 0, 0, 2, 324.66, 148192, 7
455, 91, 1, 2, 0, 0, 30.43%, 0, 0, 2, 324.19, 149865, 7
460, 92, 1, 2, 0, 0, 30.43%, 0, 0, 2, 328.31, 151575, 7
465, 93, 1, 2, 0, 0, 30.43%, 0, 0, 2, 326.64, 153260, 7
470, 94, 0, 2, 0, 0, 30.43%, 0, 0, 2, 325.31, 154928, 7
475, 95, 1, 2, 0, 0, 30.43%, 0, 0, 2, 331.03, 156610, 7
480, 96, 1, 2, 0, 0, 30.43%, 0, 0, 2, 326.34, 158289, 7
485, 97, 0, 2, 0, 0, 30.43%, 0, 0, 2, 325.73, 159996, 7
491, 97, 1, 2, 0, 0, 30.43%, 0, 0, 2, 323.08, 161650, 7
496, 99, 1, 2, 0, 0, 30.43%, 0, 0, 2, 329.32, 163360, 7
501, 99, 0, 2, 0, 0, 30.43%, 0, 0, 2, 326.16, 165033, 7
506, 100, 1, 2, 0, 0, 30.43%, 0, 0, 2, 326.86, 166718, 7
511, 101, 1, 2, 0, 0, 30.43%, 0, 0, 2, 330.22, 168377, 7
516, 103, 1, 2, 0, 0, 30.43%, 0, 0, 2, 328.64, 170081, 7
521, 104, 0, 2, 0, 0, 30.43%, 0, 0, 2, 326.55, 171779, 7
527, 105, 0, 2, 0, 0, 30.43%, 0, 0, 2, 325.17, 173455, 7
532, 106, 1, 2, 0, 0, 30.43%, 0, 0, 2, 317.62, 175086, 7
537, 107, 0, 2, 0, 0, 30.43%, 0, 0, 2, 326.26, 176736, 7
542, 108, 1, 2, 0, 0, 30.43%, 0, 0, 2, 325.42, 178397, 7
547, 109, 0, 2, 0, 0, 30.43%, 0, 0, 2, 326.68, 180095, 7
552, 110, 0, 2, 0, 0, 30.43%, 0, 0, 2, 325.27, 181774, 7
557, 111, 1, 2, 0, 0, 30.43%, 0, 0, 2, 327.78, 183474, 7
562, 112, 1, 2, 0, 0, 30.43%, 0, 0, 2, 326.36, 185124, 7
568, 113, 0, 2, 0, 0, 30.43%, 0, 0, 2, 325.60, 186801, 7
573, 114, 1, 2, 0, 0, 30.43%, 0, 0, 2, 320.69, 188468, 7
578, 116, 1, 2, 0, 0, 30.43%, 0, 0, 2, 322.19, 190065, 7
583, 117, 0, 2, 0, 0, 30.43%, 0, 0, 2, 330.04, 191787, 7
588, 118, 1, 2, 0, 0, 30.43%, 0, 0, 2, 328.52, 193475, 7
593, 119, 1, 2, 0, 0, 30.43%, 0, 0, 2, 329.85, 195137, 7
598, 120, 1, 2, 0, 0, 30.43%, 0, 0, 2, 324.25, 196816, 7
603, 121, 1, 2, 0, 0, 30.43%, 0, 0, 2, 327.44, 198451, 7
608, 123, 1, 2, 0, 0, 30.43%, 0, 0, 2, 329.55, 200101, 7
614, 123, 1, 2, 0, 0, 30.43%, 0, 0, 2, 325.49, 201774, 7
619, 125, 1, 2, 0, 0, 30.43%, 0, 0, 2, 329.17, 203439, 7
624, 126, 0, 2, 0, 0, 30.43%, 0, 0, 2, 328.20, 205143, 7
629, 127, 1, 2, 0, 0, 30.43%, 0, 0, 2, 328.44, 206822, 7
634, 128, 0, 2, 0, 0, 30.43%, 0, 0, 2, 331.40, 208490, 7
639, 129, 1, 2, 0, 0, 30.43%, 0, 0, 2, 326.25, 210166, 7
644, 130, 1, 2, 0, 0, 30.43%, 0, 0, 2, 329.32, 211888, 7
649, 132, 0, 2, 0, 0, 30.43%, 0, 0, 2, 327.95, 213541, 7
655, 133, 1, 2, 0, 0, 30.43%, 0, 0, 2, 326.79, 215223, 7
660, 134, 1, 2, 0, 0, 30.43%, 0, 0, 2, 329.99, 216939, 7
665, 136, 1, 2, 0, 0, 30.43%, 0, 0, 2, 330.78, 218661, 7
670, 137, 1, 2, 0, 0, 30.43%, 0, 0, 2, 329.01, 220308, 7
675, 138, 1, 2, 0, 0, 30.43%, 0, 0, 2, 330.51, 222024, 7
680, 140, 0, 2, 0, 0, 30.43%, 0, 0, 2, 329.48, 223674, 7
685, 141, 1, 2, 0, 0, 30.43%, 0, 0, 2, 327.65, 225347, 7
691, 142, 1, 2, 0, 0, 30.43%, 0, 0, 2, 329.62, 227054, 7
696, 143, 1, 2, 0, 0, 30.43%, 0, 0, 2, 327.56, 228745, 7
701, 144, 1, 2, 0, 0, 30.43%, 0, 0, 2, 329.87, 230407, 7
706, 145, 0, 2, 0, 0, 30.43%, 0, 0, 2, 326.16, 232096, 7
711, 146, 0, 2, 0, 0, 30.43%, 0, 0, 2, 325.43, 233775, 7
716, 147, 1, 2, 0, 0, 30.43%, 0, 0, 2, 330.37, 235430, 7
721, 148, 0, 2, 0, 0, 30.43%, 0, 0, 2, 328.75, 237083, 7
726, 148, 0, 2, 0, 0, 30.43%, 0, 0, 2, 323.30, 238732, 7
731, 150, 1, 2, 0, 0, 30.43%, 0, 0, 2, 328.28, 240381, 7
736, 151, 0, 2, 0, 0, 30.43%, 0, 0, 2, 327.42, 242076, 7
741, 152, 1, 2, 0, 0, 30.43%, 0, 0, 2, 328.21, 243752, 7
747, 152, 0, 2, 0, 0, 30.43%, 0, 0, 2, 323.69, 245414, 7
752, 153, 0, 2, 0, 0, 30.43%, 0, 0, 2, 323.29, 247099, 7
757, 154, 1, 2, 0, 0, 30.43%, 0, 0, 2, 324.19, 248762, 7
762, 154, 0, 2, 0, 0, 30.43%, 0, 0, 2, 324.18, 250448, 7
767, 156, 0, 2, 0, 0, 30.43%, 0, 0, 2, 325.60, 252091, 7
772, 157, 1, 2, 0, 0, 30.43%, 0, 0, 2, 329.47, 253797, 7
777, 158, 1, 2, 0, 0, 30.43%, 0, 0, 2, 330.38, 255447, 7
782, 159, 0, 2, 0, 0, 30.43%, 0, 0, 2, 326.15, 257127, 7
787, 160, 1, 2, 0, 0, 30.43%, 0, 0, 2, 330.41, 258791, 7
793, 161, 0, 2, 0, 0, 30.43%, 0, 0, 2, 325.25, 260462, 7
798, 162, 0, 2, 0, 0, 30.43%, 0, 0, 2, 326.62, 262165, 7
803, 163, 0, 2, 0, 0, 30.43%, 0, 0, 2, 324.76, 263829, 7
808, 164, 1, 2, 0, 0, 30.43%, 0, 0, 2, 329.02, 265535, 7
813, 164, 1, 2, 0, 0, 30.43%, 0, 0, 2, 326.68, 267226, 7
819, 165, 0, 2, 0, 0, 30.43%, 0, 0, 2, 324.90, 268921, 7
824, 166, 0, 2, 0, 0, 30.43%, 0, 0, 2, 323.75, 270591, 7
829, 166, 0, 2, 0, 0, 30.43%, 0, 0, 2, 325.17, 272270, 7
834, 168, 1, 2, 0, 0, 30.43%, 0, 0, 2, 329.38, 273934, 7
839, 169, 0, 2, 0, 0, 30.43%, 0, 0, 2, 325.98, 275623, 7
844, 170, 0, 2, 0, 0, 30.43%, 0, 0, 2, 326.63, 277311, 7
849, 171, 1, 2, 0, 0, 30.43%, 1, 0, 2, 312.59, 278958, 7
