# relative_time, cycles_done, cur_item, corpus_count, pending_total, pending_favs, map_size, saved_crashes, saved_hangs, max_depth, execs_per_sec, total_execs, edges_found
61, 10, 0, 3, 0, 0, 32.26%, 0, 0, 2, 320.50, 19807, 10
67, 10, 2, 3, 0, 0, 32.26%, 0, 0, 2, 319.55, 21459, 10
72, 11, 0, 3, 0, 0, 32.26%, 0, 0, 2, 307.71, 22999, 10
77, 12, 0, 3, 0, 0, 32.26%, 0, 0, 2, 316.13, 24647, 10
82, 12, 0, 3, 0, 0, 32.26%, 0, 0, 2, 318.82, 26293, 10
87, 13, 2, 3, 0, 0, 32.26%, 0, 0, 2, 318.27, 27948, 10
92, 14, 2, 3, 0, 0, 32.26%, 0, 0, 2, 318.91, 29607, 10
98, 16, 2, 3, 0, 0, 32.26%, 0, 0, 2, 318.54, 31263, 10
103, 16, 2, 3, 0, 0, 32.26%, 0, 0, 2, 319.39, 32924, 10
108, 17, 2, 3, 0, 0, 32.26%, 0, 0, 2, 318.85, 34583, 10
113, 18, 0, 3, 0, 0, 32.26%, 0, 0, 2, 319.49, 36242, 10
118, 19, 0, 3, 0, 0, 32.26%, 0, 0, 2, 318.10, 37891, 10
124, 20, 2, 3, 0, 0, 32.26%, 0, 0, 2, 319.84, 39540, 10
129, 21, 2, 3, 0, 0, 32.26%, 0, 0, 2, 318.76, 41139, 10
134, 21, 0, 3, 0, 0, 32.26%, 0, 0, 2, 319.56, 42798, 10
139, 22, 0, 3, 0, 0, 32.26%, 0, 0, 2, 319.85, 44453, 10
144, 22, 2, 3, 0, 0, 32.26%, 0, 0, 2, 320.97, 46101, 10
149, 24, 2, 3, 0, 0, 32.26%, 0, 0, 2, 317.88, 47691, 10
154, 24, 0, 3, 0, 0, 32.26%, 0, 0, 2, 319.05, 49347, 10
159, 25, 0, 3, 0, 0, 32.26%, 0, 0, 2, 319.86, 50999, 10
165, 26, 2, 3, 0, 0, 32.26%, 0, 0, 2, 319.45, 52654, 10
170, 27, 2, 3, 0, 0, 32.26%, 0, 0, 2, 320.37, 54319, 10
175, 27, 0, 3, 0, 0, 32.26%, 0, 0, 2, 320.00, 55974, 10
180, 28, 0, 3, 0, 0, 32.26%, 0, 0, 2, 319.61, 57623, 10
185, 28, 0, 3, 0, 0, 32.26%, 0, 0, 2, 319.88, 59272, 10
190, 29, 2, 3, 0, 0, 32.26%, 0, 0, 2, 319.89, 60873, 10
195, 30, 0, 3, 0, 0, 32.26%, 0, 0, 2, 318.27, 62514, 10
201, 31, 0, 3, 0, 0, 32.26%, 0, 0, 2, 318.89, 64175, 10
206, 31, 2, 3, 0, 0, 32.26%, 0, 0, 2, 316.32, 65812, 10
211, 32, 0, 3, 0, 0, 32.26%, 0, 0, 2, 318.02, 67458, 10
216, 32, 0, 3, 0, 0, 32.26%, 0, 0, 2, 320.23, 69107, 10
221, 32, 0, 3, 0, 0, 32.26%, 0, 0, 2, 320.45, 70759, 10
226, 33, 0, 3, 0, 0, 32.26%, 0, 0, 2, 319.83, 72407, 10
232, 33, 2, 3, 0, 0, 32.26%, 0, 0, 2, 318.08, 74050, 10
237, 35, 2, 3, 0, 0, 32.26%, 0, 0, 2, 318.77, 75712, 10
242, 35, 0, 3, 0, 0, 32.26%, 1, 0, 2, 310.36, 77282, 10
