# relative_time, cycles_done, cur_item, corpus_count, pending_total, pending_favs, map_size, saved_crashes, saved_hangs, max_depth, execs_per_sec, total_execs, edges_found
61, 7, 0, 3, 0, 0, 30.43%, 0, 0, 2, 324.90, 20070, 7
66, 8, 2, 3, 0, 0, 30.43%, 0, 0, 2, 323.63, 21725, 7
71, 9, 2, 3, 0, 0, 30.43%, 0, 0, 2, 325.19, 23389, 7
76, 9, 0, 3, 0, 0, 30.43%, 0, 0, 2, 324.83, 25057, 7
82, 10, 2, 3, 0, 0, 30.43%, 0, 0, 2, 325.92, 26728, 7
87, 10, 2, 3, 0, 0, 30.43%, 0, 0, 2, 324.90, 28385, 7
92, 11, 2, 3, 0, 0, 30.43%, 0, 0, 2, 325.20, 30049, 7
97, 12, 2, 3, 0, 0, 30.43%, 0, 0, 2, 327.07, 31729, 7
102, 13, 2, 3, 0, 0, 30.43%, 0, 0, 2, 325.45, 33405, 7
107, 14, 0, 3, 0, 0, 30.43%, 0, 0, 2, 325.94, 35085, 7
112, 14, 2, 3, 0, 0, 30.43%, 0, 0, 2, 325.45, 36744, 7
118, 15, 2, 3, 0, 0, 30.43%, 0, 0, 2, 326.31, 38418, 7
123, 15, 2, 3, 0, 0, 30.43%, 0, 0, 2, 325.12, 40083, 7
128, 16, 0, 3, 0, 0, 30.43%, 0, 0, 2, 323.67, 41731, 7
133, 17, 0, 3, 0, 0, 30.43%, 0, 0, 2, 326.32, 43408, 7
138, 17, 2, 3, 0, 0, 30.43%, 0, 0, 2, 323.09, 45071, 7
143, 18, 2, 3, 0, 0, 30.43%, 0, 0, 2, 324.36, 46735, 7
148, 19, 2, 3, 0, 0, 30.43%, 0, 0, 2, 326.22, 48405, 7
153, 20, 2, 3, 0, 0, 30.43%, 0, 0, 2, 323.67, 50067, 7
159, 20, 2, 3, 0, 0, 30.43%, 0, 0, 2, 325.42, 51737, 7
164, 21, 0, 3, 0, 0, 30.43%, 0, 0, 2, 324.92, 53391, 7
169, 22, 2, 3, 0, 0, 30.43%, 0, 0, 2, 325.42, 55064, 7
174, 22, 2, 3, 0, 0, 30.43%, 0, 0, 2, 324.44, 56726, 7
179, 23, 2, 3, 0, 0, 30.43%, 0, 0, 2, 324.94, 58390, 7
184, 24, 2, 3, 0, 0, 30.43%, 0, 0, 2, 325.28, 60065, 7
189, 25, 2, 3, 0, 0, 30.43%, 0, 0, 2, 325.80, 61733, 7
194, 25, 2, 3, 0, 0, 30.43%, 0, 0, 2, 325.65, 63410, 7
200, 26, 2, 3, 0, 0, 30.43%, 0, 0, 2, 325.59, 65072, 7
205, 27, 2, 3, 0, 0, 30.43%, 0, 0, 2, 325.46, 66760, 7
210, 28, 2, 3, 0, 0, 30.43%, 0, 0, 2, 325.49, 68440, 7
215, 29, 2, 3, 0, 0, 30.43%, 0, 0, 2, 325.54, 70109, 7
220, 30, 2, 3, 0, 0, 30.43%, 0, 0, 2, 325.33, 71773, 7
225, 30, 2, 3, 0, 0, 30.43%, 0, 0, 2, 325.35, 73443, 7
230, 31, 0, 3, 0, 0, 30.43%, 0, 0, 2, 322.93, 75105, 7
235, 31, 2, 3, 0, 0, 30.43%, 0, 0, 2, 325.32, 76774, 7
241, 32, 2, 3, 0, 0, 30.43%, 0, 0, 2, 324.53, 78432, 7
246, 33, 2, 3, 0, 0, 30.43%, 0, 0, 2, 323.68, 80090, 7
251, 34, 2, 3, 0, 0, 30.43%, 0, 0, 2, 324.49, 81742, 7
256, 35, 2, 3, 0, 0, 30.43%, 0, 0, 2, 324.17, 83400, 7
261, 35, 2, 3, 0, 0, 30.43%, 0, 0, 2, 325.46, 85062, 7
266, 36, 0, 3, 0, 0, 30.43%, 0, 0, 2, 325.40, 86716, 7
271, 36, 2, 3, 0, 0, 30.43%, 0, 0, 2, 324.75, 88377, 7
276, 37, 0, 3, 0, 0, 30.43%, 0, 0, 2, 324.21, 90039, 7
282, 38, 2, 3, 0, 0, 30.43%, 0, 0, 2, 324.31, 91704, 7
287, 38, 2, 3, 0, 0, 30.43%, 0, 0, 2, 323.52, 93368, 7
292, 39, 0, 3, 0, 0, 30.43%, 0, 0, 2, 323.76, 95040, 7
297, 40, 2, 3, 0, 0, 30.43%, 0, 0, 2, 325.84, 96719, 7
302, 40, 0, 3, 0, 0, 30.43%, 0, 0, 2, 327.10, 98400, 7
307, 41, 2, 3, 0, 0, 30.43%, 0, 0, 2, 324.94, 100069, 7
312, 41, 2, 3, 0, 0, 30.43%, 0, 0, 2, 325.48, 101737, 7
317, 42, 0, 3, 0, 0, 30.43%, 0, 0, 2, 324.91, 103393, 7
323, 43, 2, 3, 0, 0, 30.43%, 0, 0, 2, 323.98, 105052, 7
328, 43, 2, 3, 0, 0, 30.43%, 0, 0, 2, 325.38, 106728, 7
333, 44, 2, 3, 0, 0, 30.43%, 0, 0, 2, 326.52, 108414, 7
338, 45, 2, 3, 0, 0, 30.43%, 0, 0, 2, 326.28, 110084, 7
343, 46, 2, 3, 0, 0, 30.43%, 0, 0, 2, 326.32, 111742, 7
348, 47, 2, 3, 0, 0, 30.43%, 0, 0, 2, 326.52, 113398, 7
353, 47, 0, 3, 0, 0, 30.43%, 0, 0, 2, 326.23, 115064, 7
358, 48, 0, 3, 0, 0, 30.43%, 0, 0, 2, 326.02, 116729, 7
364, 49, 2, 3, 0, 0, 30.43%, 0, 0, 2, 324.46, 118394, 7
369, 49, 0, 3, 0, 0, 30.43%, 0, 0, 2, 325.87, 120056, 7
374, 50, 2, 3, 0, 0, 30.43%, 0, 0, 2, 325.36, 121715, 7
379, 51, 2, 3, 0, 0, 30.43%, 0, 0, 2, 325.05, 123379, 7
384, 51, 2, 3, 0, 0, 30.43%, 0, 0, 2, 325.33, 125036, 7
389, 51, 0, 3, 0, 0, 30.43%, 0, 0, 2, 325.32, 126696, 7
393, 52, 2, 3, 0, 0, 30.43%, 1, 0, 2, 7.69, 128086, 7
