# relative_time, cycles_done, cur_item, corpus_count, pending_total, pending_favs, map_size, saved_crashes, saved_hangs, max_depth, execs_per_sec, total_execs, edges_found
60, 9, 2, 3, 0, 0, 30.43%, 0, 0, 2, 333.95, 20286, 7
65, 10, 2, 3, 0, 0, 30.43%, 0, 0, 2, 330.65, 22004, 7
71, 10, 0, 3, 0, 0, 30.43%, 0, 0, 2, 326.79, 23706, 7
76, 11, 0, 3, 0, 0, 30.43%, 0, 0, 2, 325.67, 25381, 7
81, 11, 2, 3, 0, 0, 30.43%, 0, 0, 2, 331.01, 27054, 7
86, 12, 2, 3, 0, 0, 30.43%, 0, 0, 2, 333.10, 28790, 7
91, 13, 2, 3, 0, 0, 30.43%, 0, 0, 2, 333.65, 30478, 7
96, 14, 2, 3, 0, 0, 30.43%, 0, 0, 2, 333.46, 32148, 7
101, 15, 2, 3, 0, 0, 30.43%, 0, 0, 2, 332.81, 33822, 7
106, 15, 0, 3, 0, 0, 30.43%, 0, 0, 2, 332.31, 35504, 7
111, 16, 2, 3, 0, 0, 30.43%, 0, 0, 2, 331.38, 37209, 7
116, 17, 2, 3, 0, 0, 30.43%, 0, 0, 2, 332.63, 38885, 7
122, 17, 0, 3, 0, 0, 30.43%, 0, 0, 2, 326.82, 40563, 7
127, 18, 1, 3, 0, 0, 30.43%, 0, 0, 2, 330.53, 42242, 7
132, 19, 2, 3, 0, 0, 30.43%, 0, 0, 2, 332.40, 43970, 7
137, 20, 2, 3, 0, 0, 30.43%, 0, 0, 2, 333.51, 45640, 7
142, 20, 0, 3, 0, 0, 30.43%, 0, 0, 2, 327.55, 47330, 7
147, 21, 2, 3, 0, 0, 30.43%, 0, 0, 2, 332.06, 49009, 7
152, 22, 2, 3, 0, 0, 30.43%, 0, 0, 2, 327.69, 50690, 7
157, 22, 2, 3, 0, 0, 30.43%, 0, 0, 2, 332.24, 52378, 7
162, 23, 2, 3, 0, 0, 30.43%, 0, 0, 2, 333.57, 54060, 7
167, 24, 2, 3, 0, 0, 30.43%, 0, 0, 2, 333.64, 55740, 7
172, 25, 2, 3, 0, 0, 30.43%, 0, 0, 2, 332.80, 57470, 7
177, 26, 2, 3, 0, 0, 30.43%, 0, 0, 2, 331.88, 59134, 7
183, 26, 2, 3, 0, 0, 30.43%, 0, 0, 2, 333.88, 60838, 7
188, 28, 2, 3, 0, 0, 30.43%, 0, 0, 2, 332.92, 62508, 7
193, 28, 2, 3, 0, 0, 30.43%, 0, 0, 2, 332.93, 64194, 7
198, 29, 2, 3, 0, 0, 30.43%, 0, 0, 2, 333.39, 65882, 7
203, 30, 2, 3, 0, 0, 30.43%, 0, 0, 2, 332.80, 67558, 7
208, 31, 2, 3, 0, 0, 30.43%, 0, 0, 2, 331.79, 69240, 7
213, 32, 0, 3, 0, 0, 30.43%, 0, 0, 2, 329.53, 70896, 7
218, 32, 0, 3, 0, 0, 30.43%, 0, 0, 2, 330.89, 72615, 7
223, 33, 2, 3, 0, 0, 30.43%, 0, 0, 2, 327.55, 74290, 7
228, 33, 2, 3, 0, 0, 30.43%, 0, 0, 2, 332.50, 75982, 7
233, 34, 2, 3, 0, 0, 30.43%, 0, 0, 2, 328.66, 77669, 7
239, 34, 0, 3, 0, 0, 30.43%, 0, 0, 2, 326.05, 79347, 7
244, 35, 2, 3, 0, 0, 30.43%, 0, 0, 2, 331.93, 81032, 7
249, 36, 2, 3, 0, 0, 30.43%, 0, 0, 2, 332.00, 82708, 7
254, 37, 2, 3, 0, 0, 30.43%, 0, 0, 2, 326.92, 84389, 7
258, 37, 0, 3, 0, 0, 30.43%, 1, 0, 2, 321.66, 85837, 7
