# relative_time, cycles_done, cur_item, corpus_count, pending_total, pending_favs, map_size, saved_crashes, saved_hangs, max_depth, execs_per_sec, total_execs, edges_found
61, 5, 0, 1, 0, 0, 25.00%, 0, 0, 1, 326.23, 19929, 2
66, 6, 0, 1, 0, 0, 25.00%, 0, 0, 1, 326.59, 21601, 2
71, 6, 0, 1, 0, 0, 25.00%, 0, 0, 1, 326.40, 23268, 2
77, 7, 0, 1, 0, 0, 25.00%, 0, 0, 1, 325.71, 24946, 2
82, 7, 0, 1, 0, 0, 25.00%, 0, 0, 1, 328.09, 26643, 2
87, 8, 0, 1, 0, 0, 25.00%, 0, 0, 1, 324.97, 28304, 2
92, 8, 0, 1, 0, 0, 25.00%, 0, 0, 1, 326.37, 29994, 2
97, 9, 0, 1, 0, 0, 25.00%, 0, 0, 1, 327.14, 31673, 2
102, 9, 0, 1, 0, 0, 25.00%, 0, 0, 1, 326.71, 33339, 2
107, 10, 0, 1, 0, 0, 25.00%, 0, 0, 1, 327.10, 35018, 2
113, 10, 0, 1, 0, 0, 25.00%, 0, 0, 1, 327.92, 36702, 2
118, 11, 0, 1, 0, 0, 25.00%, 0, 0, 1, 326.58, 38375, 2
123, 11, 0, 1, 0, 0, 25.00%, 0, 0, 1, 326.81, 40042, 2
128, 12, 0, 1, 0, 0, 25.00%, 0, 0, 1, 325.85, 41732, 2
133, 12, 0, 1, 0, 0, 25.00%, 0, 0, 1, 326.11, 43405, 2
138, 13, 0, 1, 0, 0, 25.00%, 0, 0, 1, 323.73, 45071, 2
143, 13, 0, 1, 0, 0, 25.00%, 0, 0, 1, 326.25, 46744, 2
149, 13, 0, 1, 0, 0, 25.00%, 0, 0, 1, 326.18, 48423, 2
154, 14, 0, 1, 0, 0, 25.00%, 0, 0, 1, 325.75, 50089, 2
159, 14, 0, 1, 0, 0, 25.00%, 0, 0, 1, 325.09, 51750, 2
164, 15, 0, 1, 0, 0, 25.00%, 0, 0, 1, 326.79, 53434, 2
169, 15, 0, 1, 0, 0, 25.00%, 0, 0, 1, 324.56, 55095, 2
174, 16, 0, 1, 0, 0, 25.00%, 0, 0, 1, 326.52, 56797, 2
179, 16, 0, 1, 0, 0, 25.00%, 0, 0, 1, 325.42, 58452, 2
184, 17, 0, 1, 0, 0, 25.00%, 0, 0, 1, 325.35, 60101, 2
190, 17, 0, 1, 0, 0, 25.00%, 0, 0, 1, 325.90, 61767, 2
195, 18, 0, 1, 0, 0, 25.00%, 0, 0, 1, 325.59, 63428, 2
200, 18, 0, 1, 0, 0, 25.00%, 0, 0, 1, 325.89, 65106, 2
205, 19, 0, 1, 0, 0, 25.00%, 0, 0, 1, 326.04, 66773, 2
210, 19, 0, 1, 0, 0, 25.00%, 0, 0, 1, 325.54, 68433, 2
215, 20, 0, 1, 0, 0, 25.00%, 0, 0, 1, 325.29, 70100, 2
220, 20, 0, 1, 0, 0, 25.00%, 0, 0, 1, 326.18, 71773, 2
225, 21, 0, 1, 0, 0, 25.00%, 0, 0, 1, 326.52, 73463, 2
231, 21, 0, 1, 0, 0, 25.00%, 0, 0, 1, 325.94, 75124, 2
236, 22, 0, 1, 0, 0, 25.00%, 0, 0, 1, 325.96, 76790, 2
241, 22, 0, 1, 0, 0, 25.00%, 0, 0, 1, 326.49, 78451, 2
246, 22, 0, 1, 0, 0, 25.00%, 0, 0, 1, 326.67, 80124, 2
251, 23, 0, 1, 0, 0, 25.00%, 0, 0, 1, 325.82, 81784, 2
256, 23, 0, 1, 0, 0, 25.00%, 0, 0, 1, 326.12, 83445, 2
261, 24, 0, 1, 0, 0, 25.00%, 0, 0, 1, 326.49, 85111, 2
266, 24, 0, 1, 0, 0, 25.00%, 0, 0, 1, 325.68, 86766, 2
271, 25, 0, 1, 0, 0, 25.00%, 0, 0, 1, 326.21, 88438, 2
276, 25, 0, 1, 0, 0, 25.00%, 0, 0, 1, 327.06, 90099, 2
282, 26, 0, 1, 0, 0, 25.00%, 0, 0, 1, 325.87, 91754, 2
287, 26, 0, 1, 0, 0, 25.00%, 0, 0, 1, 326.69, 93414, 2
292, 27, 0, 1, 0, 0, 25.00%, 0, 0, 1, 326.13, 95087, 2
297, 27, 0, 1, 0, 0, 25.00%, 0, 0, 1, 325.43, 96765, 2
302, 28, 0, 1, 0, 0, 25.00%, 0, 0, 1, 327.49, 98456, 2
307, 28, 0, 1, 0, 0, 25.00%, 0, 0, 1, 326.70, 100117, 2
312, 29, 0, 1, 0, 0, 25.00%, 0, 0, 1, 326.37, 101801, 2
317, 29, 0, 1, 0, 0, 25.00%, 0, 0, 1, 326.86, 103474, 2
323, 30, 0, 1, 0, 0, 25.00%, 0, 0, 1, 326.71, 105146, 2
328, 30, 0, 1, 0, 0, 25.00%, 0, 0, 1, 325.80, 106801, 2
333, 31, 0, 1, 0, 0, 25.00%, 0, 0, 1, 326.31, 108467, 2
338, 31, 0, 1, 0, 0, 25.00%, 0, 0, 1, 327.35, 110158, 2
343, 31, 0, 1, 0, 0, 25.00%, 0, 0, 1, 326.92, 111825, 2
348, 32, 0, 1, 0, 0, 25.00%, 0, 0, 1, 327.79, 113527, 2
353, 32, 0, 1, 0, 0, 25.00%, 0, 0, 1, 327.82, 115224, 2
359, 33, 0, 1, 0, 0, 25.00%, 0, 0, 1, 325.96, 116885, 2
364, 33, 0, 1, 0, 0, 25.00%, 0, 0, 1, 326.55, 118558, 2
369, 34, 0, 1, 0, 0, 25.00%, 0, 0, 1, 325.96, 120224, 2
374, 34, 0, 1, 0, 0, 25.00%, 0, 0, 1, 326.88, 121885, 2
379, 35, 0, 1, 0, 0, 25.00%, 0, 0, 1, 325.72, 123546, 2
384, 35, 0, 1, 0, 0, 25.00%, 0, 0, 1, 326.63, 125230, 2
389, 36, 0, 1, 0, 0, 25.00%, 0, 0, 1, 324.88, 126879, 2
394, 36, 0, 1, 0, 0, 25.00%, 0, 0, 1, 326.54, 128557, 2
399, 37, 0, 1, 0, 0, 25.00%, 0, 0, 1, 327.20, 130230, 2
405, 37, 0, 1, 0, 0, 25.00%, 0, 0, 1, 326.54, 131896, 2
410, 38, 0, 1, 0, 0, 25.00%, 0, 0, 1, 325.96, 133569, 2
415, 38, 0, 1, 0, 0, 25.00%, 0, 0, 1, 326.86, 135230, 2
420, 39, 0, 1, 0, 0, 25.00%, 0, 0, 1, 325.72, 136896, 2
425, 39, 0, 1, 0, 0, 25.00%, 0, 0, 1, 326.97, 138575, 2
430, 40, 0, 1, 0, 0, 25.00%, 0, 0, 1, 327.55, 140265, 2
435, 40, 0, 1, 0, 0, 25.00%, 0, 0, 1, 326.26, 141938, 2
440, 40, 0, 1, 0, 0, 25.00%, 0, 0, 1, 326.06, 143611, 2
445, 41, 0, 1, 0, 0, 25.00%, 0, 0, 1, 326.46, 145265, 2
451, 41, 0, 1, 0, 0, 25.00%, 0, 0, 1, 324.93, 146926, 2
456, 42, 0, 1, 0, 0, 25.00%, 0, 0, 1, 327.61, 148610, 2
461, 42, 0, 1, 0, 0, 25.00%, 0, 0, 1, 326.71, 150277, 2
466, 43, 0, 1, 0, 0, 25.00%, 0, 0, 1, 326.47, 151949, 2
471, 43, 0, 1, 0, 0, 25.00%, 0, 0, 1, 327.48, 153610, 2
476, 44, 0, 1, 0, 0, 25.00%, 0, 0, 1, 326.43, 155283, 2
481, 44, 0, 1, 0, 0, 25.00%, 0, 0, 1, 326.04, 156961, 2
486, 45, 0, 1, 0, 0, 25.00%, 0, 0, 1, 326.67, 158616, 2
491, 45, 0, 1, 0, 0, 25.00%, 0, 0, 1, 324.92, 160282, 2
497, 46, 0, 1, 0, 0, 25.00%, 0, 0, 1, 326.30, 161961, 2
502, 46, 0, 1, 0, 0, 25.00%, 0, 0, 1, 327.05, 163645, 2
507, 47, 0, 1, 0, 0, 25.00%, 0, 0, 1, 326.08, 165324, 2
512, 47, 0, 1, 0, 0, 25.00%, 0, 0, 1, 325.02, 166985, 2
517, 48, 0, 1, 0, 0, 25.00%, 0, 0, 1, 325.94, 168639, 2
522, 48, 0, 1, 0, 0, 25.00%, 0, 0, 1, 326.24, 170300, 2
527, 49, 0, 1, 0, 0, 25.00%, 0, 0, 1, 327.11, 171978, 2
532, 49, 0, 1, 0, 0, 25.00%, 0, 0, 1, 326.26, 173651, 2
538, 49, 0, 1, 0, 0, 25.00%, 0, 0, 1, 326.82, 175330, 2
543, 50, 0, 1, 0, 0, 25.00%, 0, 0, 1, 327.14, 176996, 2
548, 50, 0, 1, 0, 0, 25.00%, 0, 0, 1, 326.88, 178675, 2
553, 51, 0, 1, 0, 0, 25.00%, 0, 0, 1, 327.31, 180371, 2
558, 51, 0, 1, 0, 0, 25.00%, 0, 0, 1, 325.60, 182050, 2
563, 52, 0, 1, 0, 0, 25.00%, 0, 0, 1, 326.44, 183728, 2
568, 52, 0, 1, 0, 0, 25.00%, 0, 0, 1, 326.37, 185395, 2
574, 53, 0, 1, 0, 0, 25.00%, 0, 0, 1, 327.16, 187068, 2
579, 53, 0, 1, 0, 0, 25.00%, 0, 0, 1, 326.23, 188746, 2
584, 54, 0, 1, 0, 0, 25.00%, 0, 0, 1, 326.22, 190425, 2
589, 54, 0, 1, 0, 0, 25.00%, 0, 0, 1, 326.85, 192109, 2
594, 55, 0, 1, 0, 0, 25.00%, 0, 0, 1, 327.02, 193782, 2
599, 55, 0, 1, 0, 0, 25.00%, 0, 0, 1, 325.93, 195460, 2
604, 56, 0, 1, 0, 0, 25.00%, 0, 0, 1, 324.89, 197109, 2
609, 56, 0, 1, 0, 0, 25.00%, 0, 0, 1, 325.39, 198764, 2
615, 57, 0, 1, 0, 0, 25.00%, 0, 0, 1, 323.77, 200430, 2
620, 57, 0, 1, 0, 0, 25.00%, 0, 0, 1, 325.50, 202091, 2
625, 58, 0, 1, 0, 0, 25.00%, 0, 0, 1, 325.49, 203757, 2
630, 58, 0, 1, 0, 0, 25.00%, 0, 0, 1, 325.12, 205436, 2
635, 59, 0, 1, 0, 0, 25.00%, 0, 0, 1, 326.04, 207114, 2
640, 59, 0, 1, 0, 0, 25.00%, 0, 0, 1, 325.40, 208787, 2
645, 59, 0, 1, 0, 0, 25.00%, 0, 0, 1, 325.41, 210454, 2
650, 60, 0, 1, 0, 0, 25.00%, 0, 0, 1, 324.45, 212114, 2
656, 60, 0, 1, 0, 0, 25.00%, 0, 0, 1, 325.27, 213769, 2
661, 61, 0, 1, 0, 0, 25.00%, 0, 0, 1, 324.62, 215423, 2
666, 61, 0, 1, 0, 0, 25.00%, 0, 0, 1, 323.79, 217072, 2
671, 62, 0, 1, 0, 0, 25.00%, 0, 0, 1, 324.34, 218721, 2
674, 62, 0, 1, 0, 0, 25.00%, 1, 0, 1, 314.03, 219821, 2
