# relative_time, cycles_done, cur_item, corpus_count, pending_total, pending_favs, map_size, saved_crashes, saved_hangs, max_depth, execs_per_sec, total_execs, edges_found
61, 5, 0, 1, 0, 0, 25.00%, 0, 0, 1, 323.66, 19911, 2
66, 6, 0, 1, 0, 0, 25.00%, 0, 0, 1, 324.08, 21565, 2
71, 6, 0, 1, 0, 0, 25.00%, 0, 0, 1, 323.84, 23214, 2
76, 7, 0, 1, 0, 0, 25.00%, 0, 0, 1, 324.97, 24869, 2
81, 7, 0, 1, 0, 0, 25.00%, 0, 0, 1, 323.88, 26523, 2
86, 8, 0, 1, 0, 0, 25.00%, 0, 0, 1, 323.82, 28172, 2
92, 8, 0, 1, 0, 0, 25.00%, 0, 0, 1, 324.78, 29832, 2
97, 9, 0, 1, 0, 0, 25.00%, 0, 0, 1, 325.45, 31499, 2
102, 9, 0, 1, 0, 0, 25.00%, 0, 0, 1, 324.32, 33148, 2
107, 10, 0, 1, 0, 0, 25.00%, 0, 0, 1, 324.02, 34802, 2
112, 10, 0, 1, 0, 0, 25.00%, 0, 0, 1, 323.77, 36457, 2
117, 11, 0, 1, 0, 0, 25.00%, 0, 0, 1, 320.83, 38099, 2
122, 11, 0, 1, 0, 0, 25.00%, 0, 0, 1, 322.44, 39748, 2
127, 12, 0, 1, 0, 0, 25.00%, 0, 0, 1, 322.17, 41396, 2
132, 12, 0, 1, 0, 0, 25.00%, 0, 0, 1, 322.16, 43051, 2
138, 12, 0, 1, 0, 0, 25.00%, 0, 0, 1, 323.42, 44712, 2
143, 13, 0, 1, 0, 0, 25.00%, 0, 0, 1, 322.92, 46360, 2
148, 13, 0, 1, 0, 0, 25.00%, 0, 0, 1, 312.90, 47967, 2
153, 14, 0, 1, 0, 0, 25.00%, 0, 0, 1, 313.89, 49532, 2
158, 14, 0, 1, 0, 0, 25.00%, 0, 0, 1, 321.58, 51180, 2
163, 15, 0, 1, 0, 0, 25.00%, 0, 0, 1, 323.10, 52835, 2
168, 15, 0, 1, 0, 0, 25.00%, 0, 0, 1, 325.84, 54513, 2
173, 16, 0, 1, 0, 0, 25.00%, 0, 0, 1, 323.78, 56168, 2
179, 16, 0, 1, 0, 0, 25.00%, 0, 0, 1, 326.29, 57852, 2
184, 17, 0, 1, 0, 0, 25.00%, 0, 0, 1, 325.53, 59507, 2
189, 17, 0, 1, 0, 0, 25.00%, 0, 0, 1, 324.21, 61162, 2
194, 18, 0, 1, 0, 0, 25.00%, 0, 0, 1, 326.56, 62828, 2
199, 18, 0, 1, 0, 0, 25.00%, 0, 0, 1, 325.19, 64489, 2
204, 19, 0, 1, 0, 0, 25.00%, 0, 0, 1, 326.69, 66161, 2
209, 19, 0, 1, 0, 0, 25.00%, 0, 0, 1, 325.56, 67828, 2
210, 19, 0, 1, 0, 0, 25.00%, 1, 0, 1, 313.93, 68193, 2
