# relative_time, cycles_done, cur_item, corpus_count, pending_total, pending_favs, map_size, saved_crashes, saved_hangs, max_depth, execs_per_sec, total_execs, edges_found
61, 7, 0, 3, 0, 0, 36.00%, 0, 0, 2, 322.34, 19907, 9
66, 8, 0, 3, 0, 0, 36.00%, 0, 0, 2, 327.26, 21550, 9
71, 9, 2, 3, 0, 0, 36.00%, 0, 0, 2, 325.97, 23220, 9
76, 10, 0, 3, 0, 0, 36.00%, 0, 0, 2, 325.77, 24927, 9
82, 10, 0, 3, 0, 0, 36.00%, 0, 0, 2, 322.23, 26576, 9
87, 11, 0, 3, 0, 0, 36.00%, 0, 0, 2, 324.17, 28270, 9
92, 11, 0, 3, 0, 0, 36.00%, 0, 0, 2, 320.87, 29913, 9
97, 12, 0, 3, 0, 0, 36.00%, 0, 0, 2, 323.36, 31588, 9
102, 12, 0, 3, 0, 0, 36.00%, 0, 0, 2, 321.42, 33237, 9
107, 13, 1, 3, 0, 0, 36.00%, 0, 0, 2, 327.10, 34937, 9
113, 13, 2, 3, 0, 0, 36.00%, 0, 0, 2, 325.25, 36607, 9
118, 14, 2, 3, 0, 0, 36.00%, 0, 0, 2, 323.91, 38280, 9
123, 15, 2, 3, 0, 0, 36.00%, 0, 0, 2, 328.01, 39975, 9
128, 16, 2, 3, 0, 0, 36.00%, 0, 0, 2, 323.28, 41630, 9
133, 17, 2, 3, 0, 0, 36.00%, 0, 0, 2, 329.05, 43352, 9
138, 18, 2, 3, 0, 0, 36.00%, 0, 0, 2, 321.35, 45007, 9
144, 19, 2, 3, 0, 0, 36.00%, 0, 0, 2, 328.79, 46720, 9
149, 19, 0, 3, 0, 0, 36.00%, 0, 0, 2, 324.07, 48391, 9
154, 20, 0, 3, 0, 0, 36.00%, 0, 0, 2, 325.19, 50067, 9
159, 21, 0, 3, 0, 0, 36.00%, 0, 0, 2, 313.83, 51662, 9
164, 21, 0, 3, 0, 0, 36.00%, 0, 0, 2, 321.95, 53341, 9
169, 22, 0, 3, 0, 0, 36.00%, 0, 0, 2, 322.40, 55005, 9
175, 22, 0, 3, 0, 0, 36.00%, 0, 0, 2, 323.71, 56680, 9
180, 22, 0, 3, 0, 0, 36.00%, 0, 0, 2, 320.80, 58329, 9
185, 23, 0, 3, 0, 0, 36.00%, 0, 0, 2, 321.39, 59978, 9
190, 24, 2, 3, 0, 0, 36.00%, 0, 0, 2, 328.75, 61636, 9
195, 24, 2, 3, 0, 0, 36.00%, 0, 0, 2, 324.46, 63294, 9
200, 26, 2, 3, 0, 0, 36.00%, 0, 0, 2, 329.55, 65016, 9
205, 26, 0, 3, 0, 0, 36.00%, 0, 0, 2, 324.89, 66708, 9
210, 27, 2, 3, 0, 0, 36.00%, 0, 0, 2, 330.11, 68360, 9
216, 28, 2, 3, 0, 0, 36.00%, 0, 0, 2, 324.03, 70027, 9
221, 28, 0, 3, 0, 0, 36.00%, 0, 0, 2, 322.40, 71707, 9
226, 29, 0, 3, 0, 0, 36.00%, 0, 0, 2, 321.11, 73355, 9
231, 30, 2, 3, 0, 0, 36.00%, 0, 0, 2, 327.43, 74995, 9
236, 30, 2, 3, 0, 0, 36.00%, 0, 0, 2, 323.95, 76671, 9
241, 31, 2, 3, 0, 0, 36.00%, 0, 0, 2, 324.49, 78338, 9
246, 32, 0, 3, 0, 0, 36.00%, 0, 0, 2, 324.23, 80018, 9
252, 32, 2, 3, 0, 0, 36.00%, 0, 0, 2, 325.85, 81700, 9
257, 33, 0, 3, 0, 0, 36.00%, 0, 0, 2, 323.77, 83371, 9
262, 34, 2, 3, 0, 0, 36.00%, 0, 0, 2, 327.72, 85074, 9
267, 35, 2, 3, 0, 0, 36.00%, 0, 0, 2, 323.36, 86741, 9
272, 35, 0, 3, 0, 0, 36.00%, 0, 0, 2, 322.20, 88367, 9
277, 36, 0, 3, 0, 0, 36.00%, 0, 0, 2, 322.08, 90021, 9
282, 36, 0, 3, 0, 0, 36.00%, 0, 0, 2, 320.57, 91670, 9
288, 37, 2, 3, 0, 0, 36.00%, 0, 0, 2, 326.69, 93373, 9
293, 38, 2, 3, 0, 0, 36.00%, 0, 0, 2, 330.90, 95044, 9
298, 39, 0, 3, 0, 0, 36.00%, 0, 0, 2, 324.05, 96721, 9
303, 40, 0, 3, 0, 0, 36.00%, 0, 0, 2, 322.86, 98369, 9
308, 40, 0, 3, 0, 0, 36.00%, 0, 0, 2, 321.67, 100018, 9
313, 40, 0, 3, 0, 0, 36.00%, 0, 0, 2, 322.66, 101685, 9
318, 41, 0, 3, 0, 0, 36.00%, 0, 0, 2, 322.10, 103343, 9
323, 41, 0, 3, 0, 0, 36.00%, 0, 0, 2, 322.11, 105022, 9
329, 42, 0, 3, 0, 0, 36.00%, 0, 0, 2, 322.73, 106686, 9
334, 42, 2, 3, 0, 0, 36.00%, 0, 0, 2, 324.43, 108346, 9
339, 43, 2, 3, 0, 0, 36.00%, 0, 0, 2, 328.48, 110050, 9
344, 44, 2, 3, 0, 0, 36.00%, 0, 0, 2, 325.71, 111729, 9
349, 45, 2, 3, 0, 0, 36.00%, 0, 0, 2, 330.65, 113403, 9
354, 46, 0, 3, 0, 0, 36.00%, 0, 0, 2, 322.47, 115067, 9
360, 46, 2, 3, 0, 0, 36.00%, 0, 0, 2, 326.13, 116758, 9
365, 47, 0, 3, 0, 0, 36.00%, 0, 0, 2, 328.04, 118474, 9
370, 48, 2, 3, 0, 0, 36.00%, 0, 0, 2, 326.58, 120159, 9
375, 49, 0, 3, 0, 0, 36.00%, 0, 0, 2, 325.77, 121863, 9
380, 49, 0, 3, 0, 0, 36.00%, 0, 0, 2, 324.62, 123542, 9
386, 50, 0, 3, 0, 0, 36.00%, 0, 0, 2, 322.86, 125206, 9
391, 50, 0, 3, 0, 0, 36.00%, 0, 0, 2, 321.46, 126855, 9
396, 51, 2, 3, 0, 0, 36.00%, 0, 0, 2, 328.24, 128561, 9
401, 53, 2, 3, 0, 0, 36.00%, 0, 0, 2, 329.76, 130271, 9
406, 53, 0, 3, 0, 0, 36.00%, 0, 0, 2, 323.52, 131939, 9
411, 54, 2, 3, 0, 0, 36.00%, 0, 0, 2, 322.90, 133620, 9
417, 54, 2, 3, 0, 0, 36.00%, 0, 0, 2, 323.88, 135293, 9
422, 55, 2, 3, 0, 0, 36.00%, 0, 0, 2, 324.22, 136978, 9
427, 55, 0, 3, 0, 0, 36.00%, 0, 0, 2, 322.46, 138630, 9
432, 56, 2, 3, 0, 0, 36.00%, 0, 0, 2, 325.84, 140309, 9
437, 57, 2, 3, 0, 0, 36.00%, 0, 0, 2, 325.22, 141985, 9
442, 57, 2, 3, 0, 0, 36.00%, 0, 0, 2, 322.76, 143646, 9
447, 58, 1, 3, 0, 0, 36.00%, 0, 0, 2, 328.89, 145308, 9
453, 59, 0, 3, 0, 0, 36.00%, 0, 0, 2, 324.16, 146970, 9
458, 60, 0, 3, 0, 0, 36.00%, 0, 0, 2, 323.96, 148598, 9
463, 60, 0, 3, 0, 0, 36.00%, 0, 0, 2, 321.94, 150247, 9
468, 61, 2, 3, 0, 0, 36.00%, 0, 0, 2, 321.54, 151910, 9
473, 62, 0, 3, 0, 0, 36.00%, 0, 0, 2, 323.95, 153548, 9
478, 62, 0, 3, 0, 0, 36.00%, 0, 0, 2, 323.32, 155209, 9
483, 63, 2, 3, 0, 0, 36.00%, 0, 0, 2, 326.99, 156894, 9
488, 64, 0, 3, 0, 0, 36.00%, 0, 0, 2, 323.65, 158571, 9
494, 65, 2, 3, 0, 0, 36.00%, 0, 0, 2, 326.79, 160274, 9
499, 66, 0, 3, 0, 0, 36.00%, 0, 0, 2, 324.65, 161963, 9
504, 66, 2, 3, 0, 0, 36.00%, 0, 0, 2, 323.18, 163617, 9
509, 68, 2, 3, 0, 0, 36.00%, 0, 0, 2, 328.13, 165330, 9
514, 68, 2, 3, 0, 0, 36.00%, 0, 0, 2, 325.83, 167003, 9
519, 69, 0, 3, 0, 0, 36.00%, 0, 0, 2, 322.39, 168665, 9
525, 69, 2, 3, 0, 0, 36.00%, 0, 0, 2, 323.13, 170328, 9
530, 71, 2, 3, 0, 0, 36.00%, 0, 0, 2, 328.17, 172038, 9
535, 72, 2, 3, 0, 0, 36.00%, 0, 0, 2, 328.46, 173736, 9
540, 72, 2, 3, 0, 0, 36.00%, 0, 0, 2, 324.55, 175415, 9
545, 73, 2, 3, 0, 0, 36.00%, 0, 0, 2, 322.23, 177067, 9
546, 73, 2, 3, 0, 0, 36.00%, 1, 0, 2, 313.44, 177315, 9
