# relative_time, cycles_done, cur_item, corpus_count, pending_total, pending_favs, map_size, saved_crashes, saved_hangs, max_depth, execs_per_sec, total_execs, edges_found
61, 8, 0, 2, 0, 0, 36.00%, 0, 0, 2, 323.91, 20082, 9
66, 9, 0, 2, 0, 0, 36.00%, 0, 0, 2, 323.83, 21751, 9
71, 9, 0, 2, 0, 0, 36.00%, 0, 0, 2, 322.21, 23400, 9
77, 10, 0, 2, 0, 0, 36.00%, 0, 0, 2, 324.93, 25091, 9
82, 11, 0, 2, 0, 0, 36.00%, 0, 0, 2, 325.54, 26764, 9
87, 11, 0, 2, 0, 0, 36.00%, 0, 0, 2, 324.88, 28428, 9
92, 11, 0, 2, 0, 0, 36.00%, 0, 0, 2, 322.81, 30077, 9
97, 12, 0, 2, 0, 0, 36.00%, 0, 0, 2, 324.18, 31765, 9
102, 13, 0, 2, 0, 0, 36.00%, 0, 0, 2, 323.23, 33429, 9
107, 14, 0, 2, 0, 0, 36.00%, 0, 0, 2, 321.23, 35102, 9
113, 15, 0, 2, 0, 0, 36.00%, 0, 0, 2, 324.90, 36742, 9
118, 15, 0, 2, 0, 0, 36.00%, 0, 0, 2, 325.53, 38421, 9
123, 16, 0, 2, 0, 0, 36.00%, 0, 0, 2, 325.67, 40106, 9
128, 17, 0, 2, 0, 0, 36.00%, 0, 0, 2, 325.14, 41785, 9
133, 18, 0, 2, 0, 0, 36.00%, 0, 0, 2, 325.61, 43476, 9
138, 18, 0, 2, 0, 0, 36.00%, 0, 0, 2, 323.66, 45131, 9
143, 19, 0, 2, 0, 0, 36.00%, 0, 0, 2, 324.16, 46795, 9
149, 19, 0, 2, 0, 0, 36.00%, 0, 0, 2, 324.53, 48465, 9
154, 20, 0, 2, 0, 0, 36.00%, 0, 0, 2, 323.33, 50126, 9
159, 20, 0, 2, 0, 0, 36.00%, 0, 0, 2, 322.84, 51774, 9
164, 21, 0, 2, 0, 0, 36.00%, 0, 0, 2, 325.09, 53453, 9
169, 21, 0, 2, 0, 0, 36.00%, 0, 0, 2, 323.13, 55102, 9
174, 22, 1, 2, 0, 0, 36.00%, 0, 0, 2, 327.85, 56757, 9
179, 23, 0, 2, 0, 0, 36.00%, 0, 0, 2, 325.25, 58428, 9
184, 24, 1, 2, 0, 0, 36.00%, 0, 0, 2, 322.79, 60088, 9
190, 24, 1, 2, 0, 0, 36.00%, 0, 0, 2, 323.87, 61761, 9
195, 25, 0, 2, 0, 0, 36.00%, 0, 0, 2, 323.22, 63435, 9
200, 26, 0, 2, 0, 0, 36.00%, 0, 0, 2, 322.93, 65104, 9
205, 26, 1, 2, 0, 0, 36.00%, 0, 0, 2, 325.20, 66783, 9
210, 28, 1, 2, 0, 0, 36.00%, 0, 0, 2, 330.04, 68444, 9
215, 29, 1, 2, 0, 0, 36.00%, 0, 0, 2, 331.39, 70164, 9
221, 30, 1, 2, 0, 0, 36.00%, 0, 0, 2, 326.77, 71837, 9
226, 31, 0, 2, 0, 0, 36.00%, 0, 0, 2, 327.70, 73538, 9
231, 32, 0, 2, 0, 0, 36.00%, 0, 0, 2, 323.80, 75208, 9
236, 32, 0, 2, 0, 0, 36.00%, 0, 0, 2, 322.08, 76857, 9
241, 33, 1, 2, 0, 0, 36.00%, 0, 0, 2, 328.34, 78563, 9
246, 34, 0, 2, 0, 0, 36.00%, 0, 0, 2, 323.99, 80240, 9
251, 35, 0, 2, 0, 0, 36.00%, 0, 0, 2, 322.45, 81894, 9
257, 35, 0, 2, 0, 0, 36.00%, 0, 0, 2, 324.20, 83579, 9
262, 36, 0, 2, 0, 0, 36.00%, 0, 0, 2, 324.64, 85249, 9
267, 36, 0, 2, 0, 0, 36.00%, 0, 0, 2, 323.38, 86913, 9
272, 37, 0, 2, 0, 0, 36.00%, 0, 0, 2, 325.79, 88547, 9
277, 38, 1, 2, 0, 0, 36.00%, 0, 0, 2, 327.16, 90226, 9
282, 39, 0, 2, 0, 0, 36.00%, 0, 0, 2, 323.99, 91915, 9
288, 39, 0, 2, 0, 0, 36.00%, 0, 0, 2, 314.32, 93531, 9
293, 40, 1, 2, 0, 0, 36.00%, 0, 0, 2, 320.74, 95200, 9
298, 42, 0, 2, 0, 0, 36.00%, 0, 0, 2, 327.50, 96904, 9
303, 42, 1, 2, 0, 0, 36.00%, 0, 0, 2, 327.08, 98582, 9
308, 43, 1, 2, 0, 0, 36.00%, 0, 0, 2, 325.61, 100247, 9
313, 44, 1, 2, 0, 0, 36.00%, 0, 0, 2, 330.49, 101963, 9
319, 45, 1, 2, 0, 0, 36.00%, 0, 0, 2, 325.42, 103630, 9
324, 46, 0, 2, 0, 0, 36.00%, 0, 0, 2, 320.01, 105294, 9
329, 46, 0, 2, 0, 0, 36.00%, 0, 0, 2, 321.36, 106943, 9
330, 46, 0, 2, 0, 0, 36.00%, 1, 0, 2, 35.46, 107212, 9
