# relative_time, cycles_done, cur_item, corpus_count, pending_total, pending_favs, map_size, saved_crashes, saved_hangs, max_depth, execs_per_sec, total_execs, edges_found
61, 7, 2, 3, 0, 0, 30.43%, 0, 0, 2, 326.74, 20326, 7
66, 8, 0, 3, 0, 0, 30.43%, 0, 0, 2, 329.07, 22048, 7
71, 9, 2, 3, 0, 0, 30.43%, 0, 0, 2, 331.28, 23707, 7
76, 9, 2, 3, 0, 0, 30.43%, 0, 0, 2, 333.13, 25387, 7
81, 10, 2, 3, 0, 0, 30.43%, 0, 0, 2, 331.99, 27051, 7
86, 11, 2, 3, 0, 0, 30.43%, 0, 0, 2, 334.41, 28739, 7
91, 12, 2, 3, 0, 0, 30.43%, 0, 0, 2, 332.89, 30413, 7
96, 13, 0, 3, 0, 0, 30.43%, 0, 0, 2, 333.06, 32089, 7
101, 13, 0, 3, 0, 0, 30.43%, 0, 0, 2, 326.74, 33750, 7
106, 14, 2, 3, 0, 0, 30.43%, 0, 0, 2, 331.38, 35475, 7
111, 15, 2, 3, 0, 0, 30.43%, 0, 0, 2, 331.84, 37145, 7
116, 15, 2, 3, 0, 0, 30.43%, 0, 0, 2, 330.36, 38809, 7
122, 16, 2, 3, 0, 0, 30.43%, 0, 0, 2, 328.19, 40496, 7
127, 17, 2, 3, 0, 0, 30.43%, 0, 0, 2, 329.15, 42160, 7
132, 17, 2, 3, 0, 0, 30.43%, 0, 0, 2, 333.64, 43852, 7
137, 18, 2, 3, 0, 0, 30.43%, 0, 0, 2, 334.20, 45552, 7
142, 19, 2, 3, 0, 0, 30.43%, 0, 0, 2, 331.79, 47222, 7
147, 20, 2, 3, 0, 0, 30.43%, 0, 0, 2, 334.13, 48922, 7
152, 21, 2, 3, 0, 0, 30.43%, 0, 0, 2, 333.62, 50598, 7
157, 21, 2, 3, 0, 0, 30.43%, 0, 0, 2, 335.58, 52310, 7
162, 22, 2, 3, 0, 0, 30.43%, 0, 0, 2, 333.93, 53996, 7
167, 23, 2, 3, 0, 0, 30.43%, 0, 0, 2, 334.03, 55690, 7
172, 24, 2, 3, 0, 0, 30.43%, 0, 0, 2, 334.19, 57372, 7
177, 25, 2, 3, 0, 0, 30.43%, 0, 0, 2, 333.72, 59054, 7
182, 25, 2, 3, 0, 0, 30.43%, 0, 0, 2, 333.83, 60746, 7
187, 26, 2, 3, 0, 0, 30.43%, 0, 0, 2, 328.02, 62435, 7
192, 27, 2, 3, 0, 0, 30.43%, 0, 0, 2, 333.76, 64121, 7
198, 28, 2, 3, 0, 0, 30.43%, 0, 0, 2, 333.42, 65791, 7
203, 28, 2, 3, 0, 0, 30.43%, 0, 0, 2, 333.74, 67479, 7
208, 29, 0, 3, 0, 0, 30.43%, 0, 0, 2, 330.37, 69141, 7
213, 30, 0, 3, 0, 0, 30.43%, 0, 0, 2, 331.14, 70800, 7
218, 30, 2, 3, 0, 0, 30.43%, 0, 0, 2, 330.24, 72505, 7
223, 31, 2, 3, 0, 0, 30.43%, 0, 0, 2, 332.48, 74175, 7
228, 32, 2, 3, 0, 0, 30.43%, 0, 0, 2, 334.97, 75881, 7
233, 32, 2, 3, 0, 0, 30.43%, 0, 0, 2, 334.09, 77573, 7
238, 33, 2, 3, 0, 0, 30.43%, 0, 0, 2, 334.30, 79267, 7
243, 34, 2, 3, 0, 0, 30.43%, 0, 0, 2, 331.31, 80931, 7
248, 35, 2, 3, 0, 0, 30.43%, 0, 0, 2, 333.95, 82619, 7
253, 35, 2, 3, 0, 0, 30.43%, 0, 0, 2, 334.14, 84317, 7
258, 36, 2, 3, 0, 0, 30.43%, 0, 0, 2, 334.89, 85999, 7
263, 37, 2, 3, 0, 0, 30.43%, 0, 0, 2, 333.76, 87693, 7
268, 38, 2, 3, 0, 0, 30.43%, 0, 0, 2, 333.37, 89387, 7
273, 39, 2, 3, 0, 0, 30.43%, 0, 0, 2, 332.16, 91069, 7
279, 39, 2, 3, 0, 0, 30.43%, 0, 0, 2, 333.10, 92749, 7
284, 40, 2, 3, 0, 0, 30.43%, 0, 0, 2, 333.82, 94443, 7
289, 41, 2, 3, 0, 0, 30.43%, 0, 0, 2, 332.90, 96125, 7
294, 42, 2, 3, 0, 0, 30.43%, 0, 0, 2, 333.48, 97789, 7
299, 43, 2, 3, 0, 0, 30.43%, 0, 0, 2, 332.81, 99471, 7
304, 43, 2, 3, 0, 0, 30.43%, 0, 0, 2, 332.74, 101139, 7
309, 44, 2, 3, 0, 0, 30.43%, 0, 0, 2, 332.55, 102827, 7
314, 45, 2, 3, 0, 0, 30.43%, 0, 0, 2, 333.84, 104569, 7
319, 46, 0, 3, 0, 0, 30.43%, 0, 0, 2, 328.78, 106225, 7
324, 46, 2, 3, 0, 0, 30.43%, 0, 0, 2, 330.57, 107938, 7
329, 47, 2, 3, 0, 0, 30.43%, 0, 0, 2, 332.06, 109608, 7
334, 48, 2, 3, 0, 0, 30.43%, 0, 0, 2, 332.77, 111276, 7
339, 49, 2, 3, 0, 0, 30.43%, 0, 0, 2, 333.05, 112952, 7
344, 50, 2, 3, 0, 0, 30.43%, 0, 0, 2, 333.61, 114640, 7
349, 50, 2, 3, 0, 0, 30.43%, 0, 0, 2, 333.91, 116310, 7
354, 51, 2, 3, 0, 0, 30.43%, 0, 0, 2, 333.62, 117990, 7
359, 52, 2, 3, 0, 0, 30.43%, 0, 0, 2, 332.08, 119654, 7
364, 52, 0, 3, 0, 0, 30.43%, 0, 0, 2, 321.86, 121278, 7
370, 53, 2, 3, 0, 0, 30.43%, 0, 0, 2, 330.77, 122969, 7
375, 54, 2, 3, 0, 0, 30.43%, 0, 0, 2, 333.68, 124651, 7
380, 55, 2, 3, 0, 0, 30.43%, 0, 0, 2, 332.91, 126333, 7
385, 55, 2, 3, 0, 0, 30.43%, 0, 0, 2, 335.23, 128027, 7
390, 56, 2, 3, 0, 0, 30.43%, 0, 0, 2, 333.22, 129707, 7
395, 57, 2, 3, 0, 0, 30.43%, 0, 0, 2, 332.30, 131389, 7
400, 58, 2, 3, 0, 0, 30.43%, 0, 0, 2, 333.04, 133071, 7
405, 58, 0, 3, 0, 0, 30.43%, 0, 0, 2, 332.27, 134747, 7
410, 59, 2, 3, 0, 0, 30.43%, 0, 0, 2, 330.06, 136434, 7
415, 60, 2, 3, 0, 0, 30.43%, 0, 0, 2, 332.39, 138122, 7
420, 60, 2, 3, 0, 0, 30.43%, 0, 0, 2, 333.01, 139802, 7
425, 61, 2, 3, 0, 0, 30.43%, 0, 0, 2, 333.12, 141478, 7
430, 62, 0, 3, 0, 0, 30.43%, 0, 0, 2, 331.30, 143148, 7
435, 63, 2, 3, 0, 0, 30.43%, 0, 0, 2, 330.90, 144841, 7
440, 64, 2, 3, 0, 0, 30.43%, 0, 0, 2, 331.85, 146511, 7
445, 64, 2, 3, 0, 0, 30.43%, 0, 0, 2, 334.03, 148203, 7
450, 65, 0, 3, 0, 0, 30.43%, 0, 0, 2, 331.11, 149867, 7
455, 65, 2, 3, 0, 0, 30.43%, 0, 0, 2, 330.26, 151512, 7
460, 66, 0, 3, 0, 0, 30.43%, 0, 0, 2, 330.27, 153170, 7
466, 67, 2, 3, 0, 0, 30.43%, 0, 0, 2, 328.80, 154851, 7
470, 67, 2, 3, 0, 0, 30.43%, 1, 0, 2, 324.17, 156388, 7
