# relative_time, cycles_done, cur_item, corpus_count, pending_total, pending_favs, map_size, saved_crashes, saved_hangs, max_depth, execs_per_sec, total_execs, edges_found
61, 5, 2, 3, 0, 0, 36.00%, 0, 0, 2, 319.70, 19779, 9
67, 5, 2, 3, 0, 0, 36.00%, 0, 0, 2, 319.00, 21431, 9
72, 5, 2, 3, 0, 0, 36.00%, 0, 0, 2, 318.20, 23076, 9
77, 6, 2, 3, 0, 0, 36.00%, 0, 0, 2, 319.05, 24728, 9
82, 6, 2, 3, 0, 0, 36.00%, 0, 0, 2, 319.53, 26380, 9
87, 7, 2, 3, 0, 0, 36.00%, 0, 0, 2, 318.72, 28032, 9
92, 7, 0, 3, 0, 0, 36.00%, 0, 0, 2, 319.53, 29684, 9
98, 7, 2, 3, 0, 0, 36.00%, 0, 0, 2, 320.05, 31333, 9
103, 8, 2, 3, 0, 0, 36.00%, 0, 0, 2, 318.54, 32979, 9
108, 8, 2, 3, 0, 0, 36.00%, 0, 0, 2, 319.15, 34629, 9
113, 8, 0, 3, 0, 0, 36.00%, 0, 0, 2, 319.84, 36280, 9
118, 9, 2, 3, 0, 0, 36.00%, 0, 0, 2, 319.91, 37930, 9
123, 9, 2, 3, 0, 0, 36.00%, 0, 0, 2, 317.08, 39576, 9
129, 10, 2, 3, 0, 0, 36.00%, 0, 0, 2, 318.80, 41228, 9
134, 10, 2, 3, 0, 0, 36.00%, 0, 0, 2, 318.78, 42880, 9
139, 10, 2, 3, 0, 0, 36.00%, 0, 0, 2, 319.41, 44531, 9
144, 11, 2, 3, 0, 0, 36.00%, 0, 0, 2, 318.63, 46183, 9
149, 11, 2, 3, 0, 0, 36.00%, 0, 0, 2, 319.18, 47835, 9
155, 12, 2, 3, 0, 0, 36.00%, 0, 0, 2, 319.30, 49487, 9
160, 12, 2, 3, 0, 0, 36.00%, 0, 0, 2, 318.53, 51139, 9
165, 12, 2, 3, 0, 0, 36.00%, 0, 0, 2, 318.88, 52785, 9
170, 13, 2, 3, 0, 0, 36.00%, 0, 0, 2, 318.30, 54437, 9
175, 13, 0, 3, 0, 0, 36.00%, 0, 0, 2, 318.90, 56088, 9
180, 14, 2, 3, 0, 0, 36.00%, 0, 0, 2, 318.48, 57732, 9
186, 14, 2, 3, 0, 0, 36.00%, 0, 0, 2, 318.61, 59366, 9
191, 15, 0, 3, 0, 0, 36.00%, 0, 0, 2, 320.07, 61018, 9
196, 15, 2, 3, 0, 0, 36.00%, 0, 0, 2, 320.25, 62667, 9
199, 15, 2, 3, 0, 0, 36.00%, 1, 0, 2, 309.87, 63497, 9
