# relative_time, cycles_done, cur_item, corpus_count, pending_total, pending_favs, map_size, saved_crashes, saved_hangs, max_depth, execs_per_sec, total_execs, edges_found
61, 5, 0, 1, 0, 0, 25.00%, 0, 0, 1, 325.09, 20049, 2
66, 6, 0, 1, 0, 0, 25.00%, 0, 0, 1, 325.19, 21709, 2
71, 6, 0, 1, 0, 0, 25.00%, 0, 0, 1, 327.77, 23388, 2
76, 7, 0, 1, 0, 0, 25.00%, 0, 0, 1, 325.85, 25054, 2
82, 7, 0, 1, 0, 0, 25.00%, 0, 0, 1, 326.24, 26715, 2
87, 8, 0, 1, 0, 0, 25.00%, 0, 0, 1, 326.41, 28370, 2
92, 8, 0, 1, 0, 0, 25.00%, 0, 0, 1, 324.97, 30030, 2
97, 9, 0, 1, 0, 0, 25.00%, 0, 0, 1, 325.79, 31691, 2
102, 9, 0, 1, 0, 0, 25.00%, 0, 0, 1, 324.63, 33345, 2
107, 10, 0, 1, 0, 0, 25.00%, 0, 0, 1, 324.43, 34994, 2
112, 10, 0, 1, 0, 0, 25.00%, 0, 0, 1, 326.40, 36661, 2
117, 11, 0, 1, 0, 0, 25.00%, 0, 0, 1, 326.34, 38321, 2
122, 11, 0, 1, 0, 0, 25.00%, 0, 0, 1, 325.34, 39970, 2
127, 12, 0, 1, 0, 0, 25.00%, 0, 0, 1, 324.93, 41630, 2
133, 12, 0, 1, 0, 0, 25.00%, 0, 0, 1, 325.76, 43303, 2
138, 13, 0, 1, 0, 0, 25.00%, 0, 0, 1, 325.02, 44975, 2
143, 13, 0, 1, 0, 0, 25.00%, 0, 0, 1, 325.56, 46630, 2
148, 13, 0, 1, 0, 0, 25.00%, 0, 0, 1, 324.37, 48291, 2
153, 14, 0, 1, 0, 0, 25.00%, 0, 0, 1, 325.85, 49969, 2
158, 14, 0, 1, 0, 0, 25.00%, 0, 0, 1, 324.55, 51618, 2
163, 15, 0, 1, 0, 0, 25.00%, 0, 0, 1, 325.41, 53296, 2
168, 15, 0, 1, 0, 0, 25.00%, 0, 0, 1, 325.00, 54957, 2
173, 16, 0, 1, 0, 0, 25.00%, 0, 0, 1, 323.78, 56618, 2
179, 16, 0, 1, 0, 0, 25.00%, 0, 0, 1, 326.28, 58284, 2
179, 16, 0, 1, 0, 0, 25.00%, 1, 0, 1, 318.49, 58480, 2
