# relative_time, cycles_done, cur_item, corpus_count, pending_total, pending_favs, map_size, saved_crashes, saved_hangs, max_depth, execs_per_sec, total_execs, edges_found
61, 5, 0, 1, 0, 0, 25.00%, 0, 0, 1, 324.51, 19839, 2
66, 6, 0, 1, 0, 0, 25.00%, 0, 0, 1, 322.31, 21499, 2
71, 6, 0, 1, 0, 0, 25.00%, 0, 0, 1, 321.44, 23148, 2
76, 7, 0, 1, 0, 0, 25.00%, 0, 0, 1, 321.97, 24797, 2
81, 7, 0, 1, 0, 0, 25.00%, 0, 0, 1, 322.41, 26451, 2
86, 8, 0, 1, 0, 0, 25.00%, 0, 0, 1, 323.38, 28106, 2
92, 8, 0, 1, 0, 0, 25.00%, 0, 0, 1, 323.83, 29766, 2
97, 9, 0, 1, 0, 0, 25.00%, 0, 0, 1, 322.90, 31415, 2
102, 9, 0, 1, 0, 0, 25.00%, 0, 0, 1, 324.42, 33064, 2
107, 10, 0, 1, 0, 0, 25.00%, 0, 0, 1, 324.26, 34712, 2
112, 10, 0, 1, 0, 0, 25.00%, 0, 0, 1, 324.26, 36367, 2
117, 11, 0, 1, 0, 0, 25.00%, 0, 0, 1, 324.04, 38015, 2
122, 11, 0, 1, 0, 0, 25.00%, 0, 0, 1, 323.45, 39664, 2
127, 11, 0, 1, 0, 0, 25.00%, 0, 0, 1, 321.91, 41313, 2
132, 12, 0, 1, 0, 0, 25.00%, 0, 0, 1, 323.04, 42961, 2
137, 12, 0, 1, 0, 0, 25.00%, 0, 0, 1, 322.86, 44616, 2
143, 13, 0, 1, 0, 0, 25.00%, 0, 0, 1, 323.33, 46270, 2
148, 13, 0, 1, 0, 0, 25.00%, 0, 0, 1, 324.23, 47931, 2
153, 14, 0, 1, 0, 0, 25.00%, 0, 0, 1, 323.55, 49580, 2
158, 14, 0, 1, 0, 0, 25.00%, 0, 0, 1, 322.95, 51234, 2
163, 15, 0, 1, 0, 0, 25.00%, 0, 0, 1, 323.45, 52883, 2
168, 15, 0, 1, 0, 0, 25.00%, 0, 0, 1, 320.44, 54519, 2
173, 16, 0, 1, 0, 0, 25.00%, 0, 0, 1, 321.85, 56168, 2
178, 16, 0, 1, 0, 0, 25.00%, 0, 0, 1, 323.02, 57823, 2
184, 17, 0, 1, 0, 0, 25.00%, 0, 0, 1, 321.45, 59477, 2
189, 17, 0, 1, 0, 0, 25.00%, 0, 0, 1, 323.74, 61138, 2
194, 18, 0, 1, 0, 0, 25.00%, 0, 0, 1, 323.09, 62792, 2
199, 18, 0, 1, 0, 0, 25.00%, 0, 0, 1, 323.93, 64447, 2
204, 19, 0, 1, 0, 0, 25.00%, 0, 0, 1, 320.14, 66089, 2
208, 19, 0, 1, 0, 0, 25.00%, 1, 0, 1, 313.41, 67403, 2
