# relative_time, cycles_done, cur_item, corpus_count, pending_total, pending_favs, map_size, saved_crashes, saved_hangs, max_depth, execs_per_sec, total_execs, edges_found
61, 9, 1, 2, 0, 0, 32.26%, 0, 0, 2, 326.14, 20160, 10
67, 10, 0, 2, 0, 0, 32.26%, 0, 0, 2, 323.34, 21837, 10
72, 11, 0, 2, 0, 0, 32.26%, 0, 0, 2, 326.33, 23474, 10
77, 12, 1, 2, 0, 0, 32.26%, 0, 0, 2, 325.47, 25147, 10
82, 12, 1, 2, 0, 0, 32.26%, 0, 0, 2, 323.43, 26763, 10
87, 13, 1, 2, 0, 0, 32.26%, 0, 0, 2, 326.11, 28442, 10
92, 14, 1, 2, 0, 0, 32.26%, 0, 0, 2, 325.10, 30109, 10
97, 14, 0, 2, 0, 0, 32.26%, 0, 0, 2, 322.09, 31761, 10
102, 15, 1, 2, 0, 0, 32.26%, 0, 0, 2, 326.58, 33440, 10
107, 16, 1, 2, 0, 0, 32.26%, 0, 0, 2, 324.60, 35113, 10
113, 17, 0, 2, 0, 0, 32.26%, 0, 0, 2, 322.39, 36786, 10
118, 17, 0, 2, 0, 0, 32.26%, 0, 0, 2, 324.70, 38450, 10
123, 17, 0, 2, 0, 0, 32.26%, 0, 0, 2, 322.21, 40099, 10
128, 18, 0, 2, 0, 0, 32.26%, 0, 0, 2, 321.75, 41751, 10
133, 18, 1, 2, 0, 0, 32.26%, 0, 0, 2, 322.28, 43405, 10
138, 19, 1, 2, 0, 0, 32.26%, 0, 0, 2, 323.25, 45078, 10
144, 20, 1, 2, 0, 0, 32.26%, 0, 0, 2, 325.69, 46754, 10
149, 21, 0, 2, 0, 0, 32.26%, 0, 0, 2, 326.87, 48416, 10
154, 21, 0, 2, 0, 0, 32.26%, 0, 0, 2, 322.19, 50065, 10
159, 22, 0, 2, 0, 0, 32.26%, 0, 0, 2, 320.66, 51714, 10
164, 23, 1, 2, 0, 0, 32.26%, 0, 0, 2, 328.28, 53372, 10
169, 25, 1, 2, 0, 0, 32.26%, 0, 0, 2, 329.61, 55028, 10
174, 25, 0, 2, 0, 0, 32.26%, 0, 0, 2, 323.65, 56686, 10
179, 26, 1, 2, 0, 0, 32.26%, 0, 0, 2, 326.60, 58377, 10
184, 27, 1, 2, 0, 0, 32.26%, 0, 0, 2, 323.86, 60050, 10
190, 28, 1, 2, 0, 0, 32.26%, 0, 0, 2, 328.34, 61748, 10
195, 30, 0, 2, 0, 0, 32.26%, 0, 0, 2, 327.65, 63458, 10
200, 30, 1, 2, 0, 0, 32.26%, 0, 0, 2, 325.29, 65122, 10
205, 32, 0, 2, 0, 0, 32.26%, 0, 0, 2, 326.83, 66820, 10
210, 32, 0, 2, 0, 0, 32.26%, 0, 0, 2, 324.32, 68490, 10
216, 33, 0, 2, 0, 0, 32.26%, 0, 0, 2, 322.90, 70160, 10
221, 34, 0, 2, 0, 0, 32.26%, 0, 0, 2, 325.17, 71848, 10
226, 34, 1, 2, 0, 0, 32.26%, 0, 0, 2, 326.26, 73527, 10
231, 35, 0, 2, 0, 0, 32.26%, 0, 0, 2, 321.69, 75191, 10
236, 35, 0, 2, 0, 0, 32.26%, 0, 0, 2, 322.71, 76849, 10
241, 36, 0, 2, 0, 0, 32.26%, 0, 0, 2, 324.63, 78537, 10
247, 37, 0, 2, 0, 0, 32.26%, 0, 0, 2, 322.24, 80192, 10
252, 38, 0, 2, 0, 0, 32.26%, 0, 0, 2, 326.80, 81889, 10
257, 38, 1, 2, 0, 0, 32.26%, 0, 0, 2, 326.52, 83565, 10
262, 40, 0, 2, 0, 0, 32.26%, 0, 0, 2, 328.04, 85281, 10
267, 40, 0, 2, 0, 0, 32.26%, 0, 0, 2, 322.30, 86930, 10
272, 40, 0, 2, 0, 0, 32.26%, 0, 0, 2, 322.33, 88579, 10
277, 41, 0, 2, 0, 0, 32.26%, 0, 0, 2, 322.17, 90198, 10
283, 42, 0, 2, 0, 0, 32.26%, 0, 0, 2, 323.44, 91883, 10
288, 43, 0, 2, 0, 0, 32.26%, 0, 0, 2, 324.77, 93553, 10
293, 44, 0, 2, 0, 0, 32.26%, 0, 0, 2, 324.62, 95226, 10
298, 44, 0, 2, 0, 0, 32.26%, 0, 0, 2, 324.32, 96899, 10
303, 45, 1, 2, 0, 0, 32.26%, 0, 0, 2, 327.63, 98587, 10
308, 46, 0, 2, 0, 0, 32.26%, 0, 0, 2, 323.71, 100261, 10
313, 47, 0, 2, 0, 0, 32.26%, 0, 0, 2, 327.50, 101913, 10
318, 48, 0, 2, 0, 0, 32.26%, 0, 0, 2, 312.18, 103520, 10
324, 48, 0, 2, 0, 0, 32.26%, 0, 0, 2, 320.20, 105178, 10
329, 49, 0, 2, 0, 0, 32.26%, 0, 0, 2, 324.53, 106854, 10
334, 50, 1, 2, 0, 0, 32.26%, 0, 0, 2, 324.84, 108524, 10
339, 51, 1, 2, 0, 0, 32.26%, 0, 0, 2, 328.05, 110225, 10
344, 52, 0, 2, 0, 0, 32.26%, 0, 0, 2, 323.45, 111896, 10
349, 53, 0, 2, 0, 0, 32.26%, 0, 0, 2, 322.31, 113565, 10
355, 53, 0, 2, 0, 0, 32.26%, 0, 0, 2, 321.96, 115214, 10
360, 54, 1, 2, 0, 0, 32.26%, 0, 0, 2, 325.45, 116896, 10
365, 55, 0, 2, 0, 0, 32.26%, 0, 0, 2, 323.62, 118561, 10
370, 56, 1, 2, 0, 0, 32.26%, 0, 0, 2, 328.90, 120279, 10
375, 57, 1, 2, 0, 0, 32.26%, 0, 0, 2, 324.84, 121939, 10
380, 58, 0, 2, 0, 0, 32.26%, 0, 0, 2, 323.49, 123575, 10
385, 59, 1, 2, 0, 0, 32.26%, 0, 0, 2, 327.92, 125278, 10
391, 60, 0, 2, 0, 0, 32.26%, 0, 0, 2, 324.11, 126949, 10
396, 60, 0, 2, 0, 0, 32.26%, 0, 0, 2, 322.42, 128607, 10
401, 61, 0, 2, 0, 0, 32.26%, 0, 0, 2, 322.59, 130274, 10
406, 62, 0, 2, 0, 0, 32.26%, 0, 0, 2, 321.37, 131922, 10
411, 62, 1, 2, 0, 0, 32.26%, 0, 0, 2, 325.97, 133601, 10
416, 64, 1, 2, 0, 0, 32.26%, 0, 0, 2, 329.20, 135305, 10
421, 65, 0, 2, 0, 0, 32.26%, 0, 0, 2, 325.09, 136966, 10
427, 65, 1, 2, 0, 0, 32.26%, 0, 0, 2, 325.40, 138639, 10
432, 67, 1, 2, 0, 0, 32.26%, 0, 0, 2, 329.76, 140360, 10
437, 67, 1, 2, 0, 0, 32.26%, 0, 0, 2, 324.09, 142025, 10
442, 68, 0, 2, 0, 0, 32.26%, 0, 0, 2, 322.37, 143692, 10
447, 68, 0, 2, 0, 0, 32.26%, 0, 0, 2, 321.59, 145341, 10
452, 69, 1, 2, 0, 0, 32.26%, 0, 0, 2, 327.61, 147035, 10
458, 71, 1, 2, 0, 0, 32.26%, 0, 0, 2, 325.73, 148715, 10
463, 72, 0, 2, 0, 0, 32.26%, 0, 0, 2, 328.77, 150377, 10
468, 73, 1, 2, 0, 0, 32.26%, 0, 0, 2, 327.39, 152062, 10
473, 74, 1, 2, 0, 0, 32.26%, 0, 0, 2, 324.58, 153738, 10
478, 75, 0, 2, 0, 0, 32.26%, 0, 0, 2, 326.06, 155379, 10
483, 75, 0, 2, 0, 0, 32.26%, 0, 0, 2, 321.40, 157034, 10
488, 76, 1, 2, 0, 0, 32.26%, 0, 0, 2, 328.73, 158749, 10
494, 77, 0, 2, 0, 0, 32.26%, 0, 0, 2, 324.18, 160426, 10
499, 78, 0, 2, 0, 0, 32.26%, 0, 0, 2, 323.12, 162093, 10
504, 79, 0, 2, 0, 0, 32.26%, 0, 0, 2, 324.23, 163775, 10
509, 79, 0, 2, 0, 0, 32.26%, 0, 0, 2, 322.13, 165445, 10
514, 80, 1, 2, 0, 0, 32.26%, 0, 0, 2, 321.45, 167093, 10
519, 81, 0, 2, 0, 0, 32.26%, 0, 0, 2, 324.88, 168791, 10
525, 81, 0, 2, 0, 0, 32.26%, 0, 0, 2, 323.14, 170467, 10
530, 83, 0, 2, 0, 0, 32.26%, 0, 0, 2, 325.56, 172164, 10
535, 83, 0, 2, 0, 0, 32.26%, 0, 0, 2, 321.83, 173813, 10
540, 84, 1, 2, 0, 0, 32.26%, 0, 0, 2, 326.87, 175453, 10
545, 85, 1, 2, 0, 0, 32.26%, 0, 0, 2, 325.07, 177132, 10
550, 86, 1, 2, 0, 0, 32.26%, 0, 0, 2, 329.42, 178848, 10
555, 88, 1, 2, 0, 0, 32.26%, 0, 0, 2, 327.96, 180498, 10
560, 89, 1, 2, 0, 0, 32.26%, 0, 0, 2, 329.29, 182202, 10
566, 90, 1, 2, 0, 0, 32.26%, 0, 0, 2, 329.71, 183915, 10
571, 91, 0, 2, 0, 0, 32.26%, 0, 0, 2, 323.93, 185586, 10
576, 92, 0, 2, 0, 0, 32.26%, 0, 0, 2, 325.09, 187277, 10
581, 93, 1, 2, 0, 0, 32.26%, 0, 0, 2, 327.43, 188953, 10
586, 95, 1, 2, 0, 0, 32.26%, 0, 0, 2, 329.44, 190663, 10
591, 96, 0, 2, 0, 0, 32.26%, 0, 0, 2, 326.16, 192337, 10
595, 96, 0, 2, 0, 0, 32.26%, 1, 0, 2, 46.36, 193342, 10
