# relative_time, cycles_done, cur_item, corpus_count, pending_total, pending_favs, map_size, saved_crashes, saved_hangs, max_depth, execs_per_sec, total_execs, edges_found
61, 5, 0, 1, 0, 0, 25.00%, 0, 0, 1, 325.34, 20049, 2
66, 6, 0, 1, 0, 0, 25.00%, 0, 0, 1, 324.26, 21709, 2
71, 6, 0, 1, 0, 0, 25.00%, 0, 0, 1, 325.32, 23364, 2
76, 7, 0, 1, 0, 0, 25.00%, 0, 0, 1, 326.14, 25030, 2
82, 7, 0, 1, 0, 0, 25.00%, 0, 0, 1, 325.47, 26697, 2
87, 8, 0, 1, 0, 0, 25.00%, 0, 0, 1, 326.30, 28358, 2
92, 8, 0, 1, 0, 0, 25.00%, 0, 0, 1, 324.34, 30024, 2
97, 9, 0, 1, 0, 0, 25.00%, 0, 0, 1, 326.06, 31679, 2
102, 9, 0, 1, 0, 0, 25.00%, 0, 0, 1, 326.60, 33345, 2
107, 10, 0, 1, 0, 0, 25.00%, 0, 0, 1, 325.82, 35000, 2
112, 10, 0, 1, 0, 0, 25.00%, 0, 0, 1, 327.03, 36702, 2
117, 11, 0, 1, 0, 0, 25.00%, 1, 0, 1, 316.77, 38282, 2
