# relative_time, cycles_done, cur_item, corpus_count, pending_total, pending_favs, map_size, saved_crashes, saved_hangs, max_depth, execs_per_sec, total_execs, edges_found
61, 9, 0, 3, 0, 0, 36.00%, 0, 0, 2, 324.41, 20069, 9
66, 10, 0, 3, 0, 0, 36.00%, 0, 0, 2, 322.56, 21733, 9
71, 11, 2, 3, 0, 0, 36.00%, 0, 0, 2, 328.51, 23445, 9
76, 12, 2, 3, 0, 0, 36.00%, 0, 0, 2, 329.88, 25107, 9
81, 13, 0, 3, 0, 0, 36.00%, 0, 0, 2, 323.05, 26781, 9
87, 14, 2, 3, 0, 0, 36.00%, 0, 0, 2, 330.36, 28463, 9
92, 15, 0, 3, 0, 0, 36.00%, 0, 0, 2, 325.90, 30098, 9
97, 16, 0, 3, 0, 0, 36.00%, 0, 0, 2, 326.91, 31795, 9
102, 16, 2, 3, 0, 0, 36.00%, 0, 0, 2, 326.54, 33474, 9
107, 18, 0, 3, 0, 0, 36.00%, 0, 0, 2, 327.60, 35187, 9
108, 18, 0, 3, 0, 0, 36.00%, 1, 0, 2, 314.34, 35344, 9
