# relative_time, cycles_done, cur_item, corpus_count, pending_total, pending_favs, map_size, saved_crashes, saved_hangs, max_depth, execs_per_sec, total_execs, edges_found
61, 8, 2, 3, 0, 0, 30.43%, 0, 0, 2, 326.96, 20244, 7
66, 8, 0, 3, 0, 0, 30.43%, 0, 0, 2, 329.10, 21900, 7
71, 9, 2, 3, 0, 0, 30.43%, 0, 0, 2, 329.06, 23593, 7
76, 9, 0, 3, 0, 0, 30.43%, 0, 0, 2, 325.84, 25285, 7
81, 10, 2, 3, 0, 0, 30.43%, 0, 0, 2, 331.37, 26956, 7
86, 11, 2, 3, 0, 0, 30.43%, 0, 0, 2, 331.64, 28680, 7
91, 11, 2, 3, 0, 0, 30.43%, 0, 0, 2, 326.42, 30349, 7
96, 12, 2, 3, 0, 0, 30.43%, 0, 0, 2, 332.55, 32031, 7
102, 13, 2, 3, 0, 0, 30.43%, 0, 0, 2, 332.12, 33707, 7
107, 14, 2, 3, 0, 0, 30.43%, 0, 0, 2, 331.50, 35365, 7
112, 14, 2, 3, 0, 0, 30.43%, 0, 0, 2, 332.71, 37053, 7
117, 15, 2, 3, 0, 0, 30.43%, 0, 0, 2, 331.89, 38739, 7
122, 16, 2, 3, 0, 0, 30.43%, 0, 0, 2, 330.40, 40415, 7
127, 17, 2, 3, 0, 0, 30.43%, 0, 0, 2, 331.58, 42091, 7
132, 17, 2, 3, 0, 0, 30.43%, 0, 0, 2, 327.24, 43772, 7
137, 18, 2, 3, 0, 0, 30.43%, 0, 0, 2, 330.58, 45496, 7
142, 19, 2, 3, 0, 0, 30.43%, 0, 0, 2, 331.47, 47178, 7
147, 20, 2, 3, 0, 0, 30.43%, 0, 0, 2, 330.17, 48884, 7
152, 20, 2, 3, 0, 0, 30.43%, 0, 0, 2, 330.27, 50546, 7
157, 21, 2, 3, 0, 0, 30.43%, 0, 0, 2, 332.21, 52228, 7
163, 22, 2, 3, 0, 0, 30.43%, 0, 0, 2, 331.68, 53958, 7
168, 23, 2, 3, 0, 0, 30.43%, 0, 0, 2, 330.50, 55610, 7
173, 23, 2, 3, 0, 0, 30.43%, 0, 0, 2, 331.41, 57290, 7
178, 24, 2, 3, 0, 0, 30.43%, 0, 0, 2, 332.57, 58966, 7
183, 25, 0, 3, 0, 0, 30.43%, 0, 0, 2, 326.93, 60652, 7
188, 26, 2, 3, 0, 0, 30.43%, 0, 0, 2, 329.76, 62359, 7
193, 26, 2, 3, 0, 0, 30.43%, 0, 0, 2, 323.54, 63992, 7
198, 27, 2, 3, 0, 0, 30.43%, 0, 0, 2, 328.86, 65651, 7
203, 28, 2, 3, 0, 0, 30.43%, 0, 0, 2, 331.73, 67327, 7
208, 28, 2, 3, 0, 0, 30.43%, 0, 0, 2, 331.80, 68989, 7
213, 29, 2, 3, 0, 0, 30.43%, 0, 0, 2, 333.28, 70671, 7
218, 30, 2, 3, 0, 0, 30.43%, 0, 0, 2, 332.42, 72335, 7
224, 31, 1, 3, 0, 0, 30.43%, 0, 0, 2, 330.94, 74053, 7
229, 32, 2, 3, 0, 0, 30.43%, 0, 0, 2, 331.27, 75709, 7
234, 33, 2, 3, 0, 0, 30.43%, 0, 0, 2, 332.74, 77391, 7
239, 33, 2, 3, 0, 0, 30.43%, 0, 0, 2, 331.54, 79061, 7
244, 34, 2, 3, 0, 0, 30.43%, 0, 0, 2, 331.86, 80789, 7
249, 35, 2, 3, 0, 0, 30.43%, 0, 0, 2, 332.00, 82471, 7
254, 36, 0, 3, 0, 0, 30.43%, 0, 0, 2, 330.63, 84189, 7
259, 36, 2, 3, 0, 0, 30.43%, 0, 0, 2, 329.05, 85882, 7
264, 37, 2, 3, 0, 0, 30.43%, 0, 0, 2, 332.02, 87564, 7
270, 38, 2, 3, 0, 0, 30.43%, 0, 0, 2, 332.38, 89282, 7
275, 39, 2, 3, 0, 0, 30.43%, 0, 0, 2, 332.17, 90958, 7
280, 39, 2, 3, 0, 0, 30.43%, 0, 0, 2, 331.19, 92620, 7
285, 40, 2, 3, 0, 0, 30.43%, 0, 0, 2, 332.36, 94302, 7
290, 41, 0, 3, 0, 0, 30.43%, 0, 0, 2, 325.33, 95980, 7
295, 41, 0, 3, 0, 0, 30.43%, 0, 0, 2, 327.34, 97629, 7
300, 42, 2, 3, 0, 0, 30.43%, 0, 0, 2, 329.68, 99334, 7
305, 42, 2, 3, 0, 0, 30.43%, 0, 0, 2, 327.90, 101021, 7
310, 43, 2, 3, 0, 0, 30.43%, 0, 0, 2, 331.88, 102709, 7
316, 44, 0, 3, 0, 0, 30.43%, 0, 0, 2, 329.73, 104415, 7
321, 44, 2, 3, 0, 0, 30.43%, 0, 0, 2, 325.28, 106084, 7
326, 45, 0, 3, 0, 0, 30.43%, 0, 0, 2, 328.98, 107742, 7
331, 45, 2, 3, 0, 0, 30.43%, 0, 0, 2, 327.43, 109363, 7
336, 46, 2, 3, 0, 0, 30.43%, 0, 0, 2, 329.98, 111081, 7
341, 47, 2, 3, 0, 0, 30.43%, 0, 0, 2, 332.18, 112805, 7
346, 47, 0, 3, 0, 0, 30.43%, 0, 0, 2, 324.52, 114489, 7
351, 48, 2, 3, 0, 0, 30.43%, 0, 0, 2, 329.63, 116150, 7
356, 49, 0, 3, 0, 0, 30.43%, 1, 0, 2, 15.04, 117506, 7
