# relative_time, cycles_done, cur_item, corpus_count, pending_total, pending_favs, map_size, saved_crashes, saved_hangs, max_depth, execs_per_sec, total_execs, edges_found
61, 5, 0, 1, 0, 0, 25.00%, 0, 0, 1, 324.79, 20013, 2
66, 6, 0, 1, 0, 0, 25.00%, 0, 0, 1, 324.30, 21691, 2
71, 6, 0, 1, 0, 0, 25.00%, 0, 0, 1, 325.76, 23388, 2
76, 7, 0, 1, 0, 0, 25.00%, 0, 0, 1, 326.29, 25066, 2
82, 7, 0, 1, 0, 0, 25.00%, 0, 0, 1, 325.02, 26715, 2
87, 8, 0, 1, 0, 0, 25.00%, 0, 0, 1, 325.05, 28376, 2
92, 8, 0, 1, 0, 0, 25.00%, 0, 0, 1, 326.07, 30054, 2
97, 9, 0, 1, 0, 0, 25.00%, 0, 0, 1, 325.64, 31715, 2
102, 9, 0, 1, 0, 0, 25.00%, 0, 0, 1, 326.42, 33399, 2
107, 10, 0, 1, 0, 0, 25.00%, 0, 0, 1, 324.93, 35060, 2
112, 10, 0, 1, 0, 0, 25.00%, 0, 0, 1, 324.42, 36720, 2
117, 11, 0, 1, 0, 0, 25.00%, 0, 0, 1, 324.86, 38393, 2
123, 11, 0, 1, 0, 0, 25.00%, 0, 0, 1, 319.67, 40036, 2
128, 12, 0, 1, 0, 0, 25.00%, 0, 0, 1, 323.56, 41702, 2
133, 12, 0, 1, 0, 0, 25.00%, 0, 0, 1, 325.76, 43381, 2
138, 13, 0, 1, 0, 0, 25.00%, 0, 0, 1, 325.21, 45035, 2
143, 13, 0, 1, 0, 0, 25.00%, 0, 0, 1, 325.51, 46702, 2
148, 13, 0, 1, 0, 0, 25.00%, 0, 0, 1, 326.79, 48363, 2
153, 14, 0, 1, 0, 0, 25.00%, 0, 0, 1, 326.27, 50029, 2
158, 14, 0, 1, 0, 0, 25.00%, 0, 0, 1, 327.35, 51702, 2
163, 15, 0, 1, 0, 0, 25.00%, 0, 0, 1, 319.10, 53314, 2
169, 15, 0, 1, 0, 0, 25.00%, 0, 0, 1, 324.26, 54981, 2
174, 16, 0, 1, 0, 0, 25.00%, 0, 0, 1, 326.33, 56648, 2
179, 16, 0, 1, 0, 0, 25.00%, 0, 0, 1, 326.02, 58314, 2
184, 17, 0, 1, 0, 0, 25.00%, 0, 0, 1, 324.72, 59969, 2
189, 17, 0, 1, 0, 0, 25.00%, 0, 0, 1, 330.58, 61671, 2
194, 18, 0, 1, 0, 0, 25.00%, 0, 0, 1, 327.15, 63338, 2
199, 18, 0, 1, 0, 0, 25.00%, 0, 0, 1, 325.12, 65004, 2
204, 19, 0, 1, 0, 0, 25.00%, 0, 0, 1, 325.42, 66665, 2
209, 19, 0, 1, 0, 0, 25.00%, 0, 0, 1, 326.27, 68332, 2
215, 20, 0, 1, 0, 0, 25.00%, 0, 0, 1, 326.33, 69998, 2
220, 20, 0, 1, 0, 0, 25.00%, 0, 0, 1, 324.74, 71659, 2
225, 21, 0, 1, 0, 0, 25.00%, 0, 0, 1, 321.86, 73307, 2
230, 21, 0, 1, 0, 0, 25.00%, 0, 0, 1, 322.08, 74956, 2
235, 21, 0, 1, 0, 0, 25.00%, 0, 0, 1, 322.24, 76605, 2
240, 22, 0, 1, 0, 0, 25.00%, 0, 0, 1, 321.99, 78265, 2
245, 22, 0, 1, 0, 0, 25.00%, 0, 0, 1, 322.28, 79908, 2
250, 23, 0, 1, 0, 0, 25.00%, 0, 0, 1, 321.61, 81556, 2
256, 23, 0, 1, 0, 0, 25.00%, 0, 0, 1, 321.41, 83205, 2
261, 24, 0, 1, 0, 0, 25.00%, 0, 0, 1, 322.03, 84860, 2
266, 24, 0, 1, 0, 0, 25.00%, 0, 0, 1, 322.16, 86520, 2
271, 25, 0, 1, 0, 0, 25.00%, 0, 0, 1, 322.33, 88175, 2
276, 25, 0, 1, 0, 0, 25.00%, 0, 0, 1, 322.42, 89829, 2
281, 26, 0, 1, 0, 0, 25.00%, 0, 0, 1, 322.50, 91478, 2
286, 26, 0, 1, 0, 0, 25.00%, 0, 0, 1, 322.81, 93126, 2
291, 27, 0, 1, 0, 0, 25.00%, 0, 0, 1, 318.50, 94745, 2
297, 27, 0, 1, 0, 0, 25.00%, 0, 0, 1, 321.57, 96400, 2
302, 28, 0, 1, 0, 0, 25.00%, 0, 0, 1, 321.72, 98048, 2
307, 28, 0, 1, 0, 0, 25.00%, 0, 0, 1, 322.32, 99703, 2
312, 29, 0, 1, 0, 0, 25.00%, 0, 0, 1, 323.18, 101357, 2
317, 29, 0, 1, 0, 0, 25.00%, 0, 0, 1, 322.32, 103012, 2
322, 29, 0, 1, 0, 0, 25.00%, 0, 0, 1, 323.04, 104673, 2
327, 30, 0, 1, 0, 0, 25.00%, 0, 0, 1, 324.83, 106321, 2
332, 30, 0, 1, 0, 0, 25.00%, 0, 0, 1, 322.58, 107964, 2
338, 31, 0, 1, 0, 0, 25.00%, 0, 0, 1, 323.46, 109612, 2
343, 31, 0, 1, 0, 0, 25.00%, 0, 0, 1, 323.77, 111267, 2
348, 32, 0, 1, 0, 0, 25.00%, 0, 0, 1, 323.62, 112922, 2
353, 32, 0, 1, 0, 0, 25.00%, 0, 0, 1, 323.88, 114576, 2
358, 33, 0, 1, 0, 0, 25.00%, 0, 0, 1, 323.34, 116225, 2
363, 33, 0, 1, 0, 0, 25.00%, 0, 0, 1, 321.89, 117879, 2
368, 34, 0, 1, 0, 0, 25.00%, 0, 0, 1, 322.55, 119528, 2
373, 34, 0, 1, 0, 0, 25.00%, 0, 0, 1, 322.89, 121177, 2
378, 35, 0, 1, 0, 0, 25.00%, 0, 0, 1, 323.08, 122831, 2
384, 35, 0, 1, 0, 0, 25.00%, 0, 0, 1, 323.21, 124480, 2
389, 36, 0, 1, 0, 0, 25.00%, 0, 0, 1, 324.10, 126140, 2
394, 36, 0, 1, 0, 0, 25.00%, 0, 0, 1, 323.48, 127795, 2
399, 36, 0, 1, 0, 0, 25.00%, 0, 0, 1, 322.86, 129456, 2
404, 37, 0, 1, 0, 0, 25.00%, 0, 0, 1, 323.24, 131110, 2
409, 37, 0, 1, 0, 0, 25.00%, 0, 0, 1, 324.67, 132759, 2
414, 38, 0, 1, 0, 0, 25.00%, 0, 0, 1, 323.13, 134413, 2
419, 38, 0, 1, 0, 0, 25.00%, 0, 0, 1, 323.57, 136062, 2
425, 39, 0, 1, 0, 0, 25.00%, 0, 0, 1, 319.98, 137705, 2
430, 39, 0, 1, 0, 0, 25.00%, 0, 0, 1, 322.27, 139353, 2
435, 40, 0, 1, 0, 0, 25.00%, 0, 0, 1, 322.35, 141008, 2
440, 40, 0, 1, 0, 0, 25.00%, 0, 0, 1, 322.15, 142662, 2
445, 41, 0, 1, 0, 0, 25.00%, 0, 0, 1, 322.45, 144317, 2
450, 41, 0, 1, 0, 0, 25.00%, 0, 0, 1, 323.27, 145977, 2
455, 42, 0, 1, 0, 0, 25.00%, 0, 0, 1, 322.88, 147626, 2
460, 42, 0, 1, 0, 0, 25.00%, 0, 0, 1, 322.75, 149293, 2
466, 43, 0, 1, 0, 0, 25.00%, 0, 0, 1, 323.46, 150941, 2
471, 43, 0, 1, 0, 0, 25.00%, 0, 0, 1, 323.62, 152590, 2
476, 44, 0, 1, 0, 0, 25.00%, 0, 0, 1, 323.22, 154250, 2
481, 44, 0, 1, 0, 0, 25.00%, 0, 0, 1, 322.67, 155905, 2
486, 44, 0, 1, 0, 0, 25.00%, 0, 0, 1, 321.54, 157566, 2
491, 45, 0, 1, 0, 0, 25.00%, 0, 0, 1, 320.69, 159202, 2
496, 45, 0, 1, 0, 0, 25.00%, 0, 0, 1, 322.77, 160851, 2
501, 46, 0, 1, 0, 0, 25.00%, 0, 0, 1, 321.91, 162499, 2
507, 46, 0, 1, 0, 0, 25.00%, 0, 0, 1, 323.19, 164148, 2
512, 47, 0, 1, 0, 0, 25.00%, 0, 0, 1, 323.23, 165797, 2
517, 47, 0, 1, 0, 0, 25.00%, 0, 0, 1, 322.86, 167445, 2
522, 48, 0, 1, 0, 0, 25.00%, 0, 0, 1, 322.15, 169088, 2
527, 48, 0, 1, 0, 0, 25.00%, 0, 0, 1, 321.89, 170736, 2
532, 49, 0, 1, 0, 0, 25.00%, 0, 0, 1, 322.93, 172385, 2
537, 49, 0, 1, 0, 0, 25.00%, 0, 0, 1, 322.62, 174034, 2
542, 50, 0, 1, 0, 0, 25.00%, 0, 0, 1, 323.45, 175682, 2
547, 50, 0, 1, 0, 0, 25.00%, 0, 0, 1, 322.71, 177331, 2
553, 51, 0, 1, 0, 0, 25.00%, 0, 0, 1, 320.79, 178985, 2
558, 51, 0, 1, 0, 0, 25.00%, 0, 0, 1, 324.68, 180640, 2
563, 51, 0, 1, 0, 0, 25.00%, 0, 0, 1, 325.84, 182301, 2
568, 52, 0, 1, 0, 0, 25.00%, 0, 0, 1, 324.14, 183943, 2
573, 52, 0, 1, 0, 0, 25.00%, 0, 0, 1, 326.76, 185616, 2
578, 53, 0, 1, 0, 0, 25.00%, 0, 0, 1, 326.54, 187300, 2
583, 53, 0, 1, 0, 0, 25.00%, 0, 0, 1, 324.46, 188955, 2
588, 54, 0, 1, 0, 0, 25.00%, 0, 0, 1, 314.32, 190586, 2
594, 54, 0, 1, 0, 0, 25.00%, 0, 0, 1, 319.83, 192210, 2
599, 55, 0, 1, 0, 0, 25.00%, 0, 0, 1, 324.89, 193883, 2
604, 55, 0, 1, 0, 0, 25.00%, 0, 0, 1, 324.25, 195537, 2
609, 56, 0, 1, 0, 0, 25.00%, 0, 0, 1, 324.18, 197198, 2
614, 56, 0, 1, 0, 0, 25.00%, 0, 0, 1, 324.97, 198852, 2
619, 57, 0, 1, 0, 0, 25.00%, 0, 0, 1, 326.33, 200513, 2
624, 57, 0, 1, 0, 0, 25.00%, 0, 0, 1, 325.21, 202180, 2
629, 58, 0, 1, 0, 0, 25.00%, 0, 0, 1, 324.76, 203834, 2
634, 58, 0, 1, 0, 0, 25.00%, 0, 0, 1, 324.23, 205489, 2
640, 59, 0, 1, 0, 0, 25.00%, 0, 0, 1, 321.92, 207131, 2
645, 59, 0, 1, 0, 0, 25.00%, 0, 0, 1, 325.45, 208786, 2
650, 59, 0, 1, 0, 0, 25.00%, 0, 0, 1, 324.79, 210441, 2
655, 60, 0, 1, 0, 0, 25.00%, 0, 0, 1, 324.35, 212107, 2
660, 60, 0, 1, 0, 0, 25.00%, 0, 0, 1, 325.15, 213762, 2
665, 61, 0, 1, 0, 0, 25.00%, 0, 0, 1, 322.78, 215410, 2
670, 61, 0, 1, 0, 0, 25.00%, 0, 0, 1, 324.69, 217077, 2
675, 62, 0, 1, 0, 0, 25.00%, 0, 0, 1, 324.47, 218738, 2
680, 62, 0, 1, 0, 0, 25.00%, 0, 0, 1, 324.00, 220392, 2
685, 63, 0, 1, 0, 0, 25.00%, 0, 0, 1, 324.87, 222059, 2
691, 63, 0, 1, 0, 0, 25.00%, 0, 0, 1, 324.79, 223731, 2
696, 64, 0, 1, 0, 0, 25.00%, 0, 0, 1, 324.94, 225392, 2
701, 64, 0, 1, 0, 0, 25.00%, 0, 0, 1, 325.23, 227046, 2
706, 65, 0, 1, 0, 0, 25.00%, 0, 0, 1, 324.58, 228701, 2
711, 65, 0, 1, 0, 0, 25.00%, 0, 0, 1, 325.20, 230368, 2
716, 66, 0, 1, 0, 0, 25.00%, 0, 0, 1, 326.07, 232046, 2
721, 66, 0, 1, 0, 0, 25.00%, 0, 0, 1, 325.15, 233713, 2
722, 66, 0, 1, 0, 0, 25.00%, 1, 0, 1, 315.84, 233894, 2
