# relative_time, cycles_done, cur_item, corpus_count, pending_total, pending_favs, map_size, saved_crashes, saved_hangs, max_depth, execs_per_sec, total_execs, edges_found
61, 5, 0, 1, 0, 0, 25.00%, 0, 0, 1, 326.43, 20055, 2
66, 6, 0, 1, 0, 0, 25.00%, 0, 0, 1, 327.35, 21733, 2
71, 6, 0, 1, 0, 0, 25.00%, 0, 0, 1, 326.91, 23424, 2
76, 7, 0, 1, 0, 0, 25.00%, 0, 0, 1, 328.12, 25114, 2
81, 7, 0, 1, 0, 0, 25.00%, 0, 0, 1, 328.10, 26805, 2
87, 8, 0, 1, 0, 0, 25.00%, 0, 0, 1, 327.80, 28489, 2
92, 8, 0, 1, 0, 0, 25.00%, 0, 0, 1, 326.76, 30156, 2
97, 9, 0, 1, 0, 0, 25.00%, 0, 0, 1, 325.69, 31847, 2
102, 9, 0, 1, 0, 0, 25.00%, 0, 0, 1, 325.78, 33519, 2
107, 10, 0, 1, 0, 0, 25.00%, 0, 0, 1, 326.05, 35186, 2
112, 10, 0, 1, 0, 0, 25.00%, 0, 0, 1, 327.31, 36876, 2
117, 11, 0, 1, 0, 0, 25.00%, 0, 0, 1, 325.74, 38543, 2
123, 11, 0, 1, 0, 0, 25.00%, 0, 0, 1, 326.41, 40233, 2
128, 12, 0, 1, 0, 0, 25.00%, 0, 0, 1, 327.09, 41918, 2
133, 12, 0, 1, 0, 0, 25.00%, 0, 0, 1, 326.84, 43585, 2
138, 13, 0, 1, 0, 0, 25.00%, 0, 0, 1, 326.05, 45251, 2
143, 13, 0, 1, 0, 0, 25.00%, 0, 0, 1, 326.87, 46936, 2
148, 14, 0, 1, 0, 0, 25.00%, 0, 0, 1, 326.91, 48608, 2
153, 14, 0, 1, 0, 0, 25.00%, 0, 0, 1, 327.36, 50281, 2
159, 14, 0, 1, 0, 0, 25.00%, 0, 0, 1, 322.14, 51942, 2
164, 15, 0, 1, 0, 0, 25.00%, 0, 0, 1, 325.66, 53608, 2
169, 15, 0, 1, 0, 0, 25.00%, 0, 0, 1, 326.66, 55287, 2
174, 16, 0, 1, 0, 0, 25.00%, 0, 0, 1, 327.27, 56995, 2
179, 16, 0, 1, 0, 0, 25.00%, 0, 0, 1, 326.60, 58656, 2
184, 17, 0, 1, 0, 0, 25.00%, 0, 0, 1, 327.29, 60328, 2
189, 17, 0, 1, 0, 0, 25.00%, 0, 0, 1, 325.04, 61989, 2
194, 18, 0, 1, 0, 0, 25.00%, 0, 0, 1, 326.56, 63650, 2
199, 18, 0, 1, 0, 0, 25.00%, 0, 0, 1, 327.67, 65334, 2
205, 19, 0, 1, 0, 0, 25.00%, 0, 0, 1, 325.40, 67001, 2
210, 19, 0, 1, 0, 0, 25.00%, 0, 0, 1, 326.39, 68667, 2
215, 20, 0, 1, 0, 0, 25.00%, 0, 0, 1, 325.68, 70334, 2
220, 20, 0, 1, 0, 0, 25.00%, 0, 0, 1, 327.11, 72006, 2
225, 21, 0, 1, 0, 0, 25.00%, 0, 0, 1, 328.13, 73679, 2
230, 21, 0, 1, 0, 0, 25.00%, 0, 0, 1, 324.89, 75328, 2
235, 22, 0, 1, 0, 0, 25.00%, 0, 0, 1, 321.97, 76976, 2
240, 22, 0, 1, 0, 0, 25.00%, 0, 0, 1, 324.85, 78649, 2
246, 23, 0, 1, 0, 0, 25.00%, 0, 0, 1, 326.31, 80345, 2
251, 23, 0, 1, 0, 0, 25.00%, 0, 0, 1, 327.49, 82030, 2
256, 24, 0, 1, 0, 0, 25.00%, 0, 0, 1, 327.30, 83702, 2
261, 24, 0, 1, 0, 0, 25.00%, 0, 0, 1, 328.24, 85381, 2
266, 24, 0, 1, 0, 0, 25.00%, 0, 0, 1, 327.34, 87066, 2
271, 25, 0, 1, 0, 0, 25.00%, 0, 0, 1, 321.61, 88720, 2
276, 25, 0, 1, 0, 0, 25.00%, 0, 0, 1, 323.68, 90363, 2
282, 26, 0, 1, 0, 0, 25.00%, 0, 0, 1, 326.74, 92047, 2
287, 26, 0, 1, 0, 0, 25.00%, 0, 0, 1, 326.72, 93720, 2
292, 27, 0, 1, 0, 0, 25.00%, 0, 0, 1, 327.84, 95417, 2
297, 27, 0, 1, 0, 0, 25.00%, 0, 0, 1, 326.59, 97089, 2
302, 28, 0, 1, 0, 0, 25.00%, 0, 0, 1, 327.07, 98762, 2
307, 28, 0, 1, 0, 0, 25.00%, 0, 0, 1, 326.62, 100464, 2
312, 29, 0, 1, 0, 0, 25.00%, 0, 0, 1, 327.24, 102149, 2
318, 29, 0, 1, 0, 0, 25.00%, 0, 0, 1, 327.19, 103839, 2
320, 29, 0, 1, 0, 0, 25.00%, 1, 0, 1, 317.50, 104561, 2
