# relative_time, cycles_done, cur_item, corpus_count, pending_total, pending_favs, map_size, saved_crashes, saved_hangs, max_depth, execs_per_sec, total_execs, edges_found
60, 8, 2, 3, 0, 0, 30.43%, 0, 0, 2, 329.47, 20177, 7
66, 9, 2, 3, 0, 0, 30.43%, 0, 0, 2, 329.20, 21877, 7
71, 10, 2, 3, 0, 0, 30.43%, 0, 0, 2, 330.19, 23587, 7
76, 10, 2, 3, 0, 0, 30.43%, 0, 0, 2, 330.71, 25299, 7
81, 11, 2, 3, 0, 0, 30.43%, 0, 0, 2, 330.81, 26963, 7
86, 12, 2, 3, 0, 0, 30.43%, 0, 0, 2, 330.21, 28681, 7
91, 13, 2, 3, 0, 0, 30.43%, 0, 0, 2, 331.55, 30351, 7
96, 14, 2, 3, 0, 0, 30.43%, 0, 0, 2, 331.65, 32009, 7
101, 14, 2, 3, 0, 0, 30.43%, 0, 0, 2, 331.97, 33727, 7
106, 15, 2, 3, 0, 0, 30.43%, 0, 0, 2, 330.90, 35395, 7
112, 16, 2, 3, 0, 0, 30.43%, 0, 0, 2, 329.53, 37095, 7
117, 17, 2, 3, 0, 0, 30.43%, 0, 0, 2, 331.60, 38777, 7
122, 17, 2, 3, 0, 0, 30.43%, 0, 0, 2, 330.79, 40429, 7
127, 18, 2, 3, 0, 0, 30.43%, 0, 0, 2, 323.69, 42061, 7
132, 19, 2, 3, 0, 0, 30.43%, 0, 0, 2, 330.18, 43725, 7
137, 20, 2, 3, 0, 0, 30.43%, 0, 0, 2, 329.93, 45431, 7
142, 20, 2, 3, 0, 0, 30.43%, 0, 0, 2, 330.65, 47143, 7
147, 21, 2, 3, 0, 0, 30.43%, 0, 0, 2, 330.22, 48861, 7
152, 22, 2, 3, 0, 0, 30.43%, 0, 0, 2, 330.49, 50519, 7
157, 23, 2, 3, 0, 0, 30.43%, 0, 0, 2, 330.23, 52181, 7
162, 23, 0, 3, 0, 0, 30.43%, 0, 0, 2, 326.81, 53873, 7
168, 24, 2, 3, 0, 0, 30.43%, 0, 0, 2, 323.79, 55527, 7
173, 24, 2, 3, 0, 0, 30.43%, 0, 0, 2, 329.03, 57197, 7
178, 25, 2, 3, 0, 0, 30.43%, 0, 0, 2, 330.48, 58913, 7
183, 26, 2, 3, 0, 0, 30.43%, 0, 0, 2, 332.08, 60583, 7
188, 26, 2, 3, 0, 0, 30.43%, 0, 0, 2, 327.09, 62258, 7
193, 27, 0, 3, 0, 0, 30.43%, 0, 0, 2, 324.07, 63942, 7
198, 28, 2, 3, 0, 0, 30.43%, 0, 0, 2, 328.98, 65663, 7
204, 28, 2, 3, 0, 0, 30.43%, 0, 0, 2, 329.97, 67357, 7
209, 29, 2, 3, 0, 0, 30.43%, 0, 0, 2, 326.52, 69044, 7
214, 30, 2, 3, 0, 0, 30.43%, 0, 0, 2, 329.05, 70702, 7
219, 30, 2, 3, 0, 0, 30.43%, 0, 0, 2, 330.10, 72360, 7
224, 31, 1, 3, 0, 0, 30.43%, 0, 0, 2, 330.85, 74042, 7
229, 32, 2, 3, 0, 0, 30.43%, 0, 0, 2, 326.33, 75734, 7
234, 33, 2, 3, 0, 0, 30.43%, 0, 0, 2, 329.01, 77380, 7
239, 34, 2, 3, 0, 0, 30.43%, 0, 0, 2, 331.20, 79038, 7
244, 34, 0, 3, 0, 0, 30.43%, 0, 0, 2, 323.35, 80722, 7
249, 35, 2, 3, 0, 0, 30.43%, 0, 0, 2, 328.02, 82423, 7
254, 36, 2, 3, 0, 0, 30.43%, 0, 0, 2, 330.77, 84093, 7
259, 36, 2, 3, 0, 0, 30.43%, 0, 0, 2, 331.51, 85757, 7
265, 37, 2, 3, 0, 0, 30.43%, 0, 0, 2, 326.98, 87438, 7
270, 38, 2, 3, 0, 0, 30.43%, 0, 0, 2, 331.20, 89102, 7
275, 38, 0, 3, 0, 0, 30.43%, 0, 0, 2, 328.98, 90752, 7
280, 39, 1, 3, 0, 0, 30.43%, 0, 0, 2, 328.99, 92393, 7
285, 40, 2, 3, 0, 0, 30.43%, 0, 0, 2, 330.71, 94061, 7
290, 41, 2, 3, 0, 0, 30.43%, 0, 0, 2, 330.85, 95785, 7
295, 41, 2, 3, 0, 0, 30.43%, 0, 0, 2, 331.07, 97443, 7
300, 42, 1, 3, 0, 0, 30.43%, 0, 0, 2, 331.61, 99113, 7
305, 43, 0, 3, 0, 0, 30.43%, 0, 0, 2, 323.74, 100787, 7
310, 43, 2, 3, 0, 0, 30.43%, 0, 0, 2, 330.50, 102456, 7
315, 44, 2, 3, 0, 0, 30.43%, 0, 0, 2, 330.89, 104168, 7
321, 45, 0, 3, 0, 0, 30.43%, 0, 0, 2, 329.44, 105886, 7
326, 46, 2, 3, 0, 0, 30.43%, 0, 0, 2, 327.35, 107567, 7
331, 47, 2, 3, 0, 0, 30.43%, 0, 0, 2, 330.01, 109273, 7
336, 47, 2, 3, 0, 0, 30.43%, 0, 0, 2, 329.13, 110941, 7
341, 48, 0, 3, 0, 0, 30.43%, 0, 0, 2, 326.37, 112627, 7
346, 48, 2, 3, 0, 0, 30.43%, 0, 0, 2, 328.40, 114328, 7
351, 49, 2, 3, 0, 0, 30.43%, 0, 0, 2, 329.17, 116034, 7
357, 50, 2, 3, 0, 0, 30.43%, 0, 0, 2, 331.55, 117710, 7
362, 51, 0, 3, 0, 0, 30.43%, 0, 0, 2, 327.40, 119354, 7
367, 51, 2, 3, 0, 0, 30.43%, 0, 0, 2, 327.21, 121019, 7
372, 52, 2, 3, 0, 0, 30.43%, 0, 0, 2, 330.24, 122683, 7
377, 53, 2, 3, 0, 0, 30.43%, 0, 0, 2, 330.05, 124345, 7
382, 54, 2, 3, 0, 0, 30.43%, 0, 0, 2, 330.98, 126009, 7
387, 54, 2, 3, 0, 0, 30.43%, 0, 0, 2, 330.14, 127715, 7
392, 55, 2, 3, 0, 0, 30.43%, 0, 0, 2, 329.56, 129421, 7
397, 56, 2, 3, 0, 0, 30.43%, 0, 0, 2, 330.55, 131143, 7
402, 57, 2, 3, 0, 0, 30.43%, 0, 0, 2, 330.68, 132801, 7
407, 58, 2, 3, 0, 0, 30.43%, 0, 0, 2, 330.38, 134501, 7
413, 58, 0, 3, 0, 0, 30.43%, 0, 0, 2, 325.20, 136179, 7
418, 59, 0, 3, 0, 0, 30.43%, 0, 0, 2, 325.28, 137856, 7
418, 59, 0, 3, 0, 0, 30.43%, 1, 0, 2, 311.17, 138007, 7
