# relative_time, cycles_done, cur_item, corpus_count, pending_total, pending_favs, map_size, saved_crashes, saved_hangs, max_depth, execs_per_sec, total_execs, edges_found
61, 7, 2, 3, 0, 0, 30.43%, 0, 0, 2, 330.61, 20409, 7
66, 8, 2, 3, 0, 0, 30.43%, 0, 0, 2, 334.36, 22107, 7
71, 9, 2, 3, 0, 0, 30.43%, 0, 0, 2, 334.85, 23801, 7
76, 10, 2, 3, 0, 0, 30.43%, 0, 0, 2, 334.59, 25505, 7
81, 11, 2, 3, 0, 0, 30.43%, 0, 0, 2, 336.23, 27211, 7
86, 12, 2, 3, 0, 0, 30.43%, 0, 0, 2, 334.02, 28899, 7
91, 13, 0, 3, 0, 0, 30.43%, 0, 0, 2, 328.92, 30547, 7
96, 14, 2, 3, 0, 0, 30.43%, 0, 0, 2, 332.77, 32218, 7
101, 14, 0, 3, 0, 0, 30.43%, 0, 0, 2, 330.21, 33874, 7
106, 15, 2, 3, 0, 0, 30.43%, 0, 0, 2, 331.58, 35533, 7
111, 15, 0, 3, 0, 0, 30.43%, 0, 0, 2, 330.17, 37241, 7
116, 16, 2, 3, 0, 0, 30.43%, 0, 0, 2, 330.50, 38902, 7
122, 17, 2, 3, 0, 0, 30.43%, 0, 0, 2, 329.14, 40607, 7
127, 17, 2, 3, 0, 0, 30.43%, 0, 0, 2, 329.89, 42318, 7
132, 18, 0, 3, 0, 0, 30.43%, 0, 0, 2, 331.08, 43982, 7
137, 18, 2, 3, 0, 0, 30.43%, 0, 0, 2, 331.52, 45633, 7
142, 19, 2, 3, 0, 0, 30.43%, 0, 0, 2, 329.95, 47326, 7
147, 19, 0, 3, 0, 0, 30.43%, 0, 0, 2, 327.13, 49034, 7
152, 20, 2, 3, 0, 0, 30.43%, 0, 0, 2, 333.45, 50731, 7
157, 21, 1, 3, 0, 0, 30.43%, 0, 0, 2, 335.55, 52419, 7
162, 22, 2, 3, 0, 0, 30.43%, 0, 0, 2, 335.25, 54111, 7
167, 22, 0, 3, 0, 0, 30.43%, 0, 0, 2, 329.10, 55807, 7
172, 23, 2, 3, 0, 0, 30.43%, 0, 0, 2, 333.36, 57498, 7
178, 24, 2, 3, 0, 0, 30.43%, 0, 0, 2, 326.61, 59179, 7
183, 25, 0, 3, 0, 0, 30.43%, 0, 0, 2, 331.87, 60915, 7
188, 25, 2, 3, 0, 0, 30.43%, 0, 0, 2, 331.19, 62626, 7
193, 26, 0, 3, 0, 0, 30.43%, 0, 0, 2, 328.62, 64328, 7
198, 26, 2, 3, 0, 0, 30.43%, 0, 0, 2, 333.45, 66019, 7
203, 27, 0, 3, 0, 0, 30.43%, 0, 0, 2, 331.53, 67747, 7
209, 27, 0, 3, 0, 0, 30.43%, 0, 0, 2, 326.75, 69414, 7
214, 28, 2, 3, 0, 0, 30.43%, 0, 0, 2, 326.48, 71094, 7
219, 28, 2, 3, 0, 0, 30.43%, 0, 0, 2, 333.11, 72792, 7
224, 29, 2, 3, 0, 0, 30.43%, 0, 0, 2, 333.76, 74468, 7
229, 30, 2, 3, 0, 0, 30.43%, 0, 0, 2, 335.06, 76162, 7
234, 31, 2, 3, 0, 0, 30.43%, 0, 0, 2, 335.38, 77854, 7
239, 32, 0, 3, 0, 0, 30.43%, 0, 0, 2, 330.29, 79555, 7
244, 32, 2, 3, 0, 0, 30.43%, 0, 0, 2, 330.70, 81242, 7
249, 33, 2, 3, 0, 0, 30.43%, 0, 0, 2, 333.50, 82922, 7
254, 34, 2, 3, 0, 0, 30.43%, 0, 0, 2, 335.25, 84628, 7
259, 35, 2, 3, 0, 0, 30.43%, 0, 0, 2, 334.69, 86320, 7
264, 36, 2, 3, 0, 0, 30.43%, 0, 0, 2, 335.94, 88026, 7
269, 37, 0, 3, 0, 0, 30.43%, 0, 0, 2, 331.86, 89700, 7
275, 37, 0, 3, 0, 0, 30.43%, 0, 0, 2, 327.47, 91373, 7
280, 38, 2, 3, 0, 0, 30.43%, 0, 0, 2, 331.77, 93046, 7
285, 38, 2, 3, 0, 0, 30.43%, 0, 0, 2, 328.79, 94745, 7
290, 39, 0, 3, 0, 0, 30.43%, 0, 0, 2, 333.79, 96451, 7
295, 39, 2, 3, 0, 0, 30.43%, 0, 0, 2, 330.45, 98150, 7
300, 40, 2, 3, 0, 0, 30.43%, 0, 0, 2, 332.24, 99830, 7
305, 41, 2, 3, 0, 0, 30.43%, 0, 0, 2, 334.01, 101518, 7
310, 42, 2, 3, 0, 0, 30.43%, 0, 0, 2, 334.30, 103206, 7
315, 43, 2, 3, 0, 0, 30.43%, 0, 0, 2, 334.84, 104906, 7
320, 44, 0, 3, 0, 0, 30.43%, 0, 0, 2, 332.68, 106580, 7
325, 44, 2, 3, 0, 0, 30.43%, 0, 0, 2, 329.15, 108281, 7
331, 45, 2, 3, 0, 0, 30.43%, 0, 0, 2, 332.95, 109961, 7
336, 45, 2, 3, 0, 0, 30.43%, 0, 0, 2, 317.59, 111600, 7
341, 46, 1, 3, 0, 0, 30.43%, 0, 0, 2, 323.46, 113271, 7
346, 47, 2, 3, 0, 0, 30.43%, 0, 0, 2, 330.20, 114933, 7
351, 48, 1, 3, 0, 0, 30.43%, 0, 0, 2, 333.16, 116615, 7
356, 49, 2, 3, 0, 0, 30.43%, 0, 0, 2, 333.63, 118301, 7
361, 50, 2, 3, 0, 0, 30.43%, 0, 0, 2, 332.89, 119971, 7
366, 50, 2, 3, 0, 0, 30.43%, 0, 0, 2, 334.71, 121669, 7
371, 51, 2, 3, 0, 0, 30.43%, 0, 0, 2, 333.94, 123351, 7
376, 52, 2, 3, 0, 0, 30.43%, 0, 0, 2, 334.16, 125043, 7
381, 53, 2, 3, 0, 0, 30.43%, 0, 0, 2, 334.61, 126743, 7
386, 54, 0, 3, 0, 0, 30.43%, 0, 0, 2, 327.95, 128451, 7
391, 55, 2, 3, 0, 0, 30.43%, 0, 0, 2, 333.76, 130142, 7
397, 55, 2, 3, 0, 0, 30.43%, 0, 0, 2, 328.96, 131835, 7
402, 56, 1, 3, 0, 0, 30.43%, 0, 0, 2, 332.53, 133517, 7
407, 57, 0, 3, 0, 0, 30.43%, 0, 0, 2, 331.81, 135191, 7
412, 57, 2, 3, 0, 0, 30.43%, 0, 0, 2, 331.71, 136896, 7
417, 58, 2, 3, 0, 0, 30.43%, 0, 0, 2, 328.29, 138589, 7
422, 58, 2, 3, 0, 0, 30.43%, 0, 0, 2, 327.56, 140278, 7
427, 59, 2, 3, 0, 0, 30.43%, 0, 0, 2, 332.28, 141964, 7
432, 60, 2, 3, 0, 0, 30.43%, 0, 0, 2, 328.07, 143665, 7
438, 60, 2, 3, 0, 0, 30.43%, 0, 0, 2, 333.05, 145357, 7
443, 61, 2, 3, 0, 0, 30.43%, 0, 0, 2, 334.55, 147045, 7
448, 62, 2, 3, 0, 0, 30.43%, 0, 0, 2, 332.96, 148727, 7
453, 62, 0, 3, 0, 0, 30.43%, 0, 0, 2, 326.83, 150417, 7
458, 63, 2, 3, 0, 0, 30.43%, 0, 0, 2, 333.60, 152114, 7
463, 64, 0, 3, 0, 0, 30.43%, 0, 0, 2, 331.02, 153842, 7
468, 65, 2, 3, 0, 0, 30.43%, 0, 0, 2, 332.52, 155507, 7
473, 65, 0, 3, 0, 0, 30.43%, 0, 0, 2, 331.15, 157175, 7
478, 66, 2, 3, 0, 0, 30.43%, 0, 0, 2, 331.49, 158882, 7
483, 67, 2, 3, 0, 0, 30.43%, 0, 0, 2, 333.96, 160580, 7
489, 67, 0, 3, 0, 0, 30.43%, 0, 0, 2, 326.01, 162264, 7
494, 68, 0, 3, 0, 0, 30.43%, 0, 0, 2, 326.79, 163911, 7
499, 69, 2, 3, 0, 0, 30.43%, 0, 0, 2, 331.74, 165570, 7
504, 69, 2, 3, 0, 0, 30.43%, 0, 0, 2, 334.25, 167262, 7
509, 70, 0, 3, 0, 0, 30.43%, 0, 0, 2, 330.28, 168972, 7
514, 71, 2, 3, 0, 0, 30.43%, 0, 0, 2, 326.33, 170626, 7
519, 71, 2, 3, 0, 0, 30.43%, 0, 0, 2, 332.16, 172300, 7
524, 72, 0, 3, 0, 0, 30.43%, 0, 0, 2, 327.61, 174002, 7
529, 73, 0, 3, 0, 0, 30.43%, 0, 0, 2, 329.90, 175679, 7
534, 74, 2, 3, 0, 0, 30.43%, 0, 0, 2, 330.89, 177378, 7
539, 74, 2, 3, 0, 0, 30.43%, 0, 0, 2, 331.96, 179042, 7
544, 75, 2, 3, 0, 0, 30.43%, 0, 0, 2, 334.28, 180724, 7
549, 76, 2, 3, 0, 0, 30.43%, 0, 0, 2, 334.58, 182424, 7
554, 77, 2, 3, 0, 0, 30.43%, 0, 0, 2, 328.30, 184105, 7
560, 77, 2, 3, 0, 0, 30.43%, 0, 0, 2, 333.65, 185803, 7
565, 79, 2, 3, 0, 0, 30.43%, 0, 0, 2, 334.64, 187503, 7
570, 79, 2, 3, 0, 0, 30.43%, 0, 0, 2, 332.89, 189183, 7
575, 80, 2, 3, 0, 0, 30.43%, 0, 0, 2, 334.06, 190877, 7
580, 81, 2, 3, 0, 0, 30.43%, 0, 0, 2, 331.19, 192576, 7
585, 81, 2, 3, 0, 0, 30.43%, 0, 0, 2, 333.64, 194258, 7
590, 82, 2, 3, 0, 0, 30.43%, 1, 0, 2, 318.56, 195812, 7
