# relative_time, cycles_done, cur_item, corpus_count, pending_total, pending_favs, map_size, saved_crashes, saved_hangs, max_depth, execs_per_sec, total_execs, edges_found
61, 11, 0, 3, 0, 0, 32.26%, 0, 0, 2, 320.73, 20109, 10
66, 11, 2, 3, 0, 0, 32.26%, 0, 0, 2, 325.07, 21776, 10
71, 12, 1, 3, 0, 0, 32.26%, 0, 0, 2, 328.34, 23486, 10
77, 13, 0, 3, 0, 0, 32.26%, 0, 0, 2, 324.54, 25169, 10
82, 14, 0, 3, 0, 0, 32.26%, 0, 0, 2, 323.58, 26833, 10
87, 15, 2, 3, 0, 0, 32.26%, 0, 0, 2, 326.76, 28524, 10
92, 15, 2, 3, 0, 0, 32.26%, 0, 0, 2, 324.00, 30191, 10
97, 17, 0, 3, 0, 0, 32.26%, 0, 0, 2, 327.82, 31895, 10
102, 17, 0, 3, 0, 0, 32.26%, 0, 0, 2, 325.32, 33559, 10
107, 18, 2, 3, 0, 0, 32.26%, 0, 0, 2, 324.61, 35220, 10
113, 18, 0, 3, 0, 0, 32.26%, 0, 0, 2, 321.72, 36888, 10
118, 20, 2, 3, 0, 0, 32.26%, 0, 0, 2, 327.62, 38534, 10
123, 20, 0, 3, 0, 0, 32.26%, 0, 0, 2, 322.59, 40205, 10
128, 21, 2, 3, 0, 0, 32.26%, 0, 0, 2, 327.05, 41842, 10
133, 22, 2, 3, 0, 0, 32.26%, 0, 0, 2, 323.84, 43521, 10
138, 22, 0, 3, 0, 0, 32.26%, 0, 0, 2, 322.89, 45192, 10
143, 23, 2, 3, 0, 0, 32.26%, 0, 0, 2, 322.33, 46846, 10
148, 24, 2, 3, 0, 0, 32.26%, 0, 0, 2, 327.55, 48496, 10
154, 25, 0, 3, 0, 0, 32.26%, 0, 0, 2, 329.44, 50212, 10
159, 25, 0, 3, 0, 0, 32.26%, 0, 0, 2, 318.94, 51849, 10
164, 26, 2, 3, 0, 0, 32.26%, 0, 0, 2, 326.17, 53531, 10
169, 28, 0, 3, 0, 0, 32.26%, 0, 0, 2, 328.53, 55238, 10
174, 28, 2, 3, 0, 0, 32.26%, 0, 0, 2, 325.04, 56848, 10
179, 29, 0, 3, 0, 0, 32.26%, 0, 0, 2, 326.52, 58528, 10
184, 30, 0, 3, 0, 0, 32.26%, 0, 0, 2, 323.65, 60186, 10
189, 30, 2, 3, 0, 0, 32.26%, 0, 0, 2, 326.69, 61823, 10
194, 32, 2, 3, 0, 0, 32.26%, 0, 0, 2, 328.93, 63473, 10
199, 32, 0, 3, 0, 0, 32.26%, 0, 0, 2, 324.06, 65147, 10
205, 33, 2, 3, 0, 0, 32.26%, 0, 0, 2, 323.63, 66798, 10
210, 34, 2, 3, 0, 0, 32.26%, 0, 0, 2, 328.46, 68487, 10
215, 35, 2, 3, 0, 0, 32.26%, 0, 0, 2, 329.61, 70203, 10
220, 37, 2, 3, 0, 0, 32.26%, 0, 0, 2, 329.29, 71901, 10
225, 37, 2, 3, 0, 0, 32.26%, 0, 0, 2, 325.12, 73565, 10
230, 38, 0, 3, 0, 0, 32.26%, 0, 0, 2, 322.15, 75233, 10
235, 38, 2, 3, 0, 0, 32.26%, 0, 0, 2, 321.00, 76881, 10
241, 39, 0, 3, 0, 0, 32.26%, 0, 0, 2, 322.46, 78555, 10
246, 40, 2, 3, 0, 0, 32.26%, 0, 0, 2, 326.82, 80243, 10
251, 41, 2, 3, 0, 0, 32.26%, 0, 0, 2, 329.08, 81953, 10
256, 42, 0, 3, 0, 0, 32.26%, 0, 0, 2, 323.96, 83615, 10
261, 43, 0, 3, 0, 0, 32.26%, 0, 0, 2, 325.42, 85252, 10
266, 43, 2, 3, 0, 0, 32.26%, 0, 0, 2, 327.83, 86952, 10
272, 44, 2, 3, 0, 0, 32.26%, 0, 0, 2, 322.84, 88613, 10
277, 44, 2, 3, 0, 0, 32.26%, 0, 0, 2, 322.53, 90271, 10
282, 45, 2, 3, 0, 0, 32.26%, 0, 0, 2, 324.28, 91938, 10
287, 46, 2, 3, 0, 0, 32.26%, 0, 0, 2, 326.29, 93576, 10
292, 47, 2, 3, 0, 0, 32.26%, 0, 0, 2, 328.05, 95271, 10
297, 49, 0, 3, 0, 0, 32.26%, 0, 0, 2, 328.26, 96918, 10
302, 49, 2, 3, 0, 0, 32.26%, 0, 0, 2, 326.21, 98597, 10
307, 50, 1, 3, 0, 0, 32.26%, 0, 0, 2, 329.53, 100253, 10
312, 51, 0, 3, 0, 0, 32.26%, 0, 0, 2, 325.44, 101948, 10
318, 52, 2, 3, 0, 0, 32.26%, 0, 0, 2, 327.05, 103651, 10
323, 54, 2, 3, 0, 0, 32.26%, 0, 0, 2, 329.55, 105358, 10
328, 54, 0, 3, 0, 0, 32.26%, 0, 0, 2, 323.82, 107035, 10
333, 55, 0, 3, 0, 0, 32.26%, 0, 0, 2, 325.81, 108732, 10
338, 56, 2, 3, 0, 0, 32.26%, 0, 0, 2, 320.65, 110351, 10
343, 57, 0, 3, 0, 0, 32.26%, 0, 0, 2, 323.20, 112025, 10
349, 57, 0, 3, 0, 0, 32.26%, 0, 0, 2, 322.29, 113689, 10
354, 58, 0, 3, 0, 0, 32.26%, 0, 0, 2, 322.23, 115353, 10
359, 59, 2, 3, 0, 0, 32.26%, 0, 0, 2, 326.52, 117032, 10
364, 59, 2, 3, 0, 0, 32.26%, 0, 0, 2, 323.31, 118699, 10
365, 60, 2, 3, 0, 0, 32.26%, 1, 0, 2, 0.00, 118924, 10
