# relative_time, cycles_done, cur_item, corpus_count, pending_total, pending_favs, map_size, saved_crashes, saved_hangs, max_depth, execs_per_sec, total_execs, edges_found
61, 9, 2, 3, 0, 0, 32.26%, 0, 0, 2, 330.14, 20151, 10
66, 11, 1, 3, 0, 0, 32.26%, 0, 0, 2, 331.16, 21819, 10
72, 12, 0, 3, 0, 0, 32.26%, 0, 0, 2, 330.49, 23532, 10
77, 12, 0, 3, 0, 0, 32.26%, 0, 0, 2, 322.83, 25187, 10
82, 13, 2, 3, 0, 0, 32.26%, 0, 0, 2, 325.57, 26869, 10
87, 14, 2, 3, 0, 0, 32.26%, 0, 0, 2, 329.60, 28591, 10
92, 15, 0, 3, 0, 0, 32.26%, 0, 0, 2, 322.99, 30262, 10
97, 15, 0, 3, 0, 0, 32.26%, 0, 0, 2, 322.65, 31929, 10
103, 16, 2, 3, 0, 0, 32.26%, 0, 0, 2, 328.43, 33638, 10
108, 18, 2, 3, 0, 0, 32.26%, 0, 0, 2, 328.38, 35318, 10
113, 18, 2, 3, 0, 0, 32.26%, 0, 0, 2, 324.42, 36982, 10
118, 19, 0, 3, 0, 0, 32.26%, 0, 0, 2, 327.24, 38692, 10
123, 20, 0, 3, 0, 0, 32.26%, 0, 0, 2, 324.52, 40350, 10
128, 20, 0, 3, 0, 0, 32.26%, 0, 0, 2, 321.00, 42005, 10
134, 21, 0, 3, 0, 0, 32.26%, 0, 0, 2, 322.54, 43669, 10
139, 21, 0, 3, 0, 0, 32.26%, 0, 0, 2, 323.29, 45342, 10
144, 22, 2, 3, 0, 0, 32.26%, 0, 0, 2, 322.41, 46996, 10
149, 23, 2, 3, 0, 0, 32.26%, 0, 0, 2, 329.46, 48655, 10
154, 24, 0, 3, 0, 0, 32.26%, 0, 0, 2, 322.71, 50326, 10
159, 25, 0, 3, 0, 0, 32.26%, 0, 0, 2, 320.25, 51990, 10
164, 25, 0, 3, 0, 0, 32.26%, 0, 0, 2, 325.71, 53672, 10
170, 26, 0, 3, 0, 0, 32.26%, 0, 0, 2, 323.82, 55336, 10
171, 26, 0, 3, 0, 0, 32.26%, 1, 0, 2, 314.30, 55853, 10
