# relative_time, cycles_done, cur_item, corpus_count, pending_total, pending_favs, map_size, saved_crashes, saved_hangs, max_depth, execs_per_sec, total_execs, edges_found
61, 11, 0, 3, 0, 0, 32.26%, 0, 0, 2, 324.11, 20039, 10
66, 12, 0, 3, 0, 0, 32.26%, 0, 0, 2, 323.99, 21700, 10
71, 12, 0, 3, 0, 0, 32.26%, 0, 0, 2, 321.41, 23349, 10
76, 13, 2, 3, 0, 0, 32.26%, 0, 0, 2, 328.35, 25067, 10
81, 14, 0, 3, 0, 0, 32.26%, 0, 0, 2, 324.22, 26738, 10
86, 15, 2, 3, 0, 0, 32.26%, 0, 0, 2, 327.19, 28435, 10
92, 16, 2, 3, 0, 0, 32.26%, 0, 0, 2, 329.57, 30094, 10
97, 17, 2, 3, 0, 0, 32.26%, 0, 0, 2, 326.58, 31773, 10
102, 18, 2, 3, 0, 0, 32.26%, 0, 0, 2, 329.01, 33423, 10
107, 19, 1, 3, 0, 0, 32.26%, 0, 0, 2, 330.69, 35121, 10
112, 21, 0, 3, 0, 0, 32.26%, 0, 0, 2, 328.35, 36819, 10
117, 21, 2, 3, 0, 0, 32.26%, 0, 0, 2, 325.39, 38501, 10
122, 22, 2, 3, 0, 0, 32.26%, 0, 0, 2, 330.21, 40214, 10
128, 24, 2, 3, 0, 0, 32.26%, 0, 0, 2, 330.43, 41930, 10
133, 25, 2, 3, 0, 0, 32.26%, 0, 0, 2, 331.46, 43604, 10
138, 26, 2, 3, 0, 0, 32.26%, 0, 0, 2, 329.82, 45302, 10
143, 27, 0, 3, 0, 0, 32.26%, 0, 0, 2, 324.14, 46958, 10
148, 27, 2, 3, 0, 0, 32.26%, 0, 0, 2, 324.14, 48621, 10
153, 28, 0, 3, 0, 0, 32.26%, 0, 0, 2, 325.04, 50313, 10
158, 29, 2, 3, 0, 0, 32.26%, 0, 0, 2, 327.74, 52016, 10
164, 30, 2, 3, 0, 0, 32.26%, 0, 0, 2, 330.60, 53693, 10
169, 31, 2, 3, 0, 0, 32.26%, 0, 0, 2, 325.37, 55348, 10
174, 32, 2, 3, 0, 0, 32.26%, 0, 0, 2, 330.95, 57013, 10
179, 33, 0, 3, 0, 0, 32.26%, 0, 0, 2, 323.08, 58690, 10
181, 33, 2, 3, 0, 0, 32.26%, 1, 0, 2, 312.76, 59254, 10
