# relative_time, cycles_done, cur_item, corpus_count, pending_total, pending_favs, map_size, saved_crashes, saved_hangs, max_depth, execs_per_sec, total_execs, edges_found
61, 5, 0, 1, 0, 0, 25.00%, 0, 0, 1, 326.34, 20103, 2
66, 6, 0, 1, 0, 0, 25.00%, 0, 0, 1, 326.16, 21787, 2
71, 6, 0, 1, 0, 0, 25.00%, 0, 0, 1, 325.14, 23442, 2
76, 7, 0, 1, 0, 0, 25.00%, 0, 0, 1, 325.69, 25108, 2
82, 7, 0, 1, 0, 0, 25.00%, 0, 0, 1, 326.05, 26769, 2
87, 8, 0, 1, 0, 0, 25.00%, 0, 0, 1, 326.03, 28436, 2
92, 8, 0, 1, 0, 0, 25.00%, 0, 0, 1, 325.71, 30102, 2
97, 9, 0, 1, 0, 0, 25.00%, 0, 0, 1, 327.08, 31781, 2
102, 9, 0, 1, 0, 0, 25.00%, 0, 0, 1, 326.36, 33453, 2
107, 10, 0, 1, 0, 0, 25.00%, 0, 0, 1, 326.34, 35126, 2
112, 10, 0, 1, 0, 0, 25.00%, 0, 0, 1, 325.60, 36786, 2
117, 11, 0, 1, 0, 0, 25.00%, 0, 0, 1, 326.83, 38477, 2
122, 11, 0, 1, 0, 0, 25.00%, 0, 0, 1, 327.11, 40150, 2
128, 12, 0, 1, 0, 0, 25.00%, 0, 0, 1, 325.61, 41810, 2
133, 12, 0, 1, 0, 0, 25.00%, 0, 0, 1, 326.83, 43489, 2
138, 13, 0, 1, 0, 0, 25.00%, 0, 0, 1, 316.25, 45137, 2
143, 13, 0, 1, 0, 0, 25.00%, 0, 0, 1, 322.83, 46786, 2
148, 14, 0, 1, 0, 0, 25.00%, 0, 0, 1, 326.69, 48458, 2
153, 14, 0, 1, 0, 0, 25.00%, 0, 0, 1, 326.67, 50131, 2
158, 14, 0, 1, 0, 0, 25.00%, 0, 0, 1, 325.22, 51774, 2
163, 15, 0, 1, 0, 0, 25.00%, 0, 0, 1, 326.65, 53446, 2
169, 15, 0, 1, 0, 0, 25.00%, 0, 0, 1, 326.22, 55113, 2
174, 16, 0, 1, 0, 0, 25.00%, 0, 0, 1, 326.73, 56791, 2
179, 16, 0, 1, 0, 0, 25.00%, 0, 0, 1, 325.76, 58458, 2
184, 17, 0, 1, 0, 0, 25.00%, 0, 0, 1, 326.01, 60119, 2
189, 17, 0, 1, 0, 0, 25.00%, 0, 0, 1, 325.78, 61797, 2
194, 18, 0, 1, 0, 0, 25.00%, 0, 0, 1, 325.59, 63458, 2
199, 18, 0, 1, 0, 0, 25.00%, 0, 0, 1, 326.23, 65142, 2
204, 19, 0, 1, 0, 0, 25.00%, 0, 0, 1, 326.86, 66821, 2
210, 19, 0, 1, 0, 0, 25.00%, 0, 0, 1, 326.20, 68493, 2
215, 20, 0, 1, 0, 0, 25.00%, 0, 0, 1, 325.30, 70160, 2
216, 20, 0, 1, 0, 0, 25.00%, 1, 0, 1, 316.40, 70543, 2
