# relative_time, cycles_done, cur_item, corpus_count, pending_total, pending_favs, map_size, saved_crashes, saved_hangs, max_depth, execs_per_sec, total_execs, edges_found
61, 5, 2, 3, 0, 0, 30.43%, 0, 0, 2, 328.39, 20259, 7
66, 6, 2, 3, 0, 0, 30.43%, 0, 0, 2, 329.30, 21969, 7
72, 7, 2, 3, 0, 0, 30.43%, 0, 0, 2, 329.23, 23675, 7
77, 8, 2, 3, 0, 0, 30.43%, 0, 0, 2, 329.79, 25381, 7
82, 9, 2, 3, 0, 0, 30.43%, 0, 0, 2, 329.25, 27075, 7
87, 9, 0, 3, 0, 0, 30.43%, 0, 0, 2, 326.55, 28755, 7
92, 10, 2, 3, 0, 0, 30.43%, 0, 0, 2, 328.39, 30438, 7
97, 10, 0, 3, 0, 0, 30.43%, 0, 0, 2, 325.41, 32100, 7
102, 11, 2, 3, 0, 0, 30.43%, 0, 0, 2, 326.44, 33781, 7
108, 12, 0, 3, 0, 0, 30.43%, 0, 0, 2, 327.14, 35475, 7
113, 12, 2, 3, 0, 0, 30.43%, 0, 0, 2, 326.48, 37156, 7
118, 13, 0, 3, 0, 0, 30.43%, 0, 0, 2, 325.54, 38844, 7
123, 14, 2, 3, 0, 0, 30.43%, 0, 0, 2, 327.18, 40525, 7
128, 14, 0, 3, 0, 0, 30.43%, 0, 0, 2, 326.55, 42193, 7
133, 15, 2, 3, 0, 0, 30.43%, 0, 0, 2, 327.44, 43870, 7
138, 16, 2, 3, 0, 0, 30.43%, 0, 0, 2, 327.76, 45552, 7
144, 17, 2, 3, 0, 0, 30.43%, 0, 0, 2, 327.60, 47222, 7
149, 17, 2, 3, 0, 0, 30.43%, 0, 0, 2, 328.95, 48920, 7
154, 18, 2, 3, 0, 0, 30.43%, 0, 0, 2, 328.19, 50614, 7
159, 19, 0, 3, 0, 0, 30.43%, 0, 0, 2, 326.52, 52282, 7
164, 20, 2, 3, 0, 0, 30.43%, 0, 0, 2, 327.19, 53977, 7
169, 20, 2, 3, 0, 0, 30.43%, 0, 0, 2, 328.63, 55675, 7
175, 21, 0, 3, 0, 0, 30.43%, 0, 0, 2, 326.67, 57375, 7
180, 22, 2, 3, 0, 0, 30.43%, 0, 0, 2, 326.99, 59044, 7
185, 22, 2, 3, 0, 0, 30.43%, 0, 0, 2, 326.88, 60720, 7
190, 23, 2, 3, 0, 0, 30.43%, 0, 0, 2, 328.17, 62420, 7
195, 24, 2, 3, 0, 0, 30.43%, 0, 0, 2, 329.66, 64138, 7
200, 25, 2, 3, 0, 0, 30.43%, 0, 0, 2, 329.20, 65832, 7
205, 26, 1, 3, 0, 0, 30.43%, 0, 0, 2, 327.02, 67508, 7
211, 26, 2, 3, 0, 0, 30.43%, 0, 0, 2, 327.51, 69200, 7
216, 27, 2, 3, 0, 0, 30.43%, 0, 0, 2, 327.79, 70888, 7
221, 28, 0, 3, 0, 0, 30.43%, 0, 0, 2, 323.87, 72566, 7
226, 28, 2, 3, 0, 0, 30.43%, 0, 0, 2, 327.57, 74251, 7
231, 29, 0, 3, 0, 0, 30.43%, 0, 0, 2, 326.44, 75902, 7
236, 30, 2, 3, 0, 0, 30.43%, 0, 0, 2, 326.44, 77577, 7
241, 30, 2, 3, 0, 0, 30.43%, 0, 0, 2, 329.17, 79235, 7
246, 31, 2, 3, 0, 0, 30.43%, 0, 0, 2, 329.58, 80921, 7
252, 32, 2, 3, 0, 0, 30.43%, 0, 0, 2, 329.01, 82627, 7
257, 33, 2, 3, 0, 0, 30.43%, 0, 0, 2, 329.64, 84327, 7
262, 33, 2, 3, 0, 0, 30.43%, 0, 0, 2, 328.99, 86021, 7
267, 34, 2, 3, 0, 0, 30.43%, 0, 0, 2, 318.21, 87667, 7
272, 35, 2, 3, 0, 0, 30.43%, 0, 0, 2, 327.31, 89361, 7
277, 36, 2, 3, 0, 0, 30.43%, 0, 0, 2, 327.62, 91053, 7
283, 37, 2, 3, 0, 0, 30.43%, 0, 0, 2, 325.48, 92735, 7
288, 38, 2, 3, 0, 0, 30.43%, 0, 0, 2, 327.94, 94435, 7
293, 38, 0, 3, 0, 0, 30.43%, 0, 0, 2, 326.26, 96107, 7
298, 39, 2, 3, 0, 0, 30.43%, 0, 0, 2, 328.30, 97798, 7
303, 39, 2, 3, 0, 0, 30.43%, 0, 0, 2, 327.10, 99466, 7
308, 40, 0, 3, 0, 0, 30.43%, 0, 0, 2, 327.39, 101148, 7
313, 41, 2, 3, 0, 0, 30.43%, 0, 0, 2, 327.22, 102835, 7
319, 42, 2, 3, 0, 0, 30.43%, 0, 0, 2, 327.86, 104523, 7
324, 43, 2, 3, 0, 0, 30.43%, 0, 0, 2, 327.23, 106197, 7
329, 43, 0, 3, 0, 0, 30.43%, 0, 0, 2, 327.04, 107885, 7
334, 44, 2, 3, 0, 0, 30.43%, 0, 0, 2, 327.02, 109554, 7
339, 45, 2, 3, 0, 0, 30.43%, 0, 0, 2, 328.73, 111248, 7
344, 45, 2, 3, 0, 0, 30.43%, 0, 0, 2, 328.78, 112942, 7
349, 46, 2, 3, 0, 0, 30.43%, 0, 0, 2, 328.41, 114588, 7
354, 47, 2, 3, 0, 0, 30.43%, 0, 0, 2, 328.22, 116276, 7
360, 48, 2, 3, 0, 0, 30.43%, 0, 0, 2, 328.46, 117962, 7
365, 49, 2, 3, 0, 0, 30.43%, 0, 0, 2, 327.47, 119632, 7
370, 49, 2, 3, 0, 0, 30.43%, 0, 0, 2, 324.56, 121301, 7
375, 50, 2, 3, 0, 0, 30.43%, 0, 0, 2, 327.39, 122977, 7
380, 51, 2, 3, 0, 0, 30.43%, 0, 0, 2, 328.80, 124683, 7
385, 51, 2, 3, 0, 0, 30.43%, 0, 0, 2, 327.69, 126369, 7
390, 52, 2, 3, 0, 0, 30.43%, 0, 0, 2, 328.65, 128069, 7
395, 53, 2, 3, 0, 0, 30.43%, 0, 0, 2, 327.35, 129739, 7
401, 53, 0, 3, 0, 0, 30.43%, 0, 0, 2, 325.30, 131429, 7
406, 54, 2, 3, 0, 0, 30.43%, 0, 0, 2, 328.02, 133126, 7
411, 55, 2, 3, 0, 0, 30.43%, 0, 0, 2, 329.04, 134832, 7
416, 56, 2, 3, 0, 0, 30.43%, 0, 0, 2, 327.16, 136495, 7
421, 56, 1, 3, 0, 0, 30.43%, 0, 0, 2, 327.74, 138182, 7
426, 57, 2, 3, 0, 0, 30.43%, 0, 0, 2, 325.76, 139869, 7
431, 58, 0, 3, 0, 0, 30.43%, 1, 0, 2, 314.71, 141244, 7
