# relative_time, cycles_done, cur_item, corpus_count, pending_total, pending_favs, map_size, saved_crashes, saved_hangs, max_depth, execs_per_sec, total_execs, edges_found
61, 8, 2, 3, 0, 0, 36.00%, 0, 0, 2, 323.02, 20176, 9
66, 9, 1, 3, 0, 0, 36.00%, 0, 0, 2, 321.48, 21826, 9
72, 10, 0, 3, 0, 0, 36.00%, 0, 0, 2, 323.31, 23512, 9
77, 10, 2, 3, 0, 0, 36.00%, 0, 0, 2, 322.54, 25120, 9
82, 11, 2, 3, 0, 0, 36.00%, 0, 0, 2, 320.54, 26781, 9
87, 12, 2, 3, 0, 0, 36.00%, 0, 0, 2, 320.74, 28445, 9
92, 12, 0, 3, 0, 0, 36.00%, 0, 0, 2, 320.48, 30091, 9
97, 12, 2, 3, 0, 0, 36.00%, 0, 0, 2, 319.42, 31739, 9
102, 13, 2, 3, 0, 0, 36.00%, 0, 0, 2, 321.33, 33411, 9
108, 14, 2, 3, 0, 0, 36.00%, 0, 0, 2, 318.66, 35067, 9
113, 14, 0, 3, 0, 0, 36.00%, 0, 0, 2, 318.31, 36712, 9
118, 15, 1, 3, 0, 0, 36.00%, 0, 0, 2, 321.21, 38323, 9
123, 15, 0, 3, 0, 0, 36.00%, 0, 0, 2, 322.22, 39990, 9
128, 16, 2, 3, 0, 0, 36.00%, 0, 0, 2, 319.16, 41639, 9
133, 17, 2, 3, 0, 0, 36.00%, 0, 0, 2, 321.89, 43317, 9
139, 18, 1, 3, 0, 0, 36.00%, 0, 0, 2, 324.30, 44984, 9
144, 18, 2, 3, 0, 0, 36.00%, 0, 0, 2, 321.29, 46642, 9
149, 19, 1, 3, 0, 0, 36.00%, 0, 0, 2, 324.90, 48323, 9
154, 20, 0, 3, 0, 0, 36.00%, 0, 0, 2, 324.11, 49955, 9
159, 20, 1, 3, 0, 0, 36.00%, 0, 0, 2, 317.91, 51597, 9
164, 21, 0, 3, 0, 0, 36.00%, 0, 0, 2, 318.95, 53257, 9
169, 22, 1, 3, 0, 0, 36.00%, 0, 0, 2, 322.09, 54913, 9
175, 23, 1, 3, 0, 0, 36.00%, 0, 0, 2, 325.46, 56597, 9
180, 23, 1, 3, 0, 0, 36.00%, 0, 0, 2, 323.06, 58218, 9
185, 24, 2, 3, 0, 0, 36.00%, 0, 0, 2, 324.94, 59896, 9
190, 25, 1, 3, 0, 0, 36.00%, 0, 0, 2, 320.35, 61549, 9
195, 26, 1, 3, 0, 0, 36.00%, 0, 0, 2, 324.68, 63226, 9
200, 26, 0, 3, 0, 0, 36.00%, 0, 0, 2, 319.72, 64880, 9
205, 27, 0, 3, 0, 0, 36.00%, 0, 0, 2, 320.29, 66535, 9
211, 28, 0, 3, 0, 0, 36.00%, 0, 0, 2, 320.68, 68203, 9
216, 28, 2, 3, 0, 0, 36.00%, 0, 0, 2, 322.46, 69870, 9
221, 29, 0, 3, 0, 0, 36.00%, 0, 0, 2, 319.08, 71516, 9
226, 29, 1, 3, 0, 0, 36.00%, 0, 0, 2, 324.56, 73198, 9
231, 30, 1, 3, 0, 0, 36.00%, 0, 0, 2, 323.18, 74859, 9
236, 31, 2, 3, 0, 0, 36.00%, 0, 0, 2, 320.98, 76522, 9
242, 32, 1, 3, 0, 0, 36.00%, 0, 0, 2, 326.30, 78209, 9
247, 33, 0, 3, 0, 0, 36.00%, 0, 0, 2, 322.15, 79874, 9
252, 33, 1, 3, 0, 0, 36.00%, 0, 0, 2, 320.56, 81528, 9
257, 34, 2, 3, 0, 0, 36.00%, 0, 0, 2, 324.14, 83224, 9
262, 34, 0, 3, 0, 0, 36.00%, 0, 0, 2, 319.92, 84872, 9
268, 35, 0, 3, 0, 0, 36.00%, 0, 0, 2, 324.14, 86548, 9
273, 36, 0, 3, 0, 0, 36.00%, 0, 0, 2, 319.11, 88197, 9
278, 36, 0, 3, 0, 0, 36.00%, 0, 0, 2, 318.63, 89795, 9
283, 37, 2, 3, 0, 0, 36.00%, 0, 0, 2, 323.19, 91486, 9
288, 38, 0, 3, 0, 0, 36.00%, 0, 0, 2, 325.80, 93170, 9
293, 38, 2, 3, 0, 0, 36.00%, 0, 0, 2, 319.82, 94819, 9
298, 39, 2, 3, 0, 0, 36.00%, 0, 0, 2, 320.58, 96480, 9
304, 40, 2, 3, 0, 0, 36.00%, 0, 0, 2, 320.40, 98135, 9
309, 41, 2, 3, 0, 0, 36.00%, 0, 0, 2, 320.70, 99793, 9
314, 42, 2, 3, 0, 0, 36.00%, 0, 0, 2, 325.00, 101483, 9
319, 42, 1, 3, 0, 0, 36.00%, 0, 0, 2, 324.68, 103171, 9
324, 43, 1, 3, 0, 0, 36.00%, 0, 0, 2, 323.53, 104844, 9
329, 44, 1, 3, 0, 0, 36.00%, 0, 0, 2, 327.12, 106527, 9
334, 45, 1, 3, 0, 0, 36.00%, 0, 0, 2, 322.30, 108131, 9
340, 46, 2, 3, 0, 0, 36.00%, 0, 0, 2, 322.85, 109809, 9
345, 46, 0, 3, 0, 0, 36.00%, 0, 0, 2, 320.68, 111470, 9
350, 47, 0, 3, 0, 0, 36.00%, 0, 0, 2, 319.72, 113128, 9
355, 47, 2, 3, 0, 0, 36.00%, 0, 0, 2, 321.79, 114796, 9
360, 48, 1, 3, 0, 0, 36.00%, 0, 0, 2, 324.79, 116471, 9
366, 49, 0, 3, 0, 0, 36.00%, 0, 0, 2, 320.53, 118132, 9
371, 49, 2, 3, 0, 0, 36.00%, 0, 0, 2, 319.66, 119779, 9
376, 50, 2, 3, 0, 0, 36.00%, 0, 0, 2, 321.40, 121439, 9
381, 51, 0, 3, 0, 0, 36.00%, 0, 0, 2, 320.41, 123103, 9
386, 51, 0, 3, 0, 0, 36.00%, 0, 0, 2, 319.43, 124759, 9
391, 51, 0, 3, 0, 0, 36.00%, 0, 0, 2, 318.95, 126408, 9
397, 52, 0, 3, 0, 0, 36.00%, 0, 0, 2, 320.15, 128066, 9
402, 53, 1, 3, 0, 0, 36.00%, 0, 0, 2, 325.28, 129751, 9
407, 54, 0, 3, 0, 0, 36.00%, 0, 0, 2, 323.03, 131432, 9
412, 54, 2, 3, 0, 0, 36.00%, 0, 0, 2, 322.77, 133096, 9
417, 55, 2, 3, 0, 0, 36.00%, 0, 0, 2, 319.49, 134746, 9
423, 56, 1, 3, 0, 0, 36.00%, 0, 0, 2, 322.00, 136419, 9
428, 56, 1, 3, 0, 0, 36.00%, 0, 0, 2, 321.77, 138077, 9
433, 57, 1, 3, 0, 0, 36.00%, 0, 0, 2, 322.26, 139738, 9
438, 58, 2, 3, 0, 0, 36.00%, 0, 0, 2, 324.28, 141434, 9
443, 58, 0, 3, 0, 0, 36.00%, 0, 0, 2, 323.52, 143097, 9
448, 59, 1, 3, 0, 0, 36.00%, 0, 0, 2, 323.07, 144764, 9
454, 60, 0, 3, 0, 0, 36.00%, 0, 0, 2, 326.58, 146468, 9
459, 61, 1, 3, 0, 0, 36.00%, 0, 0, 2, 324.09, 148123, 9
464, 62, 1, 3, 0, 0, 36.00%, 0, 0, 2, 324.51, 149798, 9
469, 62, 1, 3, 0, 0, 36.00%, 0, 0, 2, 321.88, 151462, 9
474, 63, 0, 3, 0, 0, 36.00%, 0, 0, 2, 322.68, 153124, 9
479, 64, 0, 3, 0, 0, 36.00%, 0, 0, 2, 320.04, 154776, 9
485, 64, 1, 3, 0, 0, 36.00%, 0, 0, 2, 319.66, 156427, 9
490, 65, 2, 3, 0, 0, 36.00%, 0, 0, 2, 322.83, 158098, 9
495, 66, 1, 3, 0, 0, 36.00%, 0, 0, 2, 321.91, 159776, 9
500, 67, 0, 3, 0, 0, 36.00%, 0, 0, 2, 319.03, 161427, 9
505, 67, 2, 3, 0, 0, 36.00%, 0, 0, 2, 322.80, 163092, 9
510, 68, 1, 3, 0, 0, 36.00%, 0, 0, 2, 323.87, 164771, 9
516, 69, 2, 3, 0, 0, 36.00%, 0, 0, 2, 322.45, 166446, 9
521, 70, 1, 3, 0, 0, 36.00%, 0, 0, 2, 320.27, 168093, 9
526, 70, 1, 3, 0, 0, 36.00%, 0, 0, 2, 321.66, 169757, 9
531, 71, 0, 3, 0, 0, 36.00%, 0, 0, 2, 320.98, 171420, 9
536, 72, 1, 3, 0, 0, 36.00%, 0, 0, 2, 323.00, 173081, 9
541, 72, 1, 3, 0, 0, 36.00%, 0, 0, 2, 321.78, 174742, 9
547, 73, 1, 3, 0, 0, 36.00%, 0, 0, 2, 326.86, 176425, 9
552, 74, 1, 3, 0, 0, 36.00%, 0, 0, 2, 322.49, 178080, 9
557, 75, 1, 3, 0, 0, 36.00%, 0, 0, 2, 321.69, 179747, 9
562, 75, 0, 3, 0, 0, 36.00%, 0, 0, 2, 322.05, 181427, 9
567, 76, 1, 3, 0, 0, 36.00%, 0, 0, 2, 322.78, 183101, 9
573, 77, 0, 3, 0, 0, 36.00%, 0, 0, 2, 320.93, 184771, 9
578, 77, 1, 3, 0, 0, 36.00%, 0, 0, 2, 323.72, 186444, 9
583, 78, 1, 3, 0, 0, 36.00%, 0, 0, 2, 326.44, 188085, 9
588, 79, 0, 3, 0, 0, 36.00%, 0, 0, 2, 321.59, 189751, 9
593, 80, 2, 3, 0, 0, 36.00%, 0, 0, 2, 323.41, 191410, 9
598, 80, 1, 3, 0, 0, 36.00%, 0, 0, 2, 322.62, 193077, 9
603, 81, 1, 3, 0, 0, 36.00%, 0, 0, 2, 323.12, 194749, 9
609, 82, 1, 3, 0, 0, 36.00%, 0, 0, 2, 319.26, 196404, 9
614, 83, 1, 3, 0, 0, 36.00%, 0, 0, 2, 320.41, 198065, 9
619, 84, 1, 3, 0, 0, 36.00%, 0, 0, 2, 323.72, 199749, 9
624, 85, 1, 3, 0, 0, 36.00%, 0, 0, 2, 326.01, 201429, 9
629, 86, 1, 3, 0, 0, 36.00%, 0, 0, 2, 330.69, 203141, 9
634, 87, 1, 3, 0, 0, 36.00%, 0, 0, 2, 333.56, 204831, 9
640, 87, 1, 3, 0, 0, 36.00%, 0, 0, 2, 332.08, 206558, 9
645, 88, 1, 3, 0, 0, 36.00%, 0, 0, 2, 332.84, 208293, 9
650, 89, 0, 3, 0, 0, 36.00%, 0, 0, 2, 335.38, 210051, 9
655, 90, 0, 3, 0, 0, 36.00%, 0, 0, 2, 332.16, 211772, 9
660, 90, 0, 3, 0, 0, 36.00%, 0, 0, 2, 329.14, 213469, 9
665, 91, 1, 3, 0, 0, 36.00%, 0, 0, 2, 331.27, 215146, 9
670, 91, 0, 3, 0, 0, 36.00%, 0, 0, 2, 331.38, 216818, 9
676, 92, 1, 3, 0, 0, 36.00%, 0, 0, 2, 334.49, 218546, 9
681, 93, 0, 3, 0, 0, 36.00%, 0, 0, 2, 327.64, 220236, 9
686, 94, 1, 3, 0, 0, 36.00%, 0, 0, 2, 325.46, 221915, 9
691, 95, 2, 3, 0, 0, 36.00%, 0, 0, 2, 323.91, 223575, 9
696, 95, 2, 3, 0, 0, 36.00%, 0, 0, 2, 320.49, 225218, 9
701, 96, 2, 3, 0, 0, 36.00%, 0, 0, 2, 318.83, 226873, 9
707, 97, 1, 3, 0, 0, 36.00%, 0, 0, 2, 323.00, 228534, 9
712, 98, 2, 3, 0, 0, 36.00%, 0, 0, 2, 321.59, 230196, 9
717, 98, 1, 3, 0, 0, 36.00%, 0, 0, 2, 310.96, 231735, 9
722, 99, 1, 3, 0, 0, 36.00%, 0, 0, 2, 321.38, 233406, 9
727, 100, 1, 3, 0, 0, 36.00%, 0, 0, 2, 318.89, 235061, 9
732, 101, 0, 3, 0, 0, 36.00%, 0, 0, 2, 315.86, 236701, 9
738, 101, 0, 3, 0, 0, 36.00%, 0, 0, 2, 316.66, 238350, 9
743, 102, 1, 3, 0, 0, 36.00%, 0, 0, 2, 321.60, 240020, 9
748, 102, 1, 3, 0, 0, 36.00%, 0, 0, 2, 319.52, 241675, 9
753, 103, 1, 3, 0, 0, 36.00%, 0, 0, 2, 323.11, 243340, 9
758, 104, 0, 3, 0, 0, 36.00%, 0, 0, 2, 320.10, 245008, 9
763, 105, 0, 3, 0, 0, 36.00%, 0, 0, 2, 312.20, 246552, 9
768, 105, 2, 3, 0, 0, 36.00%, 0, 0, 2, 317.44, 248202, 9
774, 106, 1, 3, 0, 0, 36.00%, 0, 0, 2, 323.06, 249869, 9
779, 107, 2, 3, 0, 0, 36.00%, 0, 0, 2, 323.01, 251558, 9
784, 108, 1, 3, 0, 0, 36.00%, 0, 0, 2, 323.95, 253228, 9
789, 109, 1, 3, 0, 0, 36.00%, 0, 0, 2, 322.76, 254894, 9
794, 110, 2, 3, 0, 0, 36.00%, 0, 0, 2, 322.84, 256548, 9
799, 111, 2, 3, 0, 0, 36.00%, 0, 0, 2, 320.77, 258209, 9
805, 111, 0, 3, 0, 0, 36.00%, 0, 0, 2, 322.85, 259885, 9
810, 112, 1, 3, 0, 0, 36.00%, 0, 0, 2, 322.61, 261540, 9
815, 113, 1, 3, 0, 0, 36.00%, 0, 0, 2, 325.98, 263211, 9
820, 114, 0, 3, 0, 0, 36.00%, 0, 0, 2, 320.62, 264871, 9
825, 115, 1, 3, 0, 0, 36.00%, 0, 0, 2, 323.33, 266544, 9
830, 115, 0, 3, 0, 0, 36.00%, 0, 0, 2, 321.82, 268212, 9
836, 116, 1, 3, 0, 0, 36.00%, 0, 0, 2, 321.96, 269876, 9
841, 117, 1, 3, 0, 0, 36.00%, 0, 0, 2, 326.12, 271568, 9
846, 118, 2, 3, 0, 0, 36.00%, 0, 0, 2, 320.76, 273223, 9
851, 119, 0, 3, 0, 0, 36.00%, 0, 0, 2, 321.41, 274829, 9
856, 119, 0, 3, 0, 0, 36.00%, 0, 0, 2, 318.57, 276478, 9
861, 119, 0, 3, 0, 0, 36.00%, 0, 0, 2, 319.52, 278125, 9
867, 120, 1, 3, 0, 0, 36.00%, 0, 0, 2, 319.91, 279779, 9
872, 121, 2, 3, 0, 0, 36.00%, 0, 0, 2, 322.59, 281445, 9
877, 121, 0, 3, 0, 0, 36.00%, 0, 0, 2, 319.71, 283093, 9
882, 122, 0, 3, 0, 0, 36.00%, 0, 0, 2, 323.62, 284781, 9
887, 122, 2, 3, 0, 0, 36.00%, 0, 0, 2, 320.26, 286439, 9
892, 123, 2, 3, 0, 0, 36.00%, 0, 0, 2, 321.99, 288102, 9
898, 124, 0, 3, 0, 0, 36.00%, 0, 0, 2, 316.23, 289740, 9
903, 124, 0, 3, 0, 0, 36.00%, 0, 0, 2, 317.97, 291392, 9
908, 125, 1, 3, 0, 0, 36.00%, 0, 0, 2, 319.18, 293045, 9
913, 126, 1, 3, 0, 0, 36.00%, 0, 0, 2, 325.17, 294737, 9
918, 127, 1, 3, 0, 0, 36.00%, 0, 0, 2, 324.50, 296355, 9
923, 128, 1, 3, 0, 0, 36.00%, 0, 0, 2, 325.82, 298044, 9
928, 129, 2, 3, 0, 0, 36.00%, 0, 0, 2, 323.58, 299710, 9
934, 129, 0, 3, 0, 0, 36.00%, 0, 0, 2, 318.24, 301363, 9
939, 130, 2, 3, 0, 0, 36.00%, 0, 0, 2, 319.66, 302961, 9
944, 130, 2, 3, 0, 0, 36.00%, 0, 0, 2, 318.92, 304556, 9
949, 131, 0, 3, 0, 0, 36.00%, 0, 0, 2, 320.83, 306220, 9
954, 132, 1, 3, 0, 0, 36.00%, 1, 0, 2, 313.03, 307734, 9
