# relative_time, cycles_done, cur_item, corpus_count, pending_total, pending_favs, map_size, saved_crashes, saved_hangs, max_depth, execs_per_sec, total_execs, edges_found
61, 7, 2, 3, 0, 0, 30.43%, 0, 0, 2, 322.19, 19861, 7
66, 8, 0, 3, 0, 0, 30.43%, 0, 0, 2, 321.68, 21517, 7
71, 9, 2, 3, 0, 0, 30.43%, 0, 0, 2, 322.83, 23174, 7
77, 10, 2, 3, 0, 0, 30.43%, 0, 0, 2, 321.74, 24832, 7
82, 10, 2, 3, 0, 0, 30.43%, 0, 0, 2, 321.19, 26494, 7
87, 11, 0, 3, 0, 0, 30.43%, 0, 0, 2, 322.94, 28156, 7
92, 12, 2, 3, 0, 0, 30.43%, 0, 0, 2, 321.06, 29797, 7
97, 13, 2, 3, 0, 0, 30.43%, 0, 0, 2, 322.85, 31455, 7
102, 13, 2, 3, 0, 0, 30.43%, 0, 0, 2, 321.64, 33113, 7
107, 14, 0, 3, 0, 0, 30.43%, 0, 0, 2, 321.59, 34759, 7
113, 15, 0, 3, 0, 0, 30.43%, 0, 0, 2, 322.15, 36418, 7
118, 15, 2, 3, 0, 0, 30.43%, 0, 0, 2, 322.89, 38071, 7
123, 16, 2, 3, 0, 0, 30.43%, 0, 0, 2, 322.42, 39727, 7
128, 17, 2, 3, 0, 0, 30.43%, 0, 0, 2, 322.94, 41385, 7
133, 18, 1, 3, 0, 0, 30.43%, 0, 0, 2, 322.91, 43043, 7
138, 19, 0, 3, 0, 0, 30.43%, 0, 0, 2, 322.38, 44697, 7
143, 19, 2, 3, 0, 0, 30.43%, 0, 0, 2, 322.64, 46350, 7
148, 20, 0, 3, 0, 0, 30.43%, 0, 0, 2, 322.91, 48006, 7
154, 21, 2, 3, 0, 0, 30.43%, 0, 0, 2, 321.93, 49659, 7
159, 21, 0, 3, 0, 0, 30.43%, 0, 0, 2, 322.21, 51315, 7
164, 22, 2, 3, 0, 0, 30.43%, 0, 0, 2, 323.10, 52966, 7
169, 23, 2, 3, 0, 0, 30.43%, 0, 0, 2, 322.13, 54624, 7
174, 23, 2, 3, 0, 0, 30.43%, 0, 0, 2, 323.54, 56275, 7
179, 24, 2, 3, 0, 0, 30.43%, 0, 0, 2, 322.54, 57933, 7
184, 25, 2, 3, 0, 0, 30.43%, 0, 0, 2, 321.02, 59589, 7
190, 26, 2, 3, 0, 0, 30.43%, 0, 0, 2, 322.66, 61247, 7
195, 27, 2, 3, 0, 0, 30.43%, 0, 0, 2, 321.56, 62899, 7
200, 27, 2, 3, 0, 0, 30.43%, 0, 0, 2, 321.95, 64555, 7
205, 28, 2, 3, 0, 0, 30.43%, 0, 0, 2, 322.78, 66213, 7
210, 29, 0, 3, 0, 0, 30.43%, 0, 0, 2, 323.24, 67875, 7
215, 29, 2, 3, 0, 0, 30.43%, 0, 0, 2, 322.02, 69540, 7
220, 30, 0, 3, 0, 0, 30.43%, 0, 0, 2, 321.07, 71196, 7
226, 31, 2, 3, 0, 0, 30.43%, 0, 0, 2, 321.05, 72847, 7
231, 31, 2, 3, 0, 0, 30.43%, 0, 0, 2, 322.48, 74511, 7
236, 33, 2, 3, 0, 0, 30.43%, 0, 0, 2, 322.21, 76169, 7
241, 33, 2, 3, 0, 0, 30.43%, 0, 0, 2, 321.30, 77825, 7
246, 34, 2, 3, 0, 0, 30.43%, 0, 0, 2, 322.73, 79483, 7
251, 35, 0, 3, 0, 0, 30.43%, 0, 0, 2, 322.86, 81139, 7
256, 35, 2, 3, 0, 0, 30.43%, 0, 0, 2, 320.26, 82792, 7
262, 36, 0, 3, 0, 0, 30.43%, 0, 0, 2, 322.50, 84448, 7
267, 37, 2, 3, 0, 0, 30.43%, 0, 0, 2, 320.87, 86101, 7
272, 37, 0, 3, 0, 0, 30.43%, 0, 0, 2, 318.28, 87749, 7
277, 38, 2, 3, 0, 0, 30.43%, 0, 0, 2, 322.67, 89402, 7
282, 38, 0, 3, 0, 0, 30.43%, 0, 0, 2, 322.49, 91056, 7
287, 39, 2, 3, 0, 0, 30.43%, 0, 0, 2, 321.49, 92711, 7
292, 40, 2, 3, 0, 0, 30.43%, 0, 0, 2, 318.62, 94350, 7
298, 41, 2, 3, 0, 0, 30.43%, 0, 0, 2, 321.60, 96008, 7
303, 42, 0, 3, 0, 0, 30.43%, 0, 0, 2, 321.45, 97664, 7
308, 42, 2, 3, 0, 0, 30.43%, 0, 0, 2, 322.47, 99321, 7
313, 43, 2, 3, 0, 0, 30.43%, 0, 0, 2, 321.42, 100974, 7
318, 43, 2, 3, 0, 0, 30.43%, 0, 0, 2, 323.39, 102636, 7
323, 44, 2, 3, 0, 0, 30.43%, 0, 0, 2, 323.20, 104294, 7
328, 45, 2, 3, 0, 0, 30.43%, 0, 0, 2, 321.96, 105952, 7
334, 46, 2, 3, 0, 0, 30.43%, 0, 0, 2, 321.47, 107608, 7
339, 47, 0, 3, 0, 0, 30.43%, 0, 0, 2, 322.86, 109266, 7
344, 47, 2, 3, 0, 0, 30.43%, 0, 0, 2, 322.27, 110917, 7
349, 48, 2, 3, 0, 0, 30.43%, 0, 0, 2, 321.85, 112575, 7
354, 48, 2, 3, 0, 0, 30.43%, 0, 0, 2, 322.80, 114232, 7
359, 49, 2, 3, 0, 0, 30.43%, 0, 0, 2, 323.08, 115888, 7
364, 50, 2, 3, 0, 0, 30.43%, 0, 0, 2, 321.87, 117540, 7
370, 51, 1, 3, 0, 0, 30.43%, 0, 0, 2, 321.05, 119192, 7
375, 52, 2, 3, 0, 0, 30.43%, 0, 0, 2, 321.80, 120848, 7
380, 53, 0, 3, 0, 0, 30.43%, 0, 0, 2, 322.41, 122506, 7
385, 53, 0, 3, 0, 0, 30.43%, 0, 0, 2, 322.49, 124157, 7
390, 54, 1, 3, 0, 0, 30.43%, 0, 0, 2, 322.46, 125814, 7
395, 55, 2, 3, 0, 0, 30.43%, 0, 0, 2, 320.98, 127464, 7
400, 55, 2, 3, 0, 0, 30.43%, 0, 0, 2, 319.68, 129110, 7
405, 57, 2, 3, 0, 0, 30.43%, 0, 0, 2, 322.30, 130766, 7
411, 57, 2, 3, 0, 0, 30.43%, 0, 0, 2, 321.90, 132424, 7
416, 58, 0, 3, 0, 0, 30.43%, 0, 0, 2, 322.81, 134084, 7
421, 59, 2, 3, 0, 0, 30.43%, 0, 0, 2, 321.55, 135743, 7
426, 59, 0, 3, 0, 0, 30.43%, 0, 0, 2, 323.05, 137399, 7
431, 60, 2, 3, 0, 0, 30.43%, 0, 0, 2, 315.76, 139028, 7
436, 61, 2, 3, 0, 0, 30.43%, 0, 0, 2, 321.35, 140686, 7
442, 62, 2, 3, 0, 0, 30.43%, 0, 0, 2, 321.59, 142350, 7
447, 62, 2, 3, 0, 0, 30.43%, 0, 0, 2, 322.05, 144006, 7
452, 63, 2, 3, 0, 0, 30.43%, 0, 0, 2, 323.53, 145676, 7
457, 64, 2, 3, 0, 0, 30.43%, 0, 0, 2, 322.99, 147332, 7
462, 65, 2, 3, 0, 0, 30.43%, 0, 0, 2, 321.92, 148984, 7
467, 66, 2, 3, 0, 0, 30.43%, 0, 0, 2, 322.58, 150642, 7
472, 66, 2, 3, 0, 0, 30.43%, 0, 0, 2, 323.07, 152298, 7
478, 67, 2, 3, 0, 0, 30.43%, 0, 0, 2, 322.74, 153956, 7
483, 68, 0, 3, 0, 0, 30.43%, 0, 0, 2, 323.19, 155614, 7
488, 69, 2, 3, 0, 0, 30.43%, 0, 0, 2, 322.96, 157271, 7
493, 70, 2, 3, 0, 0, 30.43%, 0, 0, 2, 322.76, 158939, 7
498, 70, 0, 3, 0, 0, 30.43%, 0, 0, 2, 323.63, 160597, 7
503, 71, 0, 3, 0, 0, 30.43%, 0, 0, 2, 322.10, 162248, 7
508, 71, 2, 3, 0, 0, 30.43%, 0, 0, 2, 324.14, 163899, 7
513, 72, 0, 3, 0, 0, 30.43%, 0, 0, 2, 321.61, 165549, 7
519, 72, 0, 3, 0, 0, 30.43%, 0, 0, 2, 322.86, 167206, 7
524, 73, 0, 3, 0, 0, 30.43%, 0, 0, 2, 323.57, 168865, 7
529, 74, 2, 3, 0, 0, 30.43%, 0, 0, 2, 322.11, 170520, 7
534, 75, 2, 3, 0, 0, 30.43%, 0, 0, 2, 322.44, 172178, 7
539, 76, 2, 3, 0, 0, 30.43%, 0, 0, 2, 323.34, 173836, 7
544, 76, 0, 3, 0, 0, 30.43%, 0, 0, 2, 322.39, 175496, 7
549, 77, 2, 3, 0, 0, 30.43%, 0, 0, 2, 322.62, 177155, 7
555, 78, 2, 3, 0, 0, 30.43%, 0, 0, 2, 322.41, 178813, 7
560, 79, 0, 3, 0, 0, 30.43%, 0, 0, 2, 311.59, 180427, 7
565, 79, 2, 3, 0, 0, 30.43%, 0, 0, 2, 318.34, 182066, 7
570, 80, 1, 3, 0, 0, 30.43%, 0, 0, 2, 322.81, 183729, 7
575, 81, 2, 3, 0, 0, 30.43%, 0, 0, 2, 321.35, 185392, 7
580, 82, 2, 3, 0, 0, 30.43%, 0, 0, 2, 321.46, 187050, 7
585, 82, 0, 3, 0, 0, 30.43%, 0, 0, 2, 320.05, 188698, 7
591, 83, 1, 3, 0, 0, 30.43%, 0, 0, 2, 320.26, 190353, 7
596, 84, 0, 3, 0, 0, 30.43%, 0, 0, 2, 320.65, 192007, 7
601, 84, 2, 3, 0, 0, 30.43%, 0, 0, 2, 323.18, 193660, 7
606, 85, 1, 3, 0, 0, 30.43%, 0, 0, 2, 322.02, 195318, 7
611, 86, 2, 3, 0, 0, 30.43%, 0, 0, 2, 322.02, 196974, 7
616, 87, 2, 3, 0, 0, 30.43%, 0, 0, 2, 319.36, 198624, 7
622, 88, 2, 3, 0, 0, 30.43%, 0, 0, 2, 319.89, 200288, 7
627, 89, 1, 3, 0, 0, 30.43%, 0, 0, 2, 322.10, 201946, 7
632, 90, 2, 3, 0, 0, 30.43%, 0, 0, 2, 321.65, 203602, 7
637, 90, 0, 3, 0, 0, 30.43%, 0, 0, 2, 321.48, 205250, 7
642, 91, 0, 3, 0, 0, 30.43%, 0, 0, 2, 321.95, 206898, 7
647, 91, 2, 3, 0, 0, 30.43%, 0, 0, 2, 321.46, 208549, 7
652, 92, 0, 3, 0, 0, 30.43%, 0, 0, 2, 321.24, 210203, 7
658, 93, 2, 3, 0, 0, 30.43%, 0, 0, 2, 321.42, 211858, 7
663, 93, 2, 3, 0, 0, 30.43%, 0, 0, 2, 320.49, 213514, 7
668, 94, 2, 3, 0, 0, 30.43%, 0, 0, 2, 321.19, 215172, 7
673, 95, 0, 3, 0, 0, 30.43%, 0, 0, 2, 321.38, 216828, 7
678, 96, 2, 3, 0, 0, 30.43%, 0, 0, 2, 320.95, 218481, 7
683, 96, 2, 3, 0, 0, 30.43%, 0, 0, 2, 321.63, 220137, 7
689, 97, 2, 3, 0, 0, 30.43%, 0, 0, 2, 321.25, 221795, 7
694, 98, 2, 3, 0, 0, 30.43%, 0, 0, 2, 321.21, 223453, 7
699, 99, 2, 3, 0, 0, 30.43%, 0, 0, 2, 321.12, 225111, 7
704, 100, 2, 3, 0, 0, 30.43%, 0, 0, 2, 320.59, 226767, 7
709, 101, 0, 3, 0, 0, 30.43%, 0, 0, 2, 319.51, 228417, 7
714, 101, 2, 3, 0, 0, 30.43%, 0, 0, 2, 320.28, 230070, 7
719, 102, 2, 3, 0, 0, 30.43%, 0, 0, 2, 320.38, 231721, 7
725, 102, 2, 3, 0, 0, 30.43%, 0, 0, 2, 322.58, 233377, 7
730, 103, 2, 3, 0, 0, 30.43%, 0, 0, 2, 321.47, 235035, 7
735, 104, 2, 3, 0, 0, 30.43%, 0, 0, 2, 322.62, 236693, 7
740, 105, 2, 3, 0, 0, 30.43%, 0, 0, 2, 321.40, 238349, 7
745, 105, 2, 3, 0, 0, 30.43%, 0, 0, 2, 321.97, 240007, 7
750, 106, 2, 3, 0, 0, 30.43%, 0, 0, 2, 321.16, 241671, 7
756, 107, 2, 3, 0, 0, 30.43%, 0, 0, 2, 320.72, 243329, 7
761, 107, 0, 3, 0, 0, 30.43%, 0, 0, 2, 322.40, 244989, 7
766, 108, 0, 3, 0, 0, 30.43%, 0, 0, 2, 321.67, 246640, 7
771, 109, 2, 3, 0, 0, 30.43%, 0, 0, 2, 322.47, 248301, 7
776, 109, 2, 3, 0, 0, 30.43%, 0, 0, 2, 322.15, 249963, 7
781, 110, 2, 3, 0, 0, 30.43%, 0, 0, 2, 321.07, 251621, 7
786, 111, 2, 3, 0, 0, 30.43%, 0, 0, 2, 320.97, 253279, 7
792, 111, 2, 3, 0, 0, 30.43%, 0, 0, 2, 320.96, 254936, 7
797, 112, 2, 3, 0, 0, 30.43%, 0, 0, 2, 321.39, 256594, 7
802, 113, 2, 3, 0, 0, 30.43%, 0, 0, 2, 322.21, 258257, 7
807, 113, 0, 3, 0, 0, 30.43%, 0, 0, 2, 321.21, 259913, 7
812, 114, 2, 3, 0, 0, 30.43%, 0, 0, 2, 320.10, 261564, 7
817, 115, 2, 3, 0, 0, 30.43%, 0, 0, 2, 321.71, 263222, 7
823, 116, 1, 3, 0, 0, 30.43%, 0, 0, 2, 321.60, 264880, 7
827, 116, 2, 3, 0, 0, 30.43%, 1, 0, 2, 313.15, 266263, 7
