# relative_time, cycles_done, cur_item, corpus_count, pending_total, pending_favs, map_size, saved_crashes, saved_hangs, max_depth, execs_per_sec, total_execs, edges_found
61, 8, 2, 3, 0, 0, 36.00%, 0, 0, 2, 319.17, 19735, 9
67, 9, 0, 3, 0, 0, 36.00%, 0, 0, 2, 320.80, 21387, 9
72, 9, 0, 3, 0, 0, 36.00%, 0, 0, 2, 320.05, 23036, 9
77, 10, 2, 3, 0, 0, 36.00%, 0, 0, 2, 320.33, 24691, 9
82, 11, 2, 3, 0, 0, 36.00%, 0, 0, 2, 319.91, 26346, 9
87, 12, 0, 3, 0, 0, 36.00%, 0, 0, 2, 318.74, 27939, 9
92, 12, 2, 3, 0, 0, 36.00%, 0, 0, 2, 319.59, 29594, 9
98, 13, 0, 3, 0, 0, 36.00%, 0, 0, 2, 319.64, 31250, 9
103, 14, 2, 3, 0, 0, 36.00%, 0, 0, 2, 317.75, 32896, 9
108, 15, 0, 3, 0, 0, 36.00%, 0, 0, 2, 318.46, 34549, 9
113, 16, 2, 3, 0, 0, 36.00%, 0, 0, 2, 319.39, 36207, 9
118, 17, 2, 3, 0, 0, 36.00%, 0, 0, 2, 317.51, 37794, 9
123, 18, 0, 3, 0, 0, 36.00%, 0, 0, 2, 318.11, 39390, 9
128, 18, 2, 3, 0, 0, 36.00%, 0, 0, 2, 318.75, 41045, 9
133, 19, 0, 3, 0, 0, 36.00%, 0, 0, 2, 318.32, 42688, 9
139, 20, 2, 3, 0, 0, 36.00%, 0, 0, 2, 318.67, 44346, 9
144, 20, 0, 3, 0, 0, 36.00%, 0, 0, 2, 318.55, 45999, 9
149, 21, 0, 3, 0, 0, 36.00%, 0, 0, 2, 319.53, 47645, 9
154, 22, 0, 3, 0, 0, 36.00%, 0, 0, 2, 319.09, 49303, 9
159, 22, 2, 3, 0, 0, 36.00%, 0, 0, 2, 318.93, 50951, 9
165, 23, 2, 3, 0, 0, 36.00%, 0, 0, 2, 320.13, 52610, 9
170, 24, 2, 3, 0, 0, 36.00%, 0, 0, 2, 320.26, 54278, 9
175, 25, 0, 3, 0, 0, 36.00%, 0, 0, 2, 319.16, 55928, 9
180, 26, 0, 3, 0, 0, 36.00%, 0, 0, 2, 319.44, 57580, 9
185, 26, 0, 3, 0, 0, 36.00%, 0, 0, 2, 319.29, 59229, 9
190, 27, 2, 3, 0, 0, 36.00%, 0, 0, 2, 319.40, 60880, 9
196, 27, 0, 3, 0, 0, 36.00%, 0, 0, 2, 320.36, 62541, 9
201, 27, 0, 3, 0, 0, 36.00%, 0, 0, 2, 319.75, 64190, 9
206, 28, 0, 3, 0, 0, 36.00%, 0, 0, 2, 318.93, 65839, 9
211, 28, 2, 3, 0, 0, 36.00%, 0, 0, 2, 319.39, 67487, 9
213, 29, 2, 3, 0, 0, 36.00%, 1, 0, 2, 310.70, 68065, 9
