# relative_time, cycles_done, cur_item, corpus_count, pending_total, pending_favs, map_size, saved_crashes, saved_hangs, max_depth, execs_per_sec, total_execs, edges_found
61, 5, 0, 1, 0, 0, 25.00%, 0, 0, 1, 323.96, 20091, 2
66, 6, 0, 1, 0, 0, 25.00%, 0, 0, 1, 326.07, 21757, 2
71, 6, 0, 1, 0, 0, 25.00%, 0, 0, 1, 325.34, 23418, 2
76, 7, 0, 1, 0, 0, 25.00%, 0, 0, 1, 326.37, 25096, 2
82, 7, 0, 1, 0, 0, 25.00%, 0, 0, 1, 325.28, 26757, 2
87, 8, 0, 1, 0, 0, 25.00%, 0, 0, 1, 326.65, 28418, 2
92, 8, 0, 1, 0, 0, 25.00%, 0, 0, 1, 325.68, 30090, 2
97, 9, 0, 1, 0, 0, 25.00%, 0, 0, 1, 324.20, 31745, 2
102, 9, 0, 1, 0, 0, 25.00%, 0, 0, 1, 325.08, 33411, 2
107, 10, 0, 1, 0, 0, 25.00%, 0, 0, 1, 323.70, 35054, 2
112, 10, 0, 1, 0, 0, 25.00%, 0, 0, 1, 324.99, 36720, 2
117, 11, 0, 1, 0, 0, 25.00%, 0, 0, 1, 325.81, 38381, 2
122, 11, 0, 1, 0, 0, 25.00%, 0, 0, 1, 323.29, 40036, 2
128, 12, 0, 1, 0, 0, 25.00%, 0, 0, 1, 325.68, 41714, 2
133, 12, 0, 1, 0, 0, 25.00%, 0, 0, 1, 325.41, 43363, 2
138, 13, 0, 1, 0, 0, 25.00%, 0, 0, 1, 325.92, 45023, 2
143, 13, 0, 1, 0, 0, 25.00%, 0, 0, 1, 323.13, 46672, 2
148, 13, 0, 1, 0, 0, 25.00%, 0, 0, 1, 324.38, 48339, 2
153, 14, 0, 1, 0, 0, 25.00%, 0, 0, 1, 324.98, 49987, 2
158, 14, 0, 1, 0, 0, 25.00%, 0, 0, 1, 325.58, 51648, 2
163, 15, 0, 1, 0, 0, 25.00%, 0, 0, 1, 324.00, 53320, 2
168, 15, 0, 1, 0, 0, 25.00%, 0, 0, 1, 325.45, 54981, 2
174, 16, 0, 1, 0, 0, 25.00%, 0, 0, 1, 323.01, 56636, 2
179, 16, 0, 1, 0, 0, 25.00%, 0, 0, 1, 325.30, 58320, 2
184, 17, 0, 1, 0, 0, 25.00%, 0, 0, 1, 325.54, 59987, 2
189, 17, 0, 1, 0, 0, 25.00%, 0, 0, 1, 326.12, 61659, 2
194, 18, 0, 1, 0, 0, 25.00%, 0, 0, 1, 325.84, 63332, 2
199, 18, 0, 1, 0, 0, 25.00%, 0, 0, 1, 326.18, 65022, 2
204, 19, 0, 1, 0, 0, 25.00%, 0, 0, 1, 325.68, 66677, 2
210, 19, 0, 1, 0, 0, 25.00%, 0, 0, 1, 312.91, 68302, 2
215, 20, 0, 1, 0, 0, 25.00%, 0, 0, 1, 322.25, 69956, 2
220, 20, 0, 1, 0, 0, 25.00%, 0, 0, 1, 325.59, 71617, 2
225, 21, 0, 1, 0, 0, 25.00%, 0, 0, 1, 324.13, 73277, 2
230, 21, 0, 1, 0, 0, 25.00%, 0, 0, 1, 326.61, 74956, 2
235, 21, 0, 1, 0, 0, 25.00%, 0, 0, 1, 325.60, 76623, 2
240, 22, 0, 1, 0, 0, 25.00%, 0, 0, 1, 324.08, 78277, 2
245, 22, 0, 1, 0, 0, 25.00%, 0, 0, 1, 323.26, 79920, 2
251, 23, 0, 1, 0, 0, 25.00%, 0, 0, 1, 326.30, 81604, 2
256, 23, 0, 1, 0, 0, 25.00%, 0, 0, 1, 326.83, 83283, 2
261, 24, 0, 1, 0, 0, 25.00%, 0, 0, 1, 324.08, 84931, 2
266, 24, 0, 1, 0, 0, 25.00%, 0, 0, 1, 324.44, 86586, 2
271, 25, 0, 1, 0, 0, 25.00%, 0, 0, 1, 324.09, 88235, 2
276, 25, 0, 1, 0, 0, 25.00%, 0, 0, 1, 325.17, 89901, 2
281, 26, 0, 1, 0, 0, 25.00%, 0, 0, 1, 327.52, 91592, 2
286, 26, 0, 1, 0, 0, 25.00%, 0, 0, 1, 325.36, 93252, 2
291, 27, 0, 1, 0, 0, 25.00%, 0, 0, 1, 326.05, 94925, 2
297, 27, 0, 1, 0, 0, 25.00%, 0, 0, 1, 326.38, 96580, 2
302, 28, 0, 1, 0, 0, 25.00%, 0, 0, 1, 323.90, 98240, 2
307, 28, 0, 1, 0, 0, 25.00%, 0, 0, 1, 325.72, 99901, 2
312, 29, 0, 1, 0, 0, 25.00%, 0, 0, 1, 324.58, 101561, 2
317, 29, 0, 1, 0, 0, 25.00%, 0, 0, 1, 324.97, 103228, 2
322, 30, 0, 1, 0, 0, 25.00%, 0, 0, 1, 326.10, 104906, 2
327, 30, 0, 1, 0, 0, 25.00%, 0, 0, 1, 326.63, 106573, 2
332, 30, 0, 1, 0, 0, 25.00%, 0, 0, 1, 325.93, 108240, 2
338, 31, 0, 1, 0, 0, 25.00%, 0, 0, 1, 326.32, 109918, 2
343, 31, 0, 1, 0, 0, 25.00%, 0, 0, 1, 324.90, 111579, 2
348, 32, 0, 1, 0, 0, 25.00%, 0, 0, 1, 327.01, 113263, 2
353, 32, 0, 1, 0, 0, 25.00%, 0, 0, 1, 326.90, 114930, 2
358, 33, 0, 1, 0, 0, 25.00%, 0, 0, 1, 326.94, 116614, 2
363, 33, 0, 1, 0, 0, 25.00%, 0, 0, 1, 326.56, 118263, 2
368, 34, 0, 1, 0, 0, 25.00%, 0, 0, 1, 326.99, 119930, 2
373, 34, 0, 1, 0, 0, 25.00%, 0, 0, 1, 326.17, 121590, 2
378, 35, 0, 1, 0, 0, 25.00%, 0, 0, 1, 325.08, 123245, 2
383, 35, 0, 1, 0, 0, 25.00%, 0, 0, 1, 326.61, 124917, 2
389, 36, 0, 1, 0, 0, 25.00%, 0, 0, 1, 326.62, 126578, 2
394, 36, 0, 1, 0, 0, 25.00%, 0, 0, 1, 326.50, 128227, 2
399, 37, 0, 1, 0, 0, 25.00%, 0, 0, 1, 327.11, 129905, 2
404, 37, 0, 1, 0, 0, 25.00%, 0, 0, 1, 324.71, 131572, 2
409, 38, 0, 1, 0, 0, 25.00%, 0, 0, 1, 324.26, 133226, 2
414, 38, 0, 1, 0, 0, 25.00%, 0, 0, 1, 325.17, 134905, 2
419, 38, 0, 1, 0, 0, 25.00%, 0, 0, 1, 323.22, 136554, 2
424, 39, 0, 1, 0, 0, 25.00%, 0, 0, 1, 323.75, 138214, 2
429, 39, 0, 1, 0, 0, 25.00%, 0, 0, 1, 324.38, 139869, 2
435, 40, 0, 1, 0, 0, 25.00%, 0, 0, 1, 324.20, 141517, 2
440, 40, 0, 1, 0, 0, 25.00%, 0, 0, 1, 323.90, 143178, 2
445, 41, 0, 1, 0, 0, 25.00%, 0, 0, 1, 323.62, 144838, 2
450, 41, 0, 1, 0, 0, 25.00%, 0, 0, 1, 322.53, 146487, 2
455, 42, 0, 1, 0, 0, 25.00%, 0, 0, 1, 324.48, 148142, 2
460, 42, 0, 1, 0, 0, 25.00%, 0, 0, 1, 325.05, 149808, 2
465, 43, 0, 1, 0, 0, 25.00%, 0, 0, 1, 323.88, 151475, 2
470, 43, 0, 1, 0, 0, 25.00%, 0, 0, 1, 325.17, 153129, 2
476, 44, 0, 1, 0, 0, 25.00%, 0, 0, 1, 324.47, 154790, 2
478, 44, 0, 1, 0, 0, 25.00%, 1, 0, 1, 313.43, 155489, 2
