# relative_time, cycles_done, cur_item, corpus_count, pending_total, pending_favs, map_size, saved_crashes, saved_hangs, max_depth, execs_per_sec, total_execs, edges_found
61, 7, 0, 3, 0, 0, 36.00%, 0, 0, 2, 320.95, 19876, 9
66, 8, 2, 3, 0, 0, 36.00%, 0, 0, 2, 322.65, 21537, 9
72, 9, 2, 3, 0, 0, 36.00%, 0, 0, 2, 324.92, 23211, 9
77, 10, 2, 3, 0, 0, 36.00%, 0, 0, 2, 322.22, 24878, 9
82, 11, 2, 3, 0, 0, 36.00%, 0, 0, 2, 324.70, 26549, 9
87, 11, 2, 3, 0, 0, 36.00%, 0, 0, 2, 321.88, 28192, 9
92, 12, 2, 3, 0, 0, 36.00%, 0, 0, 2, 322.27, 29853, 9
97, 12, 0, 3, 0, 0, 36.00%, 0, 0, 2, 323.63, 31512, 9
102, 13, 0, 3, 0, 0, 36.00%, 0, 0, 2, 324.43, 33173, 9
108, 14, 1, 3, 0, 0, 36.00%, 0, 0, 2, 323.78, 34840, 9
113, 15, 2, 3, 0, 0, 36.00%, 0, 0, 2, 322.22, 36492, 9
118, 16, 2, 3, 0, 0, 36.00%, 0, 0, 2, 322.80, 38142, 9
123, 17, 0, 3, 0, 0, 36.00%, 0, 0, 2, 323.48, 39804, 9
128, 17, 2, 3, 0, 0, 36.00%, 0, 0, 2, 324.12, 41462, 9
133, 18, 2, 3, 0, 0, 36.00%, 0, 0, 2, 322.91, 43117, 9
138, 18, 2, 3, 0, 0, 36.00%, 0, 0, 2, 322.61, 44769, 9
143, 19, 0, 3, 0, 0, 36.00%, 0, 0, 2, 322.65, 46428, 9
149, 20, 0, 3, 0, 0, 36.00%, 0, 0, 2, 321.53, 48080, 9
154, 20, 2, 3, 0, 0, 36.00%, 0, 0, 2, 323.15, 49737, 9
159, 21, 2, 3, 0, 0, 36.00%, 0, 0, 2, 323.08, 51399, 9
164, 22, 0, 3, 0, 0, 36.00%, 0, 0, 2, 320.97, 53051, 9
169, 22, 2, 3, 0, 0, 36.00%, 0, 0, 2, 319.71, 54694, 9
174, 23, 0, 3, 0, 0, 36.00%, 0, 0, 2, 319.28, 56344, 9
179, 23, 2, 3, 0, 0, 36.00%, 0, 0, 2, 322.93, 57995, 9
185, 25, 0, 3, 0, 0, 36.00%, 0, 0, 2, 323.54, 59666, 9
190, 25, 2, 3, 0, 0, 36.00%, 0, 0, 2, 322.27, 61321, 9
195, 26, 2, 3, 0, 0, 36.00%, 0, 0, 2, 323.17, 62976, 9
200, 26, 0, 3, 0, 0, 36.00%, 0, 0, 2, 321.16, 64647, 9
205, 28, 0, 3, 0, 0, 36.00%, 0, 0, 2, 322.77, 66308, 9
210, 28, 2, 3, 0, 0, 36.00%, 0, 0, 2, 322.59, 67966, 9
216, 29, 0, 3, 0, 0, 36.00%, 0, 0, 2, 320.19, 69618, 9
221, 29, 0, 3, 0, 0, 36.00%, 0, 0, 2, 321.46, 71279, 9
226, 30, 2, 3, 0, 0, 36.00%, 0, 0, 2, 324.12, 72940, 9
231, 31, 2, 3, 0, 0, 36.00%, 0, 0, 2, 322.83, 74599, 9
236, 32, 0, 3, 0, 0, 36.00%, 0, 0, 2, 321.81, 76261, 9
241, 32, 0, 3, 0, 0, 36.00%, 0, 0, 2, 321.54, 77913, 9
246, 33, 0, 3, 0, 0, 36.00%, 0, 0, 2, 320.79, 79565, 9
252, 34, 2, 3, 0, 0, 36.00%, 0, 0, 2, 323.38, 81226, 9
257, 35, 0, 3, 0, 0, 36.00%, 0, 0, 2, 321.40, 82888, 9
262, 35, 0, 3, 0, 0, 36.00%, 0, 0, 2, 318.75, 84534, 9
267, 36, 2, 3, 0, 0, 36.00%, 0, 0, 2, 320.45, 86182, 9
272, 37, 2, 3, 0, 0, 36.00%, 0, 0, 2, 323.69, 87856, 9
277, 38, 2, 3, 0, 0, 36.00%, 0, 0, 2, 324.42, 89530, 9
283, 38, 2, 3, 0, 0, 36.00%, 0, 0, 2, 322.08, 91182, 9
288, 39, 0, 3, 0, 0, 36.00%, 0, 0, 2, 322.76, 92838, 9
293, 40, 2, 3, 0, 0, 36.00%, 0, 0, 2, 323.07, 94496, 9
298, 41, 2, 3, 0, 0, 36.00%, 0, 0, 2, 322.01, 96139, 9
303, 42, 0, 3, 0, 0, 36.00%, 0, 0, 2, 322.34, 97801, 9
308, 42, 0, 3, 0, 0, 36.00%, 0, 0, 2, 321.97, 99456, 9
313, 43, 0, 3, 0, 0, 36.00%, 0, 0, 2, 321.42, 101108, 9
319, 43, 0, 3, 0, 0, 36.00%, 0, 0, 2, 320.58, 102757, 9
324, 44, 2, 3, 0, 0, 36.00%, 0, 0, 2, 324.28, 104427, 9
329, 45, 0, 3, 0, 0, 36.00%, 0, 0, 2, 321.56, 106079, 9
334, 45, 2, 3, 0, 0, 36.00%, 0, 0, 2, 322.90, 107734, 9
339, 46, 0, 3, 0, 0, 36.00%, 0, 0, 2, 322.12, 109396, 9
344, 47, 0, 3, 0, 0, 36.00%, 0, 0, 2, 320.77, 111054, 9
349, 48, 2, 3, 0, 0, 36.00%, 0, 0, 2, 323.71, 112715, 9
354, 48, 0, 3, 0, 0, 36.00%, 1, 0, 2, 311.68, 114284, 9
