# relative_time, cycles_done, cur_item, corpus_count, pending_total, pending_favs, map_size, saved_crashes, saved_hangs, max_depth, execs_per_sec, total_execs, edges_found
61, 10, 0, 3, 0, 0, 36.00%, 0, 0, 2, 323.42, 20027, 9
66, 11, 0, 3, 0, 0, 36.00%, 0, 0, 2, 321.77, 21681, 9
72, 11, 1, 3, 0, 0, 36.00%, 0, 0, 2, 318.98, 23324, 9
77, 13, 2, 3, 0, 0, 36.00%, 0, 0, 2, 322.21, 24983, 9
82, 14, 2, 3, 0, 0, 36.00%, 0, 0, 2, 325.29, 26657, 9
87, 15, 2, 3, 0, 0, 36.00%, 0, 0, 2, 326.63, 28331, 9
92, 16, 2, 3, 0, 0, 36.00%, 0, 0, 2, 325.09, 30002, 9
97, 17, 2, 3, 0, 0, 36.00%, 0, 0, 2, 326.70, 31694, 9
102, 18, 2, 3, 0, 0, 36.00%, 0, 0, 2, 321.74, 33353, 9
108, 19, 2, 3, 0, 0, 36.00%, 0, 0, 2, 322.42, 35007, 9
113, 20, 0, 3, 0, 0, 36.00%, 0, 0, 2, 323.39, 36667, 9
118, 21, 2, 3, 0, 0, 36.00%, 0, 0, 2, 323.84, 38330, 9
123, 22, 2, 3, 0, 0, 36.00%, 0, 0, 2, 322.31, 39987, 9
128, 23, 0, 3, 0, 0, 36.00%, 0, 0, 2, 322.57, 41641, 9
133, 23, 2, 3, 0, 0, 36.00%, 0, 0, 2, 323.41, 43304, 9
138, 25, 2, 3, 0, 0, 36.00%, 0, 0, 2, 323.30, 44969, 9
144, 26, 0, 3, 0, 0, 36.00%, 0, 0, 2, 322.22, 46631, 9
149, 27, 2, 3, 0, 0, 36.00%, 0, 0, 2, 323.90, 48303, 9
154, 28, 0, 3, 0, 0, 36.00%, 0, 0, 2, 323.57, 49965, 9
159, 29, 0, 3, 0, 0, 36.00%, 0, 0, 2, 323.43, 51628, 9
164, 30, 2, 3, 0, 0, 36.00%, 0, 0, 2, 321.27, 53280, 9
169, 31, 2, 3, 0, 0, 36.00%, 0, 0, 2, 322.58, 54939, 9
174, 32, 2, 3, 0, 0, 36.00%, 0, 0, 2, 323.44, 56607, 9
180, 32, 0, 3, 0, 0, 36.00%, 0, 0, 2, 321.92, 58261, 9
185, 33, 2, 3, 0, 0, 36.00%, 0, 0, 2, 318.98, 59882, 9
190, 35, 2, 3, 0, 0, 36.00%, 0, 0, 2, 323.76, 61553, 9
195, 35, 2, 3, 0, 0, 36.00%, 0, 0, 2, 322.62, 63207, 9
200, 36, 2, 3, 0, 0, 36.00%, 0, 0, 2, 321.32, 64852, 9
205, 37, 2, 3, 0, 0, 36.00%, 0, 0, 2, 323.78, 66518, 9
211, 38, 2, 3, 0, 0, 36.00%, 0, 0, 2, 322.80, 68181, 9
216, 39, 2, 3, 0, 0, 36.00%, 0, 0, 2, 323.94, 69855, 9
221, 40, 2, 3, 0, 0, 36.00%, 0, 0, 2, 323.70, 71512, 9
226, 41, 2, 3, 0, 0, 36.00%, 0, 0, 2, 322.43, 73172, 9
231, 42, 0, 3, 0, 0, 36.00%, 0, 0, 2, 325.57, 74852, 9
236, 42, 0, 3, 0, 0, 36.00%, 0, 0, 2, 322.68, 76506, 9
241, 43, 2, 3, 0, 0, 36.00%, 0, 0, 2, 321.67, 78161, 9
246, 44, 0, 3, 0, 0, 36.00%, 0, 0, 2, 322.89, 79818, 9
252, 44, 2, 3, 0, 0, 36.00%, 0, 0, 2, 323.73, 81478, 9
257, 45, 2, 3, 0, 0, 36.00%, 0, 0, 2, 319.75, 83132, 9
262, 46, 2, 3, 0, 0, 36.00%, 0, 0, 2, 324.30, 84797, 9
267, 47, 2, 3, 0, 0, 36.00%, 0, 0, 2, 324.46, 86465, 9
272, 48, 2, 3, 0, 0, 36.00%, 0, 0, 2, 323.53, 88131, 9
277, 49, 2, 3, 0, 0, 36.00%, 0, 0, 2, 323.04, 89791, 9
283, 50, 2, 3, 0, 0, 36.00%, 0, 0, 2, 321.97, 91448, 9
288, 51, 0, 3, 0, 0, 36.00%, 0, 0, 2, 324.39, 93113, 9
293, 52, 2, 3, 0, 0, 36.00%, 0, 0, 2, 321.09, 94765, 9
298, 53, 2, 3, 0, 0, 36.00%, 0, 0, 2, 324.06, 96436, 9
303, 53, 2, 3, 0, 0, 36.00%, 0, 0, 2, 322.43, 98096, 9
306, 54, 0, 3, 0, 0, 36.00%, 1, 0, 2, 0.00, 99131, 9
