# relative_time, cycles_done, cur_item, corpus_count, pending_total, pending_favs, map_size, saved_crashes, saved_hangs, max_depth, execs_per_sec, total_execs, edges_found
61, 9, 1, 3, 0, 0, 36.00%, 0, 0, 2, 325.93, 20024, 9
66, 10, 1, 3, 0, 0, 36.00%, 0, 0, 2, 323.99, 21700, 9
71, 11, 1, 3, 0, 0, 36.00%, 0, 0, 2, 328.83, 23410, 9
76, 12, 2, 3, 0, 0, 36.00%, 0, 0, 2, 327.09, 25108, 9
82, 13, 1, 3, 0, 0, 36.00%, 0, 0, 2, 327.48, 26794, 9
87, 14, 0, 3, 0, 0, 36.00%, 0, 0, 2, 324.07, 28474, 9
92, 15, 1, 3, 0, 0, 36.00%, 0, 0, 2, 326.78, 30171, 9
97, 15, 0, 3, 0, 0, 36.00%, 0, 0, 2, 324.04, 31851, 9
102, 16, 1, 3, 0, 0, 36.00%, 0, 0, 2, 324.52, 33520, 9
107, 17, 2, 3, 0, 0, 36.00%, 0, 0, 2, 323.23, 35181, 9
113, 18, 1, 3, 0, 0, 36.00%, 0, 0, 2, 329.27, 36890, 9
118, 18, 2, 3, 0, 0, 36.00%, 0, 0, 2, 325.69, 38555, 9
123, 19, 0, 3, 0, 0, 36.00%, 0, 0, 2, 322.47, 40222, 9
128, 19, 1, 3, 0, 0, 36.00%, 0, 0, 2, 324.80, 41895, 9
133, 20, 0, 3, 0, 0, 36.00%, 0, 0, 2, 323.35, 43572, 9
139, 21, 1, 3, 0, 0, 36.00%, 0, 0, 2, 328.70, 45275, 9
144, 22, 1, 3, 0, 0, 36.00%, 0, 0, 2, 329.86, 46991, 9
149, 23, 0, 3, 0, 0, 36.00%, 0, 0, 2, 325.62, 48680, 9
154, 24, 2, 3, 0, 0, 36.00%, 0, 0, 2, 324.67, 50356, 9
159, 25, 1, 3, 0, 0, 36.00%, 0, 0, 2, 329.19, 52057, 9
164, 26, 2, 3, 0, 0, 36.00%, 0, 0, 2, 327.12, 53743, 9
170, 27, 0, 3, 0, 0, 36.00%, 0, 0, 2, 323.26, 55423, 9
175, 27, 0, 3, 0, 0, 36.00%, 0, 0, 2, 322.50, 57081, 9
180, 28, 1, 3, 0, 0, 36.00%, 0, 0, 2, 327.36, 58778, 9
185, 29, 1, 3, 0, 0, 36.00%, 0, 0, 2, 324.35, 60451, 9
190, 30, 0, 3, 0, 0, 36.00%, 0, 0, 2, 322.64, 62119, 9
195, 31, 1, 3, 0, 0, 36.00%, 0, 0, 2, 326.09, 63798, 9
201, 32, 1, 3, 0, 0, 36.00%, 0, 0, 2, 328.55, 65499, 9
206, 32, 0, 3, 0, 0, 36.00%, 0, 0, 2, 323.70, 67182, 9
211, 33, 0, 3, 0, 0, 36.00%, 0, 0, 2, 325.62, 68867, 9
216, 34, 1, 3, 0, 0, 36.00%, 0, 0, 2, 327.51, 70555, 9
221, 35, 2, 3, 0, 0, 36.00%, 0, 0, 2, 327.00, 72253, 9
226, 36, 1, 3, 0, 0, 36.00%, 0, 0, 2, 329.94, 73966, 9
232, 37, 0, 3, 0, 0, 36.00%, 0, 0, 2, 323.79, 75639, 9
237, 38, 2, 3, 0, 0, 36.00%, 0, 0, 2, 324.45, 77324, 9
242, 38, 1, 3, 0, 0, 36.00%, 0, 0, 2, 324.30, 78991, 9
247, 39, 1, 3, 0, 0, 36.00%, 0, 0, 2, 331.53, 80650, 9
252, 40, 1, 3, 0, 0, 36.00%, 0, 0, 2, 339.62, 82426, 9
257, 42, 0, 3, 0, 0, 36.00%, 0, 0, 2, 341.03, 84148, 9
262, 42, 0, 3, 0, 0, 36.00%, 0, 0, 2, 335.13, 85851, 9
267, 43, 1, 3, 0, 0, 36.00%, 0, 0, 2, 332.72, 87512, 9
272, 44, 1, 3, 0, 0, 36.00%, 0, 0, 2, 327.34, 89198, 9
278, 45, 0, 3, 0, 0, 36.00%, 0, 0, 2, 326.12, 90875, 9
283, 46, 1, 3, 0, 0, 36.00%, 0, 0, 2, 327.04, 92554, 9
288, 47, 1, 3, 0, 0, 36.00%, 0, 0, 2, 329.89, 94222, 9
293, 47, 1, 3, 0, 0, 36.00%, 0, 0, 2, 325.80, 95895, 9
298, 48, 0, 3, 0, 0, 36.00%, 0, 0, 2, 322.99, 97569, 9
303, 48, 2, 3, 0, 0, 36.00%, 0, 0, 2, 321.01, 99226, 9
308, 49, 2, 3, 0, 0, 36.00%, 0, 0, 2, 321.14, 100887, 9
314, 49, 0, 3, 0, 0, 36.00%, 0, 0, 2, 322.59, 102543, 9
319, 50, 1, 3, 0, 0, 36.00%, 0, 0, 2, 322.10, 104212, 9
324, 51, 1, 3, 0, 0, 36.00%, 0, 0, 2, 321.86, 105885, 9
329, 52, 2, 3, 0, 0, 36.00%, 0, 0, 2, 325.30, 107526, 9
334, 52, 1, 3, 0, 0, 36.00%, 0, 0, 2, 324.53, 109193, 9
339, 53, 1, 3, 0, 0, 36.00%, 0, 0, 2, 324.26, 110854, 9
344, 54, 0, 3, 0, 0, 36.00%, 0, 0, 2, 324.20, 112522, 9
350, 54, 0, 3, 0, 0, 36.00%, 0, 0, 2, 323.14, 114180, 9
355, 55, 0, 3, 0, 0, 36.00%, 0, 0, 2, 327.03, 115865, 9
360, 56, 1, 3, 0, 0, 36.00%, 0, 0, 2, 325.84, 117532, 9
365, 56, 1, 3, 0, 0, 36.00%, 0, 0, 2, 322.45, 119190, 9
370, 57, 1, 3, 0, 0, 36.00%, 0, 0, 2, 324.70, 120869, 9
375, 58, 1, 3, 0, 0, 36.00%, 0, 0, 2, 329.26, 122537, 9
380, 59, 1, 3, 0, 0, 36.00%, 0, 0, 2, 329.82, 124196, 9
385, 60, 0, 3, 0, 0, 36.00%, 0, 0, 2, 326.65, 125891, 9
391, 61, 1, 3, 0, 0, 36.00%, 0, 0, 2, 325.65, 127567, 9
396, 62, 1, 3, 0, 0, 36.00%, 0, 0, 2, 328.52, 129211, 9
401, 62, 0, 3, 0, 0, 36.00%, 0, 0, 2, 323.72, 130869, 9
406, 62, 0, 3, 0, 0, 36.00%, 0, 0, 2, 321.98, 132518, 9
411, 63, 0, 3, 0, 0, 36.00%, 0, 0, 2, 326.26, 134197, 9
416, 64, 1, 3, 0, 0, 36.00%, 0, 0, 2, 325.49, 135867, 9
421, 65, 0, 3, 0, 0, 36.00%, 0, 0, 2, 327.74, 137565, 9
426, 66, 2, 3, 0, 0, 36.00%, 0, 0, 2, 324.95, 139238, 9
431, 67, 1, 3, 0, 0, 36.00%, 0, 0, 2, 328.13, 140891, 9
437, 67, 1, 3, 0, 0, 36.00%, 0, 0, 2, 326.42, 142570, 9
442, 68, 1, 3, 0, 0, 36.00%, 0, 0, 2, 329.46, 144238, 9
447, 70, 1, 3, 0, 0, 36.00%, 0, 0, 2, 329.90, 145894, 9
452, 71, 0, 3, 0, 0, 36.00%, 0, 0, 2, 328.01, 147595, 9
457, 71, 0, 3, 0, 0, 36.00%, 0, 0, 2, 325.47, 149280, 9
462, 72, 1, 3, 0, 0, 36.00%, 0, 0, 2, 325.93, 150953, 9
467, 72, 1, 3, 0, 0, 36.00%, 0, 0, 2, 313.15, 152584, 9
473, 73, 0, 3, 0, 0, 36.00%, 0, 0, 2, 319.88, 154242, 9
478, 73, 0, 3, 0, 0, 36.00%, 0, 0, 2, 322.59, 155918, 9
483, 74, 2, 3, 0, 0, 36.00%, 0, 0, 2, 326.00, 157606, 9
488, 75, 2, 3, 0, 0, 36.00%, 0, 0, 2, 327.67, 159310, 9
493, 76, 0, 3, 0, 0, 36.00%, 0, 0, 2, 324.90, 160993, 9
498, 77, 1, 3, 0, 0, 36.00%, 0, 0, 2, 328.46, 162690, 9
503, 78, 1, 3, 0, 0, 36.00%, 0, 0, 2, 330.75, 164340, 9
509, 79, 2, 3, 0, 0, 36.00%, 0, 0, 2, 330.36, 165999, 9
514, 80, 1, 3, 0, 0, 36.00%, 0, 0, 2, 324.93, 167648, 9
519, 81, 2, 3, 0, 0, 36.00%, 0, 0, 2, 327.02, 169304, 9
524, 81, 0, 3, 0, 0, 36.00%, 0, 0, 2, 323.06, 170966, 9
529, 82, 0, 3, 0, 0, 36.00%, 0, 0, 2, 322.24, 172645, 9
534, 82, 1, 3, 0, 0, 36.00%, 0, 0, 2, 324.79, 174308, 9
539, 83, 0, 3, 0, 0, 36.00%, 0, 0, 2, 324.47, 175982, 9
544, 84, 1, 3, 0, 0, 36.00%, 0, 0, 2, 326.96, 177670, 9
550, 85, 0, 3, 0, 0, 36.00%, 0, 0, 2, 326.82, 179368, 9
555, 86, 2, 3, 0, 0, 36.00%, 0, 0, 2, 325.92, 181047, 9
560, 87, 1, 3, 0, 0, 36.00%, 0, 0, 2, 328.90, 182757, 9
565, 88, 1, 3, 0, 0, 36.00%, 0, 0, 2, 330.46, 184461, 9
570, 89, 1, 3, 0, 0, 36.00%, 0, 0, 2, 328.61, 186159, 9
576, 90, 1, 3, 0, 0, 36.00%, 0, 0, 2, 328.72, 187866, 9
581, 91, 0, 3, 0, 0, 36.00%, 0, 0, 2, 324.92, 189543, 9
586, 92, 0, 3, 0, 0, 36.00%, 0, 0, 2, 322.70, 191228, 9
591, 92, 1, 3, 0, 0, 36.00%, 0, 0, 2, 323.50, 192891, 9
596, 93, 1, 3, 0, 0, 36.00%, 0, 0, 2, 328.64, 194598, 9
601, 94, 0, 3, 0, 0, 36.00%, 0, 0, 2, 324.61, 196284, 9
607, 95, 2, 3, 0, 0, 36.00%, 0, 0, 2, 326.17, 197969, 9
612, 96, 1, 3, 0, 0, 36.00%, 0, 0, 2, 327.35, 199667, 9
617, 97, 0, 3, 0, 0, 36.00%, 0, 0, 2, 323.70, 201329, 9
622, 98, 0, 3, 0, 0, 36.00%, 0, 0, 2, 324.45, 203008, 9
627, 98, 0, 3, 0, 0, 36.00%, 0, 0, 2, 324.18, 204687, 9
632, 99, 1, 3, 0, 0, 36.00%, 0, 0, 2, 324.19, 206357, 9
638, 100, 0, 3, 0, 0, 36.00%, 0, 0, 2, 320.46, 208022, 9
643, 101, 1, 3, 0, 0, 36.00%, 0, 0, 2, 321.53, 209677, 9
648, 102, 1, 3, 0, 0, 36.00%, 0, 0, 2, 326.58, 211357, 9
653, 102, 0, 3, 0, 0, 36.00%, 0, 0, 2, 322.64, 213028, 9
658, 103, 2, 3, 0, 0, 36.00%, 0, 0, 2, 328.01, 214671, 9
663, 105, 0, 3, 0, 0, 36.00%, 0, 0, 2, 324.67, 216357, 9
668, 105, 1, 3, 0, 0, 36.00%, 0, 0, 2, 324.94, 218036, 9
674, 106, 0, 3, 0, 0, 36.00%, 0, 0, 2, 324.80, 219725, 9
679, 106, 0, 3, 0, 0, 36.00%, 0, 0, 2, 320.98, 221374, 9
684, 107, 1, 3, 0, 0, 36.00%, 0, 0, 2, 325.50, 223065, 9
689, 108, 0, 3, 0, 0, 36.00%, 0, 0, 2, 324.71, 224748, 9
694, 109, 2, 3, 0, 0, 36.00%, 0, 0, 2, 323.08, 226421, 9
699, 110, 2, 3, 0, 0, 36.00%, 0, 0, 2, 322.54, 228076, 9
705, 111, 1, 3, 0, 0, 36.00%, 0, 0, 2, 325.87, 229762, 9
710, 112, 1, 3, 0, 0, 36.00%, 0, 0, 2, 324.17, 231436, 9
715, 113, 2, 3, 0, 0, 36.00%, 0, 0, 2, 326.08, 233131, 9
720, 114, 1, 3, 0, 0, 36.00%, 0, 0, 2, 326.35, 234829, 9
725, 115, 0, 3, 0, 0, 36.00%, 0, 0, 2, 325.35, 236470, 9
730, 116, 1, 3, 0, 0, 36.00%, 0, 0, 2, 324.73, 238140, 9
736, 116, 0, 3, 0, 0, 36.00%, 0, 0, 2, 320.96, 239814, 9
741, 118, 1, 3, 0, 0, 36.00%, 0, 0, 2, 326.50, 241514, 9
746, 118, 0, 3, 0, 0, 36.00%, 0, 0, 2, 322.06, 243179, 9
751, 119, 1, 3, 0, 0, 36.00%, 0, 0, 2, 320.66, 244833, 9
756, 120, 1, 3, 0, 0, 36.00%, 0, 0, 2, 327.04, 246531, 9
761, 120, 0, 3, 0, 0, 36.00%, 0, 0, 2, 322.78, 248202, 9
767, 122, 1, 3, 0, 0, 36.00%, 0, 0, 2, 325.02, 249884, 9
772, 123, 1, 3, 0, 0, 36.00%, 0, 0, 2, 326.99, 251525, 9
777, 124, 0, 3, 0, 0, 36.00%, 0, 0, 2, 325.35, 253205, 9
782, 124, 2, 3, 0, 0, 36.00%, 0, 0, 2, 325.01, 254872, 9
787, 125, 0, 3, 0, 0, 36.00%, 0, 0, 2, 322.20, 256543, 9
792, 126, 1, 3, 0, 0, 36.00%, 0, 0, 2, 326.42, 258234, 9
797, 127, 1, 3, 0, 0, 36.00%, 0, 0, 2, 324.47, 259907, 9
803, 127, 1, 3, 0, 0, 36.00%, 0, 0, 2, 323.32, 261574, 9
808, 128, 2, 3, 0, 0, 36.00%, 0, 0, 2, 326.34, 263260, 9
813, 129, 1, 3, 0, 0, 36.00%, 0, 0, 2, 326.76, 264949, 9
818, 130, 0, 3, 0, 0, 36.00%, 0, 0, 2, 323.11, 266620, 9
823, 131, 0, 3, 0, 0, 36.00%, 0, 0, 2, 320.58, 268269, 9
828, 132, 2, 3, 0, 0, 36.00%, 0, 0, 2, 323.99, 269951, 9
833, 133, 1, 3, 0, 0, 36.00%, 0, 0, 2, 327.18, 271592, 9
839, 133, 1, 3, 0, 0, 36.00%, 0, 0, 2, 323.28, 273253, 9
844, 135, 0, 3, 0, 0, 36.00%, 0, 0, 2, 325.72, 274951, 9
849, 135, 1, 3, 0, 0, 36.00%, 0, 0, 2, 323.85, 276621, 9
854, 136, 1, 3, 0, 0, 36.00%, 0, 0, 2, 323.29, 278282, 9
859, 136, 0, 3, 0, 0, 36.00%, 0, 0, 2, 321.77, 279955, 9
864, 137, 1, 3, 0, 0, 36.00%, 0, 0, 2, 323.86, 281613, 9
870, 137, 1, 3, 0, 0, 36.00%, 0, 0, 2, 322.64, 283268, 9
875, 138, 0, 3, 0, 0, 36.00%, 0, 0, 2, 319.88, 284923, 9
880, 138, 0, 3, 0, 0, 36.00%, 0, 0, 2, 321.43, 286581, 9
885, 139, 0, 3, 0, 0, 36.00%, 0, 0, 2, 319.02, 288233, 9
890, 139, 2, 3, 0, 0, 36.00%, 0, 0, 2, 325.24, 289909, 9
895, 140, 0, 3, 0, 0, 36.00%, 0, 0, 2, 323.29, 291577, 9
901, 141, 1, 3, 0, 0, 36.00%, 0, 0, 2, 325.13, 293265, 9
906, 142, 1, 3, 0, 0, 36.00%, 0, 0, 2, 326.00, 294939, 9
910, 143, 1, 3, 0, 0, 36.00%, 1, 0, 2, 319.36, 296419, 9
