# relative_time, cycles_done, cur_item, corpus_count, pending_total, pending_favs, map_size, saved_crashes, saved_hangs, max_depth, execs_per_sec, total_execs, edges_found
61, 9, 2, 3, 0, 0, 36.00%, 0, 0, 2, 328.02, 20107, 9
66, 10, 0, 3, 0, 0, 36.00%, 0, 0, 2, 324.70, 21781, 9
71, 11, 2, 3, 0, 0, 36.00%, 0, 0, 2, 329.95, 23439, 9
76, 12, 2, 3, 0, 0, 36.00%, 0, 0, 2, 331.99, 25113, 9
81, 13, 1, 3, 0, 0, 36.00%, 0, 0, 2, 329.08, 26769, 9
86, 14, 2, 3, 0, 0, 36.00%, 0, 0, 2, 326.38, 28445, 9
91, 15, 2, 3, 0, 0, 36.00%, 0, 0, 2, 329.28, 30101, 9
97, 16, 0, 3, 0, 0, 36.00%, 0, 0, 2, 323.50, 31778, 9
102, 16, 0, 3, 0, 0, 36.00%, 0, 0, 2, 323.83, 33451, 9
107, 17, 0, 3, 0, 0, 36.00%, 1, 0, 2, 318.06, 35080, 9
