# relative_time, cycles_done, cur_item, corpus_count, pending_total, pending_favs, map_size, saved_crashes, saved_hangs, max_depth, execs_per_sec, total_execs, edges_found
61, 5, 1, 2, 0, 0, 32.26%, 0, 0, 2, 320.23, 19808, 10
66, 6, 0, 2, 0, 0, 32.26%, 0, 0, 2, 320.38, 21460, 10
71, 6, 0, 2, 0, 0, 32.26%, 0, 0, 2, 321.67, 23109, 10
77, 6, 1, 2, 0, 0, 32.26%, 0, 0, 2, 319.32, 24759, 10
82, 7, 1, 2, 0, 0, 32.26%, 0, 0, 2, 320.30, 26405, 10
87, 7, 1, 2, 0, 0, 32.26%, 0, 0, 2, 319.83, 28055, 10
92, 8, 0, 2, 0, 0, 32.26%, 0, 0, 2, 320.33, 29707, 10
97, 8, 1, 2, 0, 0, 32.26%, 0, 0, 2, 320.67, 31362, 10
102, 9, 0, 2, 0, 0, 32.26%, 0, 0, 2, 320.29, 33014, 10
108, 9, 0, 2, 0, 0, 32.26%, 0, 0, 2, 320.22, 34664, 10
112, 9, 1, 2, 0, 0, 32.26%, 1, 0, 2, 0.00, 36079, 10
