# relative_time, cycles_done, cur_item, corpus_count, pending_total, pending_favs, map_size, saved_crashes, saved_hangs, max_depth, execs_per_sec, total_execs, edges_found
61, 7, 2, 3, 0, 0, 32.26%, 0, 0, 2, 322.01, 19864, 10
67, 8, 0, 3, 0, 0, 32.26%, 0, 0, 2, 319.94, 21526, 10
72, 9, 2, 3, 0, 0, 32.26%, 0, 0, 2, 320.77, 23178, 10
77, 10, 0, 3, 0, 0, 32.26%, 0, 0, 2, 312.61, 24798, 10
82, 10, 0, 3, 0, 0, 32.26%, 0, 0, 2, 319.24, 26450, 10
87, 11, 2, 3, 0, 0, 32.26%, 0, 0, 2, 321.59, 28114, 10
92, 12, 0, 3, 0, 0, 32.26%, 0, 0, 2, 320.23, 29770, 10
98, 13, 2, 3, 0, 0, 32.26%, 0, 0, 2, 321.74, 31434, 10
103, 14, 2, 3, 0, 0, 32.26%, 0, 0, 2, 320.62, 33095, 10
108, 15, 2, 3, 0, 0, 32.26%, 0, 0, 2, 320.56, 34760, 10
113, 16, 1, 3, 0, 0, 32.26%, 0, 0, 2, 321.88, 36428, 10
118, 17, 2, 3, 0, 0, 32.26%, 0, 0, 2, 320.68, 38080, 10
123, 18, 2, 3, 0, 0, 32.26%, 0, 0, 2, 320.93, 39748, 10
129, 19, 0, 3, 0, 0, 32.26%, 0, 0, 2, 321.36, 41407, 10
134, 20, 2, 3, 0, 0, 32.26%, 0, 0, 2, 320.67, 43062, 10
139, 20, 2, 3, 0, 0, 32.26%, 0, 0, 2, 320.89, 44714, 10
144, 21, 0, 3, 0, 0, 32.26%, 0, 0, 2, 319.78, 46373, 10
149, 21, 2, 3, 0, 0, 32.26%, 0, 0, 2, 320.72, 48021, 10
154, 23, 2, 3, 0, 0, 32.26%, 0, 0, 2, 318.39, 49617, 10
159, 23, 0, 3, 0, 0, 32.26%, 0, 0, 2, 319.89, 51269, 10
165, 23, 0, 3, 0, 0, 32.26%, 0, 0, 2, 319.92, 52918, 10
170, 24, 2, 3, 0, 0, 32.26%, 0, 0, 2, 319.38, 54567, 10
175, 25, 2, 3, 0, 0, 32.26%, 0, 0, 2, 320.56, 56220, 10
180, 27, 0, 3, 0, 0, 32.26%, 0, 0, 2, 321.22, 57876, 10
185, 27, 2, 3, 0, 0, 32.26%, 0, 0, 2, 320.33, 59528, 10
190, 28, 0, 3, 0, 0, 32.26%, 0, 0, 2, 322.54, 61196, 10
196, 28, 0, 3, 0, 0, 32.26%, 0, 0, 2, 320.10, 62840, 10
201, 29, 2, 3, 0, 0, 32.26%, 0, 0, 2, 319.50, 64492, 10
206, 30, 2, 3, 0, 0, 32.26%, 0, 0, 2, 320.26, 66147, 10
211, 30, 2, 3, 0, 0, 32.26%, 0, 0, 2, 320.30, 67799, 10
216, 32, 2, 3, 0, 0, 32.26%, 0, 0, 2, 320.07, 69461, 10
221, 33, 0, 3, 0, 0, 32.26%, 0, 0, 2, 320.70, 71120, 10
227, 34, 2, 3, 0, 0, 32.26%, 0, 0, 2, 321.07, 72775, 10
232, 35, 0, 3, 0, 0, 32.26%, 0, 0, 2, 319.78, 74371, 10
237, 35, 0, 3, 0, 0, 32.26%, 0, 0, 2, 319.70, 76026, 10
242, 36, 0, 3, 0, 0, 32.26%, 0, 0, 2, 320.54, 77675, 10
247, 37, 2, 3, 0, 0, 32.26%, 0, 0, 2, 321.11, 79336, 10
252, 38, 0, 3, 0, 0, 32.26%, 0, 0, 2, 320.82, 80989, 10
257, 38, 0, 3, 0, 0, 32.26%, 0, 0, 2, 321.57, 82644, 10
262, 39, 2, 3, 0, 0, 32.26%, 0, 0, 2, 322.78, 84305, 10
268, 40, 0, 3, 0, 0, 32.26%, 0, 0, 2, 322.66, 85973, 10
273, 41, 2, 3, 0, 0, 32.26%, 0, 0, 2, 321.18, 87625, 10
278, 41, 0, 3, 0, 0, 32.26%, 0, 0, 2, 320.50, 89284, 10
283, 42, 2, 3, 0, 0, 32.26%, 0, 0, 2, 319.95, 90941, 10
288, 43, 0, 3, 0, 0, 32.26%, 0, 0, 2, 320.69, 92594, 10
293, 44, 2, 3, 0, 0, 32.26%, 0, 0, 2, 321.03, 94255, 10
299, 45, 2, 3, 0, 0, 32.26%, 0, 0, 2, 321.61, 95923, 10
304, 46, 2, 3, 0, 0, 32.26%, 0, 0, 2, 320.83, 97582, 10
309, 47, 0, 3, 0, 0, 32.26%, 0, 0, 2, 320.29, 99241, 10
314, 48, 2, 3, 0, 0, 32.26%, 0, 0, 2, 319.91, 100890, 10
319, 49, 0, 3, 0, 0, 32.26%, 0, 0, 2, 319.41, 102540, 10
325, 49, 0, 3, 0, 0, 32.26%, 0, 0, 2, 319.26, 104189, 10
330, 50, 0, 3, 0, 0, 32.26%, 0, 0, 2, 320.34, 105841, 10
335, 51, 1, 3, 0, 0, 32.26%, 0, 0, 2, 319.61, 107490, 10
340, 51, 2, 3, 0, 0, 32.26%, 0, 0, 2, 320.42, 109142, 10
345, 52, 0, 3, 0, 0, 32.26%, 0, 0, 2, 321.14, 110794, 10
350, 52, 0, 3, 0, 0, 32.26%, 0, 0, 2, 320.36, 112446, 10
355, 53, 2, 3, 0, 0, 32.26%, 0, 0, 2, 322.40, 114104, 10
361, 54, 2, 3, 0, 0, 32.26%, 0, 0, 2, 321.36, 115769, 10
366, 54, 0, 3, 0, 0, 32.26%, 0, 0, 2, 320.28, 117415, 10
371, 55, 2, 3, 0, 0, 32.26%, 0, 0, 2, 320.81, 119067, 10
376, 56, 0, 3, 0, 0, 32.26%, 0, 0, 2, 318.53, 120723, 10
381, 56, 0, 3, 0, 0, 32.26%, 0, 0, 2, 320.30, 122372, 10
386, 57, 2, 3, 0, 0, 32.26%, 0, 0, 2, 321.66, 124033, 10
392, 59, 2, 3, 0, 0, 32.26%, 0, 0, 2, 320.50, 125701, 10
397, 59, 0, 3, 0, 0, 32.26%, 0, 0, 2, 320.74, 127347, 10
402, 59, 0, 3, 0, 0, 32.26%, 0, 0, 2, 320.25, 128996, 10
407, 60, 0, 3, 0, 0, 32.26%, 0, 0, 2, 319.36, 130648, 10
412, 61, 0, 3, 0, 0, 32.26%, 0, 0, 2, 319.83, 132294, 10
417, 61, 2, 3, 0, 0, 32.26%, 0, 0, 2, 320.74, 133948, 10
423, 62, 2, 3, 0, 0, 32.26%, 0, 0, 2, 321.73, 135600, 10
425, 62, 2, 3, 0, 0, 32.26%, 1, 0, 2, 306.67, 136214, 10
