# relative_time, cycles_done, cur_item, corpus_count, pending_total, pending_favs, map_size, saved_crashes, saved_hangs, max_depth, execs_per_sec, total_execs, edges_found
61, 9, 0, 3, 0, 0, 32.26%, 0, 0, 2, 323.28, 19946, 10
66, 10, 1, 3, 0, 0, 32.26%, 0, 0, 2, 323.49, 21601, 10
72, 11, 2, 3, 0, 0, 32.26%, 0, 0, 2, 323.60, 23269, 10
77, 12, 2, 3, 0, 0, 32.26%, 0, 0, 2, 322.17, 24930, 10
82, 12, 2, 3, 0, 0, 32.26%, 0, 0, 2, 321.33, 26582, 10
87, 13, 2, 3, 0, 0, 32.26%, 0, 0, 2, 322.55, 28237, 10
92, 14, 2, 3, 0, 0, 32.26%, 0, 0, 2, 322.92, 29905, 10
97, 15, 2, 3, 0, 0, 32.26%, 0, 0, 2, 324.69, 31576, 10
102, 16, 2, 3, 0, 0, 32.26%, 0, 0, 2, 322.46, 33228, 10
108, 17, 0, 3, 0, 0, 32.26%, 0, 0, 2, 322.18, 34893, 10
113, 18, 2, 3, 0, 0, 32.26%, 0, 0, 2, 323.25, 36560, 10
118, 18, 0, 3, 0, 0, 32.26%, 0, 0, 2, 321.97, 38225, 10
123, 19, 0, 3, 0, 0, 32.26%, 0, 0, 2, 320.26, 39873, 10
128, 19, 2, 3, 0, 0, 32.26%, 0, 0, 2, 323.45, 41528, 10
133, 20, 2, 3, 0, 0, 32.26%, 0, 0, 2, 322.85, 43183, 10
138, 20, 2, 3, 0, 0, 32.26%, 0, 0, 2, 320.44, 44832, 10
144, 21, 0, 3, 0, 0, 32.26%, 0, 0, 2, 322.69, 46497, 10
149, 22, 2, 3, 0, 0, 32.26%, 0, 0, 2, 322.58, 48152, 10
154, 23, 0, 3, 0, 0, 32.26%, 0, 0, 2, 322.19, 49811, 10
159, 23, 0, 3, 0, 0, 32.26%, 0, 0, 2, 322.65, 51469, 10
164, 24, 2, 3, 0, 0, 32.26%, 0, 0, 2, 322.26, 53120, 10
169, 25, 0, 3, 0, 0, 32.26%, 0, 0, 2, 321.87, 54772, 10
174, 25, 0, 3, 0, 0, 32.26%, 0, 0, 2, 321.74, 56427, 10
180, 26, 0, 3, 0, 0, 32.26%, 0, 0, 2, 322.62, 58088, 10
185, 26, 2, 3, 0, 0, 32.26%, 0, 0, 2, 324.19, 59743, 10
190, 27, 2, 3, 0, 0, 32.26%, 0, 0, 2, 313.64, 61353, 10
195, 28, 0, 3, 0, 0, 32.26%, 0, 0, 2, 321.31, 63027, 10
200, 29, 2, 3, 0, 0, 32.26%, 0, 0, 2, 322.87, 64685, 10
205, 30, 2, 3, 0, 0, 32.26%, 0, 0, 2, 324.84, 66362, 10
210, 30, 0, 3, 0, 0, 32.26%, 0, 0, 2, 322.40, 68014, 10
216, 31, 0, 3, 0, 0, 32.26%, 0, 0, 2, 321.07, 69666, 10
221, 31, 0, 3, 0, 0, 32.26%, 0, 0, 2, 322.02, 71315, 10
226, 32, 0, 3, 0, 0, 32.26%, 0, 0, 2, 324.25, 72973, 10
231, 32, 0, 3, 0, 0, 32.26%, 0, 0, 2, 322.07, 74622, 10
236, 33, 2, 3, 0, 0, 32.26%, 0, 0, 2, 323.50, 76274, 10
241, 34, 2, 3, 0, 0, 32.26%, 0, 0, 2, 323.27, 77935, 10
246, 34, 2, 3, 0, 0, 32.26%, 0, 0, 2, 323.50, 79596, 10
251, 35, 2, 3, 0, 0, 32.26%, 0, 0, 2, 324.57, 81267, 10
257, 37, 2, 3, 0, 0, 32.26%, 0, 0, 2, 325.86, 82941, 10
262, 38, 0, 3, 0, 0, 32.26%, 0, 0, 2, 324.96, 84618, 10
267, 39, 0, 3, 0, 0, 32.26%, 0, 0, 2, 322.60, 86270, 10
272, 39, 2, 3, 0, 0, 32.26%, 0, 0, 2, 322.92, 87937, 10
277, 40, 2, 3, 0, 0, 32.26%, 0, 0, 2, 322.63, 89586, 10
282, 40, 0, 3, 0, 0, 32.26%, 0, 0, 2, 322.70, 91245, 10
287, 41, 0, 3, 0, 0, 32.26%, 0, 0, 2, 323.20, 92906, 10
293, 41, 2, 3, 0, 0, 32.26%, 0, 0, 2, 322.60, 94554, 10
298, 43, 2, 3, 0, 0, 32.26%, 0, 0, 2, 325.20, 96213, 10
303, 44, 0, 3, 0, 0, 32.26%, 0, 0, 2, 323.92, 97875, 10
308, 44, 0, 3, 0, 0, 32.26%, 0, 0, 2, 322.96, 99542, 10
313, 45, 0, 3, 0, 0, 32.26%, 0, 0, 2, 321.23, 101194, 10
318, 45, 0, 3, 0, 0, 32.26%, 0, 0, 2, 321.02, 102858, 10
323, 46, 2, 3, 0, 0, 32.26%, 0, 0, 2, 324.78, 104531, 10
329, 47, 2, 3, 0, 0, 32.26%, 0, 0, 2, 325.15, 106211, 10
334, 48, 0, 3, 0, 0, 32.26%, 0, 0, 2, 321.40, 107879, 10
339, 49, 2, 3, 0, 0, 32.26%, 0, 0, 2, 325.01, 109555, 10
344, 50, 2, 3, 0, 0, 32.26%, 0, 0, 2, 322.71, 111210, 10
349, 51, 2, 3, 0, 0, 32.26%, 0, 0, 2, 323.48, 112881, 10
354, 52, 0, 3, 0, 0, 32.26%, 0, 0, 2, 324.49, 114549, 10
360, 53, 2, 3, 0, 0, 32.26%, 0, 0, 2, 322.45, 116210, 10
365, 53, 0, 3, 0, 0, 32.26%, 0, 0, 2, 322.74, 117866, 10
370, 54, 0, 3, 0, 0, 32.26%, 0, 0, 2, 320.64, 119515, 10
375, 55, 0, 3, 0, 0, 32.26%, 0, 0, 2, 322.26, 121173, 10
380, 55, 2, 3, 0, 0, 32.26%, 0, 0, 2, 324.00, 122831, 10
385, 57, 2, 3, 0, 0, 32.26%, 0, 0, 2, 324.22, 124493, 10
390, 57, 0, 3, 0, 0, 32.26%, 0, 0, 2, 322.43, 126149, 10
393, 58, 0, 3, 0, 0, 32.26%, 1, 0, 2, 0.00, 126964, 10
