# relative_time, cycles_done, cur_item, corpus_count, pending_total, pending_favs, map_size, saved_crashes, saved_hangs, max_depth, execs_per_sec, total_execs, edges_found
61, 10, 0, 3, 0, 0, 36.00%, 0, 0, 2, 320.41, 19905, 9
67, 10, 1, 3, 0, 0, 36.00%, 0, 0, 2, 317.09, 21536, 9
72, 11, 0, 3, 0, 0, 36.00%, 0, 0, 2, 320.74, 23198, 9
77, 12, 1, 3, 0, 0, 36.00%, 0, 0, 2, 321.05, 24846, 9
82, 12, 0, 3, 0, 0, 36.00%, 0, 0, 2, 321.04, 26505, 9
87, 13, 0, 3, 0, 0, 36.00%, 0, 0, 2, 321.34, 28160, 9
92, 14, 0, 3, 0, 0, 36.00%, 0, 0, 2, 321.33, 29821, 9
98, 14, 2, 3, 0, 0, 36.00%, 0, 0, 2, 320.95, 31473, 9
103, 15, 1, 3, 0, 0, 36.00%, 0, 0, 2, 322.34, 33141, 9
108, 17, 1, 3, 0, 0, 36.00%, 0, 0, 2, 320.66, 34803, 9
113, 17, 0, 3, 0, 0, 36.00%, 0, 0, 2, 321.75, 36456, 9
118, 18, 1, 3, 0, 0, 36.00%, 0, 0, 2, 320.81, 38117, 9
123, 19, 0, 3, 0, 0, 36.00%, 0, 0, 2, 320.96, 39770, 9
129, 20, 1, 3, 0, 0, 36.00%, 0, 0, 2, 320.88, 41425, 9
134, 21, 2, 3, 0, 0, 36.00%, 0, 0, 2, 321.65, 43093, 9
139, 22, 2, 3, 0, 0, 36.00%, 0, 0, 2, 322.15, 44761, 9
144, 23, 1, 3, 0, 0, 36.00%, 0, 0, 2, 321.79, 46423, 9
149, 24, 1, 3, 0, 0, 36.00%, 0, 0, 2, 320.62, 48082, 9
154, 25, 2, 3, 0, 0, 36.00%, 0, 0, 2, 320.61, 49737, 9
160, 26, 1, 3, 0, 0, 36.00%, 0, 0, 2, 320.14, 51405, 9
165, 27, 0, 3, 0, 0, 36.00%, 0, 0, 2, 320.97, 53067, 9
170, 28, 0, 3, 0, 0, 36.00%, 0, 0, 2, 322.10, 54725, 9
175, 28, 0, 3, 0, 0, 36.00%, 0, 0, 2, 321.55, 56377, 9
180, 29, 2, 3, 0, 0, 36.00%, 0, 0, 2, 322.19, 58032, 9
185, 30, 0, 3, 0, 0, 36.00%, 0, 0, 2, 321.71, 59700, 9
191, 30, 1, 3, 0, 0, 36.00%, 0, 0, 2, 321.14, 61348, 9
196, 31, 1, 3, 0, 0, 36.00%, 0, 0, 2, 320.46, 63013, 9
201, 32, 1, 3, 0, 0, 36.00%, 0, 0, 2, 320.17, 64675, 9
206, 33, 0, 3, 0, 0, 36.00%, 0, 0, 2, 322.23, 66331, 9
211, 33, 0, 3, 0, 0, 36.00%, 0, 0, 2, 320.87, 67983, 9
216, 34, 1, 3, 0, 0, 36.00%, 0, 0, 2, 320.61, 69631, 9
222, 35, 1, 3, 0, 0, 36.00%, 0, 0, 2, 320.20, 71293, 9
227, 36, 0, 3, 0, 0, 36.00%, 0, 0, 2, 321.11, 72946, 9
232, 37, 1, 3, 0, 0, 36.00%, 0, 0, 2, 321.57, 74601, 9
237, 38, 0, 3, 0, 0, 36.00%, 0, 0, 2, 322.22, 76266, 9
242, 38, 0, 3, 0, 0, 36.00%, 0, 0, 2, 321.96, 77918, 9
247, 39, 2, 3, 0, 0, 36.00%, 0, 0, 2, 322.29, 79576, 9
253, 40, 1, 3, 0, 0, 36.00%, 0, 0, 2, 321.35, 81238, 9
258, 41, 1, 3, 0, 0, 36.00%, 0, 0, 2, 321.70, 82909, 9
263, 42, 0, 3, 0, 0, 36.00%, 0, 0, 2, 320.73, 84562, 9
268, 42, 1, 3, 0, 0, 36.00%, 0, 0, 2, 320.47, 86213, 9
273, 43, 0, 3, 0, 0, 36.00%, 0, 0, 2, 321.24, 87866, 9
278, 44, 1, 3, 0, 0, 36.00%, 0, 0, 2, 319.90, 89521, 9
284, 44, 0, 3, 0, 0, 36.00%, 0, 0, 2, 320.54, 91180, 9
289, 45, 0, 3, 0, 0, 36.00%, 0, 0, 2, 321.08, 92838, 9
294, 45, 1, 3, 0, 0, 36.00%, 0, 0, 2, 321.18, 94501, 9
299, 46, 0, 3, 0, 0, 36.00%, 0, 0, 2, 321.02, 96160, 9
304, 47, 0, 3, 0, 0, 36.00%, 0, 0, 2, 321.65, 97815, 9
309, 47, 0, 3, 0, 0, 36.00%, 0, 0, 2, 321.15, 99473, 9
314, 48, 1, 3, 0, 0, 36.00%, 0, 0, 2, 321.54, 101137, 9
320, 49, 2, 3, 0, 0, 36.00%, 0, 0, 2, 320.98, 102805, 9
325, 50, 0, 3, 0, 0, 36.00%, 0, 0, 2, 320.37, 104458, 9
330, 51, 0, 3, 0, 0, 36.00%, 0, 0, 2, 321.69, 106116, 9
335, 52, 0, 3, 0, 0, 36.00%, 0, 0, 2, 321.51, 107774, 9
340, 52, 1, 3, 0, 0, 36.00%, 0, 0, 2, 321.77, 109432, 9
345, 53, 1, 3, 0, 0, 36.00%, 0, 0, 2, 321.79, 111087, 9
351, 54, 1, 3, 0, 0, 36.00%, 0, 0, 2, 322.43, 112755, 9
356, 55, 1, 3, 0, 0, 36.00%, 0, 0, 2, 321.04, 114420, 9
361, 56, 1, 3, 0, 0, 36.00%, 0, 0, 2, 321.38, 116088, 9
366, 57, 1, 3, 0, 0, 36.00%, 0, 0, 2, 322.54, 117750, 9
371, 58, 1, 3, 0, 0, 36.00%, 0, 0, 2, 321.09, 119415, 9
377, 59, 0, 3, 0, 0, 36.00%, 0, 0, 2, 319.89, 121068, 9
382, 60, 1, 3, 0, 0, 36.00%, 0, 0, 2, 322.30, 122738, 9
387, 61, 0, 3, 0, 0, 36.00%, 0, 0, 2, 321.84, 124397, 9
392, 61, 0, 3, 0, 0, 36.00%, 0, 0, 2, 323.36, 126058, 9
397, 62, 0, 3, 0, 0, 36.00%, 0, 0, 2, 321.84, 127713, 9
402, 63, 1, 3, 0, 0, 36.00%, 0, 0, 2, 321.53, 129365, 9
407, 63, 2, 3, 0, 0, 36.00%, 0, 0, 2, 320.40, 131014, 9
413, 64, 0, 3, 0, 0, 36.00%, 0, 0, 2, 320.89, 132679, 9
418, 65, 2, 3, 0, 0, 36.00%, 0, 0, 2, 321.25, 134343, 9
423, 66, 0, 3, 0, 0, 36.00%, 0, 0, 2, 321.76, 136002, 9
428, 66, 0, 3, 0, 0, 36.00%, 0, 0, 2, 320.77, 137660, 9
433, 67, 1, 3, 0, 0, 36.00%, 0, 0, 2, 322.07, 139318, 9
438, 68, 2, 3, 0, 0, 36.00%, 0, 0, 2, 321.29, 140983, 9
444, 69, 2, 3, 0, 0, 36.00%, 0, 0, 2, 320.20, 142632, 9
449, 69, 1, 3, 0, 0, 36.00%, 0, 0, 2, 320.79, 144287, 9
454, 70, 1, 3, 0, 0, 36.00%, 0, 0, 2, 320.76, 145952, 9
459, 71, 0, 3, 0, 0, 36.00%, 0, 0, 2, 320.42, 147607, 9
464, 72, 0, 3, 0, 0, 36.00%, 0, 0, 2, 321.68, 149262, 9
469, 72, 1, 3, 0, 0, 36.00%, 0, 0, 2, 320.81, 150914, 9
475, 73, 0, 3, 0, 0, 36.00%, 0, 0, 2, 321.62, 152567, 9
480, 73, 0, 3, 0, 0, 36.00%, 0, 0, 2, 321.02, 154219, 9
485, 74, 0, 3, 0, 0, 36.00%, 0, 0, 2, 320.29, 155864, 9
490, 74, 2, 3, 0, 0, 36.00%, 0, 0, 2, 321.15, 157519, 9
495, 75, 1, 3, 0, 0, 36.00%, 0, 0, 2, 319.47, 159178, 9
500, 76, 0, 3, 0, 0, 36.00%, 0, 0, 2, 321.28, 160834, 9
505, 77, 1, 3, 0, 0, 36.00%, 0, 0, 2, 321.57, 162489, 9
510, 78, 2, 3, 0, 0, 36.00%, 0, 0, 2, 320.15, 164088, 9
516, 79, 0, 3, 0, 0, 36.00%, 0, 0, 2, 320.66, 165750, 9
521, 80, 2, 3, 0, 0, 36.00%, 0, 0, 2, 320.02, 167405, 9
526, 81, 0, 3, 0, 0, 36.00%, 0, 0, 2, 320.33, 169064, 9
531, 81, 1, 3, 0, 0, 36.00%, 0, 0, 2, 321.04, 170719, 9
536, 83, 1, 3, 0, 0, 36.00%, 0, 0, 2, 321.89, 172387, 9
541, 83, 1, 3, 0, 0, 36.00%, 0, 0, 2, 321.93, 174039, 9
547, 84, 0, 3, 0, 0, 36.00%, 0, 0, 2, 322.31, 175707, 9
552, 85, 2, 3, 0, 0, 36.00%, 0, 0, 2, 322.01, 177368, 9
557, 86, 1, 3, 0, 0, 36.00%, 0, 0, 2, 321.52, 179033, 9
562, 87, 0, 3, 0, 0, 36.00%, 0, 0, 2, 319.65, 180692, 9
567, 88, 0, 3, 0, 0, 36.00%, 0, 0, 2, 320.28, 182344, 9
572, 88, 1, 3, 0, 0, 36.00%, 0, 0, 2, 321.28, 183996, 9
578, 89, 1, 3, 0, 0, 36.00%, 0, 0, 2, 320.73, 185639, 9
583, 90, 0, 3, 0, 0, 36.00%, 0, 0, 2, 320.18, 187298, 9
588, 90, 1, 3, 0, 0, 36.00%, 0, 0, 2, 320.25, 188947, 9
593, 91, 1, 3, 0, 0, 36.00%, 0, 0, 2, 320.54, 190615, 9
598, 92, 0, 3, 0, 0, 36.00%, 0, 0, 2, 320.96, 192274, 9
603, 92, 1, 3, 0, 0, 36.00%, 0, 0, 2, 320.39, 193922, 9
609, 94, 1, 3, 0, 0, 36.00%, 0, 0, 2, 320.51, 195578, 9
614, 95, 2, 3, 0, 0, 36.00%, 0, 0, 2, 320.39, 197180, 9
619, 96, 0, 3, 0, 0, 36.00%, 0, 0, 2, 320.06, 198842, 9
624, 96, 0, 3, 0, 0, 36.00%, 0, 0, 2, 319.86, 200500, 9
629, 97, 0, 3, 0, 0, 36.00%, 0, 0, 2, 320.05, 202155, 9
634, 97, 1, 3, 0, 0, 36.00%, 0, 0, 2, 320.53, 203813, 9
639, 98, 0, 3, 0, 0, 36.00%, 0, 0, 2, 320.28, 205469, 9
645, 99, 0, 3, 0, 0, 36.00%, 0, 0, 2, 320.41, 207124, 9
650, 100, 1, 3, 0, 0, 36.00%, 0, 0, 2, 320.84, 208782, 9
655, 101, 0, 3, 0, 0, 36.00%, 0, 0, 2, 320.18, 210384, 9
660, 101, 0, 3, 0, 0, 36.00%, 0, 0, 2, 321.06, 212033, 9
665, 101, 0, 3, 0, 0, 36.00%, 0, 0, 2, 316.87, 213676, 9
670, 102, 1, 3, 0, 0, 36.00%, 0, 0, 2, 320.37, 215327, 9
675, 102, 0, 3, 0, 0, 36.00%, 0, 0, 2, 320.18, 216986, 9
681, 103, 2, 3, 0, 0, 36.00%, 0, 0, 2, 321.63, 218641, 9
686, 104, 2, 3, 0, 0, 36.00%, 0, 0, 2, 317.14, 220278, 9
691, 105, 1, 3, 0, 0, 36.00%, 0, 0, 2, 319.64, 221943, 9
696, 106, 0, 3, 0, 0, 36.00%, 0, 0, 2, 318.39, 223596, 9
701, 107, 1, 3, 0, 0, 36.00%, 0, 0, 2, 319.54, 225254, 9
707, 108, 1, 3, 0, 0, 36.00%, 0, 0, 2, 320.44, 226919, 9
712, 108, 0, 3, 0, 0, 36.00%, 0, 0, 2, 320.83, 228574, 9
717, 109, 0, 3, 0, 0, 36.00%, 0, 0, 2, 320.82, 230223, 9
722, 109, 2, 3, 0, 0, 36.00%, 0, 0, 2, 319.42, 231875, 9
727, 111, 0, 3, 0, 0, 36.00%, 0, 0, 2, 320.71, 233537, 9
732, 111, 1, 3, 0, 0, 36.00%, 0, 0, 2, 320.37, 235192, 9
738, 112, 1, 3, 0, 0, 36.00%, 0, 0, 2, 320.28, 236857, 9
743, 113, 1, 3, 0, 0, 36.00%, 0, 0, 2, 319.74, 238519, 9
748, 114, 0, 3, 0, 0, 36.00%, 0, 0, 2, 318.83, 240115, 9
753, 115, 1, 3, 0, 0, 36.00%, 0, 0, 2, 320.82, 241785, 9
758, 116, 1, 3, 0, 0, 36.00%, 0, 0, 2, 320.30, 243434, 9
763, 116, 0, 3, 0, 0, 36.00%, 0, 0, 2, 320.90, 245096, 9
768, 117, 1, 3, 0, 0, 36.00%, 0, 0, 2, 320.31, 246754, 9
774, 118, 0, 3, 0, 0, 36.00%, 0, 0, 2, 321.09, 248410, 9
779, 119, 1, 3, 0, 0, 36.00%, 0, 0, 2, 319.18, 250065, 9
784, 120, 1, 3, 0, 0, 36.00%, 0, 0, 2, 319.60, 251664, 9
789, 121, 1, 3, 0, 0, 36.00%, 0, 0, 2, 320.24, 253320, 9
794, 122, 1, 3, 0, 0, 36.00%, 0, 0, 2, 318.27, 254979, 9
799, 123, 2, 3, 0, 0, 36.00%, 0, 0, 2, 319.35, 256581, 9
804, 125, 2, 3, 0, 0, 36.00%, 0, 0, 2, 318.16, 258237, 9
810, 125, 0, 3, 0, 0, 36.00%, 0, 0, 2, 319.22, 259884, 9
815, 126, 0, 3, 0, 0, 36.00%, 0, 0, 2, 313.55, 261437, 9
820, 126, 0, 3, 0, 0, 36.00%, 0, 0, 2, 317.16, 263086, 9
825, 127, 0, 3, 0, 0, 36.00%, 0, 0, 2, 318.88, 264738, 9
830, 127, 0, 3, 0, 0, 36.00%, 0, 0, 2, 319.45, 266385, 9
835, 128, 0, 3, 0, 0, 36.00%, 0, 0, 2, 320.40, 268039, 9
840, 129, 0, 3, 0, 0, 36.00%, 0, 0, 2, 319.95, 269697, 9
846, 129, 2, 3, 0, 0, 36.00%, 0, 0, 2, 320.04, 271346, 9
849, 130, 0, 3, 0, 0, 36.00%, 1, 0, 2, 309.71, 272253, 9
