# relative_time, cycles_done, cur_item, corpus_count, pending_total, pending_favs, map_size, saved_crashes, saved_hangs, max_depth, execs_per_sec, total_execs, edges_found
61, 5, 0, 1, 0, 0, 25.00%, 0, 0, 1, 325.13, 20019, 2
66, 6, 0, 1, 0, 0, 25.00%, 0, 0, 1, 326.30, 21697, 2
71, 6, 0, 1, 0, 0, 25.00%, 0, 0, 1, 326.05, 23364, 2
76, 7, 0, 1, 0, 0, 25.00%, 0, 0, 1, 325.40, 25024, 2
81, 7, 0, 1, 0, 0, 25.00%, 0, 0, 1, 327.29, 26697, 2
87, 8, 0, 1, 0, 0, 25.00%, 0, 0, 1, 326.60, 28370, 2
92, 8, 0, 1, 0, 0, 25.00%, 0, 0, 1, 323.66, 30024, 2
97, 9, 0, 1, 0, 0, 25.00%, 0, 0, 1, 325.36, 31691, 2
102, 9, 0, 1, 0, 0, 25.00%, 0, 0, 1, 325.50, 33351, 2
107, 10, 0, 1, 0, 0, 25.00%, 0, 0, 1, 325.06, 35030, 2
112, 10, 0, 1, 0, 0, 25.00%, 0, 0, 1, 324.96, 36685, 2
117, 11, 0, 1, 0, 0, 25.00%, 0, 0, 1, 325.21, 38357, 2
122, 11, 0, 1, 0, 0, 25.00%, 0, 0, 1, 325.49, 40030, 2
128, 12, 0, 1, 0, 0, 25.00%, 0, 0, 1, 326.55, 41708, 2
133, 12, 0, 1, 0, 0, 25.00%, 0, 0, 1, 325.68, 43369, 2
138, 13, 0, 1, 0, 0, 25.00%, 0, 0, 1, 326.16, 45035, 2
143, 13, 0, 1, 0, 0, 25.00%, 0, 0, 1, 325.36, 46684, 2
148, 13, 0, 1, 0, 0, 25.00%, 0, 0, 1, 326.12, 48351, 2
153, 14, 0, 1, 0, 0, 25.00%, 0, 0, 1, 324.86, 50029, 2
158, 14, 0, 1, 0, 0, 25.00%, 0, 0, 1, 324.39, 51684, 2
163, 15, 0, 1, 0, 0, 25.00%, 0, 0, 1, 326.00, 53368, 2
169, 15, 0, 1, 0, 0, 25.00%, 0, 0, 1, 323.41, 55017, 2
174, 16, 0, 1, 0, 0, 25.00%, 0, 0, 1, 320.55, 56654, 2
179, 16, 0, 1, 0, 0, 25.00%, 0, 0, 1, 322.90, 58308, 2
180, 16, 0, 1, 0, 0, 25.00%, 1, 0, 1, 315.64, 58635, 2
