# relative_time, cycles_done, cur_item, corpus_count, pending_total, pending_favs, map_size, saved_crashes, saved_hangs, max_depth, execs_per_sec, total_execs, edges_found
61, 5, 0, 1, 0, 0, 25.00%, 0, 0, 1, 325.36, 19959, 2
66, 6, 0, 1, 0, 0, 25.00%, 0, 0, 1, 325.00, 21613, 2
71, 6, 0, 1, 0, 0, 25.00%, 0, 0, 1, 325.55, 23280, 2
76, 7, 0, 1, 0, 0, 25.00%, 0, 0, 1, 325.71, 24940, 2
81, 7, 0, 1, 0, 0, 25.00%, 0, 0, 1, 325.52, 26589, 2
86, 8, 0, 1, 0, 0, 25.00%, 0, 0, 1, 325.15, 28244, 2
92, 8, 0, 1, 0, 0, 25.00%, 0, 0, 1, 325.49, 29916, 2
97, 9, 0, 1, 0, 0, 25.00%, 0, 0, 1, 325.26, 31577, 2
102, 9, 0, 1, 0, 0, 25.00%, 0, 0, 1, 325.39, 33249, 2
107, 10, 0, 1, 0, 0, 25.00%, 0, 0, 1, 325.78, 34910, 2
112, 10, 0, 1, 0, 0, 25.00%, 0, 0, 1, 325.02, 36559, 2
117, 11, 0, 1, 0, 0, 25.00%, 0, 0, 1, 325.57, 38231, 2
122, 11, 0, 1, 0, 0, 25.00%, 0, 0, 1, 325.18, 39880, 2
127, 12, 0, 1, 0, 0, 25.00%, 0, 0, 1, 325.85, 41540, 2
132, 12, 0, 1, 0, 0, 25.00%, 0, 0, 1, 324.44, 43195, 2
138, 12, 0, 1, 0, 0, 25.00%, 0, 0, 1, 325.50, 44868, 2
143, 13, 0, 1, 0, 0, 25.00%, 0, 0, 1, 325.74, 46528, 2
148, 13, 0, 1, 0, 0, 25.00%, 0, 0, 1, 325.42, 48189, 2
153, 14, 0, 1, 0, 0, 25.00%, 0, 0, 1, 324.89, 49855, 2
158, 14, 0, 1, 0, 0, 25.00%, 0, 0, 1, 325.08, 51516, 2
163, 15, 0, 1, 0, 0, 25.00%, 0, 0, 1, 325.06, 53188, 2
168, 15, 0, 1, 0, 0, 25.00%, 0, 0, 1, 324.43, 54849, 2
173, 16, 0, 1, 0, 0, 25.00%, 0, 0, 1, 325.35, 56510, 2
179, 16, 0, 1, 0, 0, 25.00%, 0, 0, 1, 325.09, 58182, 2
184, 17, 0, 1, 0, 0, 25.00%, 0, 0, 1, 325.65, 59837, 2
189, 17, 0, 1, 0, 0, 25.00%, 0, 0, 1, 324.83, 61497, 2
194, 18, 0, 1, 0, 0, 25.00%, 0, 0, 1, 324.54, 63152, 2
199, 18, 0, 1, 0, 0, 25.00%, 0, 0, 1, 325.88, 64807, 2
204, 19, 0, 1, 0, 0, 25.00%, 0, 0, 1, 326.41, 66467, 2
209, 19, 0, 1, 0, 0, 25.00%, 0, 0, 1, 325.46, 68128, 2
214, 20, 0, 1, 0, 0, 25.00%, 0, 0, 1, 324.73, 69782, 2
219, 20, 0, 1, 0, 0, 25.00%, 0, 0, 1, 321.57, 71437, 2
224, 20, 0, 1, 0, 0, 25.00%, 0, 0, 1, 324.61, 73110, 2
230, 21, 0, 1, 0, 0, 25.00%, 0, 0, 1, 326.03, 74770, 2
235, 21, 0, 1, 0, 0, 25.00%, 0, 0, 1, 325.66, 76437, 2
240, 22, 0, 1, 0, 0, 25.00%, 0, 0, 1, 325.72, 78103, 2
245, 22, 0, 1, 0, 0, 25.00%, 0, 0, 1, 326.19, 79752, 2
250, 23, 0, 1, 0, 0, 25.00%, 0, 0, 1, 326.17, 81412, 2
255, 23, 0, 1, 0, 0, 25.00%, 0, 0, 1, 325.02, 83085, 2
260, 24, 0, 1, 0, 0, 25.00%, 0, 0, 1, 325.18, 84746, 2
265, 24, 0, 1, 0, 0, 25.00%, 0, 0, 1, 325.57, 86406, 2
270, 25, 0, 1, 0, 0, 25.00%, 0, 0, 1, 325.33, 88067, 2
275, 25, 0, 1, 0, 0, 25.00%, 0, 0, 1, 325.04, 89727, 2
281, 26, 0, 1, 0, 0, 25.00%, 0, 0, 1, 324.86, 91376, 2
286, 26, 0, 1, 0, 0, 25.00%, 0, 0, 1, 324.80, 93031, 2
291, 27, 0, 1, 0, 0, 25.00%, 0, 0, 1, 326.03, 94691, 2
296, 27, 0, 1, 0, 0, 25.00%, 0, 0, 1, 324.05, 96352, 2
301, 28, 0, 1, 0, 0, 25.00%, 0, 0, 1, 323.77, 98018, 2
306, 28, 0, 1, 0, 0, 25.00%, 0, 0, 1, 326.15, 99685, 2
311, 29, 0, 1, 0, 0, 25.00%, 0, 0, 1, 326.32, 101351, 2
316, 29, 0, 1, 0, 0, 25.00%, 0, 0, 1, 323.77, 102994, 2
321, 29, 0, 1, 0, 0, 25.00%, 0, 0, 1, 326.07, 104649, 2
326, 30, 0, 1, 0, 0, 25.00%, 0, 0, 1, 325.40, 106303, 2
332, 30, 0, 1, 0, 0, 25.00%, 0, 0, 1, 324.51, 107976, 2
337, 31, 0, 1, 0, 0, 25.00%, 0, 0, 1, 326.62, 109648, 2
342, 31, 0, 1, 0, 0, 25.00%, 0, 0, 1, 325.26, 111297, 2
347, 32, 0, 1, 0, 0, 25.00%, 0, 0, 1, 324.86, 112958, 2
352, 32, 0, 1, 0, 0, 25.00%, 0, 0, 1, 325.95, 114624, 2
357, 33, 0, 1, 0, 0, 25.00%, 0, 0, 1, 326.04, 116291, 2
362, 33, 0, 1, 0, 0, 25.00%, 0, 0, 1, 325.02, 117957, 2
367, 34, 0, 1, 0, 0, 25.00%, 0, 0, 1, 325.38, 119618, 2
373, 34, 0, 1, 0, 0, 25.00%, 0, 0, 1, 324.14, 121285, 2
378, 35, 0, 1, 0, 0, 25.00%, 0, 0, 1, 324.32, 122939, 2
383, 35, 0, 1, 0, 0, 25.00%, 0, 0, 1, 326.18, 124600, 2
388, 36, 0, 1, 0, 0, 25.00%, 0, 0, 1, 325.25, 126254, 2
393, 36, 0, 1, 0, 0, 25.00%, 0, 0, 1, 324.10, 127915, 2
398, 37, 0, 1, 0, 0, 25.00%, 0, 0, 1, 325.21, 129587, 2
403, 37, 0, 1, 0, 0, 25.00%, 0, 0, 1, 325.60, 131248, 2
408, 37, 0, 1, 0, 0, 25.00%, 0, 0, 1, 321.29, 132891, 2
413, 38, 0, 1, 0, 0, 25.00%, 0, 0, 1, 324.33, 134551, 2
419, 38, 0, 1, 0, 0, 25.00%, 0, 0, 1, 324.61, 136218, 2
424, 39, 0, 1, 0, 0, 25.00%, 0, 0, 1, 325.19, 137890, 2
429, 39, 0, 1, 0, 0, 25.00%, 0, 0, 1, 325.78, 139557, 2
434, 40, 0, 1, 0, 0, 25.00%, 0, 0, 1, 326.31, 141230, 2
439, 40, 0, 1, 0, 0, 25.00%, 0, 0, 1, 325.53, 142902, 2
444, 41, 0, 1, 0, 0, 25.00%, 0, 0, 1, 325.87, 144563, 2
449, 41, 0, 1, 0, 0, 25.00%, 0, 0, 1, 326.09, 146235, 2
454, 42, 0, 1, 0, 0, 25.00%, 0, 0, 1, 324.71, 147890, 2
459, 42, 0, 1, 0, 0, 25.00%, 0, 0, 1, 325.63, 149550, 2
465, 43, 0, 1, 0, 0, 25.00%, 0, 0, 1, 325.14, 151205, 2
470, 43, 0, 1, 0, 0, 25.00%, 0, 0, 1, 325.58, 152872, 2
475, 44, 0, 1, 0, 0, 25.00%, 0, 0, 1, 325.91, 154550, 2
480, 44, 0, 1, 0, 0, 25.00%, 0, 0, 1, 325.96, 156217, 2
485, 45, 0, 1, 0, 0, 25.00%, 0, 0, 1, 324.94, 157883, 2
490, 45, 0, 1, 0, 0, 25.00%, 0, 0, 1, 325.99, 159556, 2
495, 45, 0, 1, 0, 0, 25.00%, 0, 0, 1, 322.32, 161229, 2
501, 46, 0, 1, 0, 0, 25.00%, 0, 0, 1, 325.73, 162907, 2
506, 46, 0, 1, 0, 0, 25.00%, 0, 0, 1, 326.60, 164574, 2
511, 47, 0, 1, 0, 0, 25.00%, 0, 0, 1, 324.93, 166228, 2
516, 47, 0, 1, 0, 0, 25.00%, 0, 0, 1, 325.53, 167883, 2
521, 48, 0, 1, 0, 0, 25.00%, 0, 0, 1, 325.53, 169543, 2
526, 48, 0, 1, 0, 0, 25.00%, 0, 0, 1, 325.78, 171204, 2
531, 49, 0, 1, 0, 0, 25.00%, 0, 0, 1, 325.54, 172853, 2
536, 49, 0, 1, 0, 0, 25.00%, 0, 0, 1, 326.40, 174519, 2
541, 50, 0, 1, 0, 0, 25.00%, 0, 0, 1, 326.90, 176180, 2
546, 50, 0, 1, 0, 0, 25.00%, 0, 0, 1, 325.42, 177852, 2
552, 51, 0, 1, 0, 0, 25.00%, 0, 0, 1, 325.91, 179513, 2
557, 51, 0, 1, 0, 0, 25.00%, 0, 0, 1, 325.74, 181198, 2
562, 52, 0, 1, 0, 0, 25.00%, 0, 0, 1, 325.43, 182858, 2
567, 52, 0, 1, 0, 0, 25.00%, 0, 0, 1, 326.05, 184525, 2
572, 53, 0, 1, 0, 0, 25.00%, 0, 0, 1, 324.60, 186179, 2
577, 53, 0, 1, 0, 0, 25.00%, 0, 0, 1, 325.47, 187834, 2
582, 54, 0, 1, 0, 0, 25.00%, 0, 0, 1, 324.46, 189482, 2
587, 54, 0, 1, 0, 0, 25.00%, 0, 0, 1, 324.35, 191131, 2
592, 54, 0, 1, 0, 0, 25.00%, 0, 0, 1, 325.10, 192798, 2
598, 55, 0, 1, 0, 0, 25.00%, 0, 0, 1, 326.42, 194488, 2
603, 55, 0, 1, 0, 0, 25.00%, 0, 0, 1, 324.51, 196137, 2
608, 56, 0, 1, 0, 0, 25.00%, 0, 0, 1, 324.37, 197785, 2
613, 56, 0, 1, 0, 0, 25.00%, 0, 0, 1, 324.38, 199434, 2
618, 57, 0, 1, 0, 0, 25.00%, 0, 0, 1, 321.91, 201077, 2
623, 57, 0, 1, 0, 0, 25.00%, 0, 0, 1, 323.31, 202725, 2
628, 58, 0, 1, 0, 0, 25.00%, 0, 0, 1, 323.24, 204380, 2
633, 58, 0, 1, 0, 0, 25.00%, 0, 0, 1, 324.10, 206034, 2
638, 59, 0, 1, 0, 0, 25.00%, 0, 0, 1, 315.91, 207665, 2
644, 59, 0, 1, 0, 0, 25.00%, 0, 0, 1, 322.21, 209320, 2
649, 60, 0, 1, 0, 0, 25.00%, 0, 0, 1, 322.86, 210968, 2
654, 60, 0, 1, 0, 0, 25.00%, 0, 0, 1, 323.05, 212623, 2
654, 60, 0, 1, 0, 0, 25.00%, 1, 0, 1, 0.00, 212809, 2
