# relative_time, cycles_done, cur_item, corpus_count, pending_total, pending_favs, map_size, saved_crashes, saved_hangs, max_depth, execs_per_sec, total_execs, edges_found
61, 5, 0, 1, 0, 0, 25.00%, 0, 0, 1, 324.37, 19917, 2
66, 6, 0, 1, 0, 0, 25.00%, 0, 0, 1, 323.04, 21571, 2
71, 6, 0, 1, 0, 0, 25.00%, 0, 0, 1, 324.37, 23226, 2
76, 7, 0, 1, 0, 0, 25.00%, 0, 0, 1, 326.24, 24905, 2
81, 7, 0, 1, 0, 0, 25.00%, 0, 0, 1, 326.92, 26589, 2
87, 8, 0, 1, 0, 0, 25.00%, 0, 0, 1, 324.94, 28244, 2
92, 8, 0, 1, 0, 0, 25.00%, 0, 0, 1, 323.48, 29886, 2
97, 9, 0, 1, 0, 0, 25.00%, 0, 0, 1, 324.40, 31541, 2
102, 9, 0, 1, 0, 0, 25.00%, 0, 0, 1, 325.08, 33207, 2
107, 10, 0, 1, 0, 0, 25.00%, 0, 0, 1, 324.25, 34856, 2
112, 10, 0, 1, 0, 0, 25.00%, 0, 0, 1, 325.72, 36523, 2
117, 11, 0, 1, 0, 0, 25.00%, 0, 0, 1, 324.53, 38177, 2
122, 11, 0, 1, 0, 0, 25.00%, 0, 0, 1, 324.67, 39838, 2
127, 12, 0, 1, 0, 0, 25.00%, 0, 0, 1, 324.37, 41498, 2
133, 12, 0, 1, 0, 0, 25.00%, 0, 0, 1, 324.75, 43171, 2
138, 12, 0, 1, 0, 0, 25.00%, 0, 0, 1, 325.26, 44820, 2
143, 13, 0, 1, 0, 0, 25.00%, 0, 0, 1, 324.59, 46474, 2
148, 13, 0, 1, 0, 0, 25.00%, 0, 0, 1, 324.97, 48129, 2
153, 14, 0, 1, 0, 0, 25.00%, 0, 0, 1, 325.47, 49789, 2
158, 14, 0, 1, 0, 0, 25.00%, 0, 0, 1, 324.72, 51426, 2
163, 15, 0, 1, 0, 0, 25.00%, 0, 0, 1, 325.35, 53099, 2
168, 15, 0, 1, 0, 0, 25.00%, 0, 0, 1, 324.49, 54759, 2
173, 16, 0, 1, 0, 0, 25.00%, 0, 0, 1, 318.71, 56390, 2
179, 16, 0, 1, 0, 0, 25.00%, 0, 0, 1, 323.53, 58050, 2
184, 17, 0, 1, 0, 0, 25.00%, 0, 0, 1, 325.14, 59711, 2
189, 17, 0, 1, 0, 0, 25.00%, 0, 0, 1, 325.06, 61371, 2
194, 18, 0, 1, 0, 0, 25.00%, 0, 0, 1, 325.44, 63026, 2
199, 18, 0, 1, 0, 0, 25.00%, 0, 0, 1, 322.75, 64663, 2
204, 19, 0, 1, 0, 0, 25.00%, 0, 0, 1, 325.33, 66323, 2
209, 19, 0, 1, 0, 0, 25.00%, 0, 0, 1, 325.36, 67984, 2
214, 20, 0, 1, 0, 0, 25.00%, 0, 0, 1, 325.98, 69650, 2
219, 20, 0, 1, 0, 0, 25.00%, 0, 0, 1, 326.43, 71311, 2
224, 20, 0, 1, 0, 0, 25.00%, 0, 0, 1, 322.77, 72972, 2
230, 21, 0, 1, 0, 0, 25.00%, 0, 0, 1, 325.07, 74626, 2
235, 21, 0, 1, 0, 0, 25.00%, 0, 0, 1, 325.96, 76287, 2
240, 22, 0, 1, 0, 0, 25.00%, 0, 0, 1, 324.95, 77953, 2
245, 22, 0, 1, 0, 0, 25.00%, 0, 0, 1, 326.45, 79626, 2
250, 23, 0, 1, 0, 0, 25.00%, 0, 0, 1, 325.31, 81287, 2
255, 23, 0, 1, 0, 0, 25.00%, 0, 0, 1, 325.52, 82953, 2
260, 24, 0, 1, 0, 0, 25.00%, 0, 0, 1, 325.89, 84608, 2
265, 24, 0, 1, 0, 0, 25.00%, 0, 0, 1, 326.43, 86280, 2
270, 25, 0, 1, 0, 0, 25.00%, 0, 0, 1, 325.47, 87947, 2
276, 25, 0, 1, 0, 0, 25.00%, 0, 0, 1, 326.41, 89613, 2
281, 26, 0, 1, 0, 0, 25.00%, 0, 0, 1, 324.96, 91274, 2
286, 26, 0, 1, 0, 0, 25.00%, 0, 0, 1, 323.83, 92929, 2
291, 27, 0, 1, 0, 0, 25.00%, 0, 0, 1, 325.06, 94595, 2
296, 27, 0, 1, 0, 0, 25.00%, 0, 0, 1, 320.39, 96244, 2
301, 28, 0, 1, 0, 0, 25.00%, 0, 0, 1, 324.39, 97904, 2
306, 28, 0, 1, 0, 0, 25.00%, 0, 0, 1, 325.07, 99565, 2
311, 28, 0, 1, 0, 0, 25.00%, 0, 0, 1, 325.54, 101214, 2
316, 29, 0, 1, 0, 0, 25.00%, 0, 0, 1, 324.87, 102862, 2
322, 29, 0, 1, 0, 0, 25.00%, 0, 0, 1, 325.18, 104523, 2
327, 30, 0, 1, 0, 0, 25.00%, 0, 0, 1, 325.34, 106189, 2
332, 30, 0, 1, 0, 0, 25.00%, 0, 0, 1, 323.83, 107832, 2
337, 31, 0, 1, 0, 0, 25.00%, 0, 0, 1, 325.29, 109487, 2
342, 31, 0, 1, 0, 0, 25.00%, 0, 0, 1, 324.91, 111153, 2
347, 32, 0, 1, 0, 0, 25.00%, 0, 0, 1, 323.62, 112814, 2
352, 32, 0, 1, 0, 0, 25.00%, 0, 0, 1, 326.43, 114486, 2
357, 33, 0, 1, 0, 0, 25.00%, 0, 0, 1, 325.30, 116153, 2
362, 33, 0, 1, 0, 0, 25.00%, 0, 0, 1, 325.48, 117825, 2
368, 34, 0, 1, 0, 0, 25.00%, 0, 0, 1, 326.03, 119498, 2
373, 34, 0, 1, 0, 0, 25.00%, 0, 0, 1, 326.05, 121165, 2
378, 35, 0, 1, 0, 0, 25.00%, 0, 0, 1, 324.83, 122819, 2
383, 35, 0, 1, 0, 0, 25.00%, 0, 0, 1, 324.99, 124474, 2
388, 36, 0, 1, 0, 0, 25.00%, 0, 0, 1, 325.29, 126134, 2
393, 36, 0, 1, 0, 0, 25.00%, 0, 0, 1, 324.91, 127789, 2
398, 36, 0, 1, 0, 0, 25.00%, 0, 0, 1, 324.93, 129438, 2
403, 37, 0, 1, 0, 0, 25.00%, 0, 0, 1, 326.28, 131104, 2
408, 37, 0, 1, 0, 0, 25.00%, 0, 0, 1, 323.74, 132759, 2
414, 38, 0, 1, 0, 0, 25.00%, 0, 0, 1, 325.71, 134443, 2
419, 38, 0, 1, 0, 0, 25.00%, 0, 0, 1, 324.56, 136104, 2
424, 39, 0, 1, 0, 0, 25.00%, 0, 0, 1, 324.15, 137764, 2
429, 39, 0, 1, 0, 0, 25.00%, 0, 0, 1, 326.34, 139431, 2
434, 40, 0, 1, 0, 0, 25.00%, 0, 0, 1, 326.07, 141086, 2
439, 40, 0, 1, 0, 0, 25.00%, 0, 0, 1, 325.07, 142740, 2
444, 41, 0, 1, 0, 0, 25.00%, 0, 0, 1, 326.07, 144395, 2
449, 41, 0, 1, 0, 0, 25.00%, 0, 0, 1, 325.61, 146061, 2
454, 42, 0, 1, 0, 0, 25.00%, 0, 0, 1, 325.02, 147728, 2
460, 42, 0, 1, 0, 0, 25.00%, 0, 0, 1, 323.23, 149383, 2
465, 43, 0, 1, 0, 0, 25.00%, 0, 0, 1, 320.38, 151043, 2
470, 43, 0, 1, 0, 0, 25.00%, 0, 0, 1, 320.80, 152692, 2
475, 44, 0, 1, 0, 0, 25.00%, 0, 0, 1, 325.15, 154364, 2
480, 44, 0, 1, 0, 0, 25.00%, 0, 0, 1, 325.35, 156025, 2
485, 44, 0, 1, 0, 0, 25.00%, 0, 0, 1, 325.78, 157710, 2
490, 45, 0, 1, 0, 0, 25.00%, 0, 0, 1, 326.34, 159364, 2
495, 45, 0, 1, 0, 0, 25.00%, 0, 0, 1, 325.45, 161013, 2
500, 46, 0, 1, 0, 0, 25.00%, 0, 0, 1, 325.97, 162673, 2
506, 46, 0, 1, 0, 0, 25.00%, 0, 0, 1, 326.08, 164340, 2
511, 47, 0, 1, 0, 0, 25.00%, 0, 0, 1, 324.84, 166000, 2
516, 47, 0, 1, 0, 0, 25.00%, 0, 0, 1, 325.43, 167667, 2
521, 48, 0, 1, 0, 0, 25.00%, 0, 0, 1, 325.43, 169316, 2
526, 48, 0, 1, 0, 0, 25.00%, 0, 0, 1, 323.94, 170976, 2
531, 49, 0, 1, 0, 0, 25.00%, 0, 0, 1, 324.83, 172643, 2
536, 49, 0, 1, 0, 0, 25.00%, 0, 0, 1, 324.83, 174303, 2
541, 50, 0, 1, 0, 0, 25.00%, 0, 0, 1, 326.23, 175964, 2
546, 50, 0, 1, 0, 0, 25.00%, 0, 0, 1, 326.35, 177631, 2
552, 51, 0, 1, 0, 0, 25.00%, 0, 0, 1, 325.52, 179297, 2
557, 51, 0, 1, 0, 0, 25.00%, 0, 0, 1, 325.62, 180958, 2
562, 52, 0, 1, 0, 0, 25.00%, 0, 0, 1, 324.80, 182636, 2
567, 52, 0, 1, 0, 0, 25.00%, 0, 0, 1, 326.98, 184291, 2
572, 53, 0, 1, 0, 0, 25.00%, 0, 0, 1, 325.93, 185957, 2
577, 53, 0, 1, 0, 0, 25.00%, 0, 0, 1, 325.31, 187612, 2
582, 53, 0, 1, 0, 0, 25.00%, 0, 0, 1, 326.16, 189285, 2
587, 54, 0, 1, 0, 0, 25.00%, 0, 0, 1, 324.79, 190939, 2
592, 54, 0, 1, 0, 0, 25.00%, 0, 0, 1, 323.30, 192582, 2
598, 55, 0, 1, 0, 0, 25.00%, 0, 0, 1, 325.19, 194242, 2
603, 55, 0, 1, 0, 0, 25.00%, 0, 0, 1, 324.48, 195909, 2
608, 56, 0, 1, 0, 0, 25.00%, 0, 0, 1, 322.95, 197576, 2
613, 56, 0, 1, 0, 0, 25.00%, 0, 0, 1, 323.22, 199230, 2
618, 57, 0, 1, 0, 0, 25.00%, 0, 0, 1, 323.84, 200891, 2
623, 57, 0, 1, 0, 0, 25.00%, 0, 0, 1, 323.73, 202545, 2
628, 58, 0, 1, 0, 0, 25.00%, 0, 0, 1, 321.09, 204194, 2
633, 58, 0, 1, 0, 0, 25.00%, 0, 0, 1, 323.69, 205855, 2
638, 59, 0, 1, 0, 0, 25.00%, 0, 0, 1, 324.86, 207509, 2
644, 59, 0, 1, 0, 0, 25.00%, 0, 0, 1, 323.65, 209158, 2
649, 60, 0, 1, 0, 0, 25.00%, 0, 0, 1, 324.71, 210812, 2
654, 60, 0, 1, 0, 0, 25.00%, 0, 0, 1, 324.35, 212461, 2
659, 61, 0, 1, 0, 0, 25.00%, 0, 0, 1, 324.30, 214121, 2
664, 61, 0, 1, 0, 0, 25.00%, 0, 0, 1, 324.11, 215776, 2
669, 61, 0, 1, 0, 0, 25.00%, 0, 0, 1, 324.06, 217425, 2
674, 62, 0, 1, 0, 0, 25.00%, 0, 0, 1, 324.44, 219085, 2
679, 62, 0, 1, 0, 0, 25.00%, 0, 0, 1, 325.24, 220740, 2
684, 63, 0, 1, 0, 0, 25.00%, 0, 0, 1, 324.40, 222400, 2
690, 63, 0, 1, 0, 0, 25.00%, 0, 0, 1, 323.37, 224049, 2
695, 64, 0, 1, 0, 0, 25.00%, 0, 0, 1, 325.42, 225710, 2
700, 64, 0, 1, 0, 0, 25.00%, 0, 0, 1, 325.49, 227370, 2
705, 65, 0, 1, 0, 0, 25.00%, 0, 0, 1, 325.12, 229025, 2
710, 65, 0, 1, 0, 0, 25.00%, 0, 0, 1, 325.28, 230703, 2
715, 66, 0, 1, 0, 0, 25.00%, 0, 0, 1, 325.47, 232376, 2
720, 66, 0, 1, 0, 0, 25.00%, 0, 0, 1, 326.26, 234037, 2
725, 67, 0, 1, 0, 0, 25.00%, 0, 0, 1, 325.30, 235691, 2
730, 67, 0, 1, 0, 0, 25.00%, 0, 0, 1, 326.68, 237358, 2
736, 68, 0, 1, 0, 0, 25.00%, 0, 0, 1, 325.42, 239018, 2
741, 68, 0, 1, 0, 0, 25.00%, 0, 0, 1, 326.13, 240691, 2
746, 69, 0, 1, 0, 0, 25.00%, 0, 0, 1, 325.70, 242357, 2
751, 69, 0, 1, 0, 0, 25.00%, 0, 0, 1, 324.16, 244012, 2
756, 69, 0, 1, 0, 0, 25.00%, 1, 0, 1, 314.50, 245576, 2
