# relative_time, cycles_done, cur_item, corpus_count, pending_total, pending_favs, map_size, saved_crashes, saved_hangs, max_depth, execs_per_sec, total_execs, edges_found
61, 7, 0, 3, 0, 0, 30.43%, 0, 0, 2, 321.26, 19882, 7
66, 8, 2, 3, 0, 0, 30.43%, 0, 0, 2, 321.55, 21535, 7
71, 9, 0, 3, 0, 0, 30.43%, 0, 0, 2, 321.95, 23189, 7
77, 9, 2, 3, 0, 0, 30.43%, 0, 0, 2, 320.46, 24843, 7
82, 10, 2, 3, 0, 0, 30.43%, 0, 0, 2, 322.30, 26499, 7
87, 11, 0, 3, 0, 0, 30.43%, 0, 0, 2, 322.06, 28155, 7
92, 11, 2, 3, 0, 0, 30.43%, 0, 0, 2, 320.38, 29802, 7
97, 12, 2, 3, 0, 0, 30.43%, 0, 0, 2, 321.76, 31460, 7
102, 13, 2, 3, 0, 0, 30.43%, 0, 0, 2, 322.85, 33122, 7
107, 14, 2, 3, 0, 0, 30.43%, 0, 0, 2, 322.22, 34786, 7
113, 15, 0, 3, 0, 0, 30.43%, 0, 0, 2, 322.79, 36444, 7
118, 15, 2, 3, 0, 0, 30.43%, 0, 0, 2, 321.81, 38101, 7
123, 16, 2, 3, 0, 0, 30.43%, 0, 0, 2, 322.23, 39757, 7
128, 17, 2, 3, 0, 0, 30.43%, 0, 0, 2, 322.12, 41415, 7
133, 18, 0, 3, 0, 0, 30.43%, 0, 0, 2, 322.36, 43073, 7
138, 18, 0, 3, 0, 0, 30.43%, 0, 0, 2, 321.07, 44718, 7
143, 19, 2, 3, 0, 0, 30.43%, 0, 0, 2, 323.09, 46369, 7
149, 19, 2, 3, 0, 0, 30.43%, 0, 0, 2, 322.28, 48020, 7
154, 20, 2, 3, 0, 0, 30.43%, 0, 0, 2, 322.07, 49678, 7
159, 20, 0, 3, 0, 0, 30.43%, 0, 0, 2, 321.92, 51328, 7
164, 21, 0, 3, 0, 0, 30.43%, 0, 0, 2, 322.72, 52977, 7
169, 21, 2, 3, 0, 0, 30.43%, 0, 0, 2, 322.86, 54630, 7
174, 22, 0, 3, 0, 0, 30.43%, 0, 0, 2, 322.47, 56284, 7
179, 22, 0, 3, 0, 0, 30.43%, 0, 0, 2, 321.10, 57935, 7
184, 23, 2, 3, 0, 0, 30.43%, 0, 0, 2, 320.86, 59579, 7
190, 23, 2, 3, 0, 0, 30.43%, 0, 0, 2, 321.16, 61241, 7
195, 24, 2, 3, 0, 0, 30.43%, 0, 0, 2, 321.76, 62899, 7
200, 25, 2, 3, 0, 0, 30.43%, 0, 0, 2, 322.32, 64551, 7
205, 26, 2, 3, 0, 0, 30.43%, 0, 0, 2, 321.67, 66203, 7
210, 27, 0, 3, 0, 0, 30.43%, 0, 0, 2, 321.66, 67857, 7
215, 27, 0, 3, 0, 0, 30.43%, 0, 0, 2, 321.79, 69506, 7
220, 28, 2, 3, 0, 0, 30.43%, 0, 0, 2, 321.98, 71161, 7
226, 28, 2, 3, 0, 0, 30.43%, 0, 0, 2, 323.15, 72819, 7
231, 29, 2, 3, 0, 0, 30.43%, 0, 0, 2, 322.74, 74470, 7
236, 30, 2, 3, 0, 0, 30.43%, 0, 0, 2, 321.75, 76132, 7
241, 30, 2, 3, 0, 0, 30.43%, 0, 0, 2, 319.06, 77779, 7
246, 31, 0, 3, 0, 0, 30.43%, 0, 0, 2, 321.44, 79433, 7
251, 31, 0, 3, 0, 0, 30.43%, 0, 0, 2, 322.99, 81084, 7
256, 32, 0, 3, 0, 0, 30.43%, 0, 0, 2, 321.19, 82743, 7
262, 32, 2, 3, 0, 0, 30.43%, 0, 0, 2, 322.64, 84400, 7
267, 33, 2, 3, 0, 0, 30.43%, 0, 0, 2, 323.08, 86057, 7
272, 34, 0, 3, 0, 0, 30.43%, 0, 0, 2, 321.72, 87709, 7
277, 34, 1, 3, 0, 0, 30.43%, 0, 0, 2, 316.84, 89336, 7
282, 36, 2, 3, 0, 0, 30.43%, 0, 0, 2, 322.06, 90992, 7
287, 36, 2, 3, 0, 0, 30.43%, 0, 0, 2, 323.16, 92648, 7
292, 37, 2, 3, 0, 0, 30.43%, 0, 0, 2, 323.08, 94306, 7
298, 38, 2, 3, 0, 0, 30.43%, 0, 0, 2, 322.88, 95962, 7
303, 39, 0, 3, 0, 0, 30.43%, 0, 0, 2, 321.75, 97618, 7
308, 39, 2, 3, 0, 0, 30.43%, 0, 0, 2, 323.07, 99277, 7
313, 40, 0, 3, 0, 0, 30.43%, 0, 0, 2, 321.91, 100933, 7
318, 41, 2, 3, 0, 0, 30.43%, 0, 0, 2, 321.87, 102586, 7
323, 41, 2, 3, 0, 0, 30.43%, 0, 0, 2, 321.93, 104237, 7
328, 42, 0, 3, 0, 0, 30.43%, 0, 0, 2, 321.83, 105895, 7
333, 42, 2, 3, 0, 0, 30.43%, 0, 0, 2, 321.94, 107546, 7
339, 43, 2, 3, 0, 0, 30.43%, 0, 0, 2, 323.69, 109202, 7
344, 44, 1, 3, 0, 0, 30.43%, 0, 0, 2, 323.71, 110860, 7
349, 45, 2, 3, 0, 0, 30.43%, 0, 0, 2, 321.82, 112516, 7
354, 46, 2, 3, 0, 0, 30.43%, 0, 0, 2, 321.66, 114174, 7
359, 47, 2, 3, 0, 0, 30.43%, 0, 0, 2, 321.46, 115838, 7
364, 47, 0, 3, 0, 0, 30.43%, 0, 0, 2, 321.64, 117492, 7
369, 47, 0, 3, 0, 0, 30.43%, 0, 0, 2, 322.36, 119143, 7
375, 48, 0, 3, 0, 0, 30.43%, 0, 0, 2, 322.62, 120798, 7
380, 49, 2, 3, 0, 0, 30.43%, 0, 0, 2, 321.69, 122449, 7
385, 50, 2, 3, 0, 0, 30.43%, 0, 0, 2, 322.47, 124103, 7
390, 51, 2, 3, 0, 0, 30.43%, 0, 0, 2, 322.15, 125761, 7
395, 52, 2, 3, 0, 0, 30.43%, 0, 0, 2, 321.41, 127419, 7
400, 53, 2, 3, 0, 0, 30.43%, 0, 0, 2, 323.25, 129075, 7
405, 53, 2, 3, 0, 0, 30.43%, 0, 0, 2, 321.41, 130727, 7
411, 54, 2, 3, 0, 0, 30.43%, 0, 0, 2, 319.19, 132373, 7
416, 55, 2, 3, 0, 0, 30.43%, 0, 0, 2, 315.40, 133988, 7
421, 55, 0, 3, 0, 0, 30.43%, 0, 0, 2, 321.01, 135644, 7
426, 56, 2, 3, 0, 0, 30.43%, 0, 0, 2, 321.20, 137303, 7
431, 57, 2, 3, 0, 0, 30.43%, 0, 0, 2, 322.26, 138960, 7
436, 57, 2, 3, 0, 0, 30.43%, 0, 0, 2, 322.30, 140611, 7
441, 58, 2, 3, 0, 0, 30.43%, 0, 0, 2, 321.51, 142269, 7
447, 59, 2, 3, 0, 0, 30.43%, 0, 0, 2, 322.60, 143925, 7
452, 59, 2, 3, 0, 0, 30.43%, 0, 0, 2, 321.92, 145576, 7
457, 60, 2, 3, 0, 0, 30.43%, 0, 0, 2, 321.96, 147234, 7
462, 61, 2, 3, 0, 0, 30.43%, 0, 0, 2, 322.44, 148890, 7
467, 62, 2, 3, 0, 0, 30.43%, 0, 0, 2, 323.67, 150554, 7
472, 63, 2, 3, 0, 0, 30.43%, 0, 0, 2, 322.57, 152212, 7
477, 63, 2, 3, 0, 0, 30.43%, 0, 0, 2, 323.16, 153868, 7
483, 64, 2, 3, 0, 0, 30.43%, 0, 0, 2, 322.80, 155526, 7
488, 65, 2, 3, 0, 0, 30.43%, 0, 0, 2, 323.12, 157194, 7
493, 66, 2, 3, 0, 0, 30.43%, 0, 0, 2, 322.98, 158852, 7
498, 67, 2, 3, 0, 0, 30.43%, 0, 0, 2, 320.32, 160497, 7
503, 68, 2, 3, 0, 0, 30.43%, 0, 0, 2, 321.31, 162155, 7
508, 68, 2, 3, 0, 0, 30.43%, 0, 0, 2, 321.95, 163811, 7
513, 69, 2, 3, 0, 0, 30.43%, 0, 0, 2, 321.70, 165469, 7
519, 70, 2, 3, 0, 0, 30.43%, 0, 0, 2, 322.06, 167127, 7
523, 71, 1, 3, 0, 0, 30.43%, 1, 0, 2, 314.95, 168509, 7
