# relative_time, cycles_done, cur_item, corpus_count, pending_total, pending_favs, map_size, saved_crashes, saved_hangs, max_depth, execs_per_sec, total_execs, edges_found
61, 9, 1, 3, 0, 0, 36.00%, 0, 0, 2, 324.84, 20108, 9
66, 10, 2, 3, 0, 0, 36.00%, 0, 0, 2, 324.05, 21775, 9
71, 11, 0, 3, 0, 0, 36.00%, 0, 0, 2, 323.55, 23434, 9
77, 11, 1, 3, 0, 0, 36.00%, 0, 0, 2, 325.85, 25113, 9
82, 13, 1, 3, 0, 0, 36.00%, 0, 0, 2, 328.21, 26811, 9
87, 14, 0, 3, 0, 0, 36.00%, 0, 0, 2, 328.16, 28461, 9
92, 14, 1, 3, 0, 0, 36.00%, 0, 0, 2, 326.46, 30137, 9
97, 15, 1, 3, 0, 0, 36.00%, 0, 0, 2, 327.44, 31793, 9
102, 17, 1, 3, 0, 0, 36.00%, 0, 0, 2, 328.27, 33503, 9
107, 17, 0, 3, 0, 0, 36.00%, 0, 0, 2, 325.29, 35180, 9
112, 18, 1, 3, 0, 0, 36.00%, 0, 0, 2, 327.52, 36829, 9
117, 19, 0, 3, 0, 0, 36.00%, 0, 0, 2, 325.08, 38496, 9
123, 19, 0, 3, 0, 0, 36.00%, 0, 0, 2, 322.66, 40160, 9
124, 19, 0, 3, 0, 0, 36.00%, 1, 0, 2, 306.71, 40635, 9
