# relative_time, cycles_done, cur_item, corpus_count, pending_total, pending_favs, map_size, saved_crashes, saved_hangs, max_depth, execs_per_sec, total_execs, edges_found
61, 10, 0, 3, 0, 0, 36.00%, 0, 0, 2, 325.05, 20113, 9
66, 11, 1, 3, 0, 0, 36.00%, 0, 0, 2, 325.77, 21789, 9
71, 12, 1, 3, 0, 0, 36.00%, 0, 0, 2, 328.07, 23436, 9
76, 13, 0, 3, 0, 0, 36.00%, 0, 0, 2, 323.39, 25101, 9
81, 14, 2, 3, 0, 0, 36.00%, 0, 0, 2, 324.75, 26771, 9
87, 15, 1, 3, 0, 0, 36.00%, 0, 0, 2, 329.61, 28487, 9
92, 16, 1, 3, 0, 0, 36.00%, 0, 0, 2, 330.98, 30209, 9
97, 17, 1, 3, 0, 0, 36.00%, 0, 0, 2, 326.66, 31891, 9
102, 17, 0, 3, 0, 0, 36.00%, 0, 0, 2, 324.02, 33558, 9
107, 18, 1, 3, 0, 0, 36.00%, 0, 0, 2, 327.74, 35249, 9
113, 19, 1, 3, 0, 0, 36.00%, 0, 0, 2, 326.41, 36941, 9
118, 20, 0, 3, 0, 0, 36.00%, 0, 0, 2, 326.21, 38627, 9
119, 20, 0, 3, 0, 0, 36.00%, 1, 0, 2, 315.56, 38870, 9
