# relative_time, cycles_done, cur_item, corpus_count, pending_total, pending_favs, map_size, saved_crashes, saved_hangs, max_depth, execs_per_sec, total_execs, edges_found
60, 8, 0, 3, 0, 0, 30.43%, 0, 0, 2, 327.74, 20320, 7
66, 9, 2, 3, 0, 0, 30.43%, 0, 0, 2, 332.59, 22051, 7
71, 10, 2, 3, 0, 0, 30.43%, 0, 0, 2, 333.78, 23739, 7
76, 10, 2, 3, 0, 0, 30.43%, 0, 0, 2, 335.16, 25433, 7
81, 11, 2, 3, 0, 0, 30.43%, 0, 0, 2, 334.58, 27121, 7
86, 12, 2, 3, 0, 0, 30.43%, 0, 0, 2, 333.54, 28797, 7
91, 13, 2, 3, 0, 0, 30.43%, 0, 0, 2, 334.93, 30495, 7
96, 13, 0, 3, 0, 0, 30.43%, 0, 0, 2, 328.20, 32166, 7
99, 13, 0, 3, 0, 0, 30.43%, 1, 0, 2, 312.49, 33187, 7
