# relative_time, cycles_done, cur_item, corpus_count, pending_total, pending_favs, map_size, saved_crashes, saved_hangs, max_depth, execs_per_sec, total_execs, edges_found
61, 5, 0, 1, 0, 0, 25.00%, 0, 0, 1, 324.47, 19929, 2
66, 6, 0, 1, 0, 0, 25.00%, 0, 0, 1, 322.97, 21589, 2
71, 6, 0, 1, 0, 0, 25.00%, 0, 0, 1, 324.22, 23238, 2
76, 7, 0, 1, 0, 0, 25.00%, 0, 0, 1, 324.70, 24899, 2
81, 7, 0, 1, 0, 0, 25.00%, 0, 0, 1, 324.26, 26571, 2
86, 8, 0, 1, 0, 0, 25.00%, 0, 0, 1, 324.66, 28244, 2
92, 8, 0, 1, 0, 0, 25.00%, 0, 0, 1, 324.90, 29904, 2
97, 9, 0, 1, 0, 0, 25.00%, 0, 0, 1, 324.22, 31571, 2
102, 9, 0, 1, 0, 0, 25.00%, 0, 0, 1, 325.30, 33243, 2
107, 10, 0, 1, 0, 0, 25.00%, 0, 0, 1, 325.03, 34904, 2
112, 10, 0, 1, 0, 0, 25.00%, 0, 0, 1, 324.94, 36565, 2
117, 11, 0, 1, 0, 0, 25.00%, 0, 0, 1, 325.48, 38243, 2
122, 11, 0, 1, 0, 0, 25.00%, 0, 0, 1, 325.52, 39916, 2
127, 12, 0, 1, 0, 0, 25.00%, 0, 0, 1, 325.50, 41570, 2
133, 12, 0, 1, 0, 0, 25.00%, 0, 0, 1, 325.91, 43249, 2
138, 12, 0, 1, 0, 0, 25.00%, 0, 0, 1, 323.35, 44904, 2
143, 13, 0, 1, 0, 0, 25.00%, 0, 0, 1, 325.27, 46570, 2
148, 13, 0, 1, 0, 0, 25.00%, 0, 0, 1, 325.58, 48237, 2
153, 14, 0, 1, 0, 0, 25.00%, 0, 0, 1, 324.18, 49897, 2
158, 14, 0, 1, 0, 0, 25.00%, 0, 0, 1, 324.55, 51546, 2
163, 15, 0, 1, 0, 0, 25.00%, 0, 0, 1, 325.41, 53212, 2
168, 15, 0, 1, 0, 0, 25.00%, 0, 0, 1, 324.76, 54873, 2
173, 16, 0, 1, 0, 0, 25.00%, 0, 0, 1, 324.78, 56534, 2
179, 16, 0, 1, 0, 0, 25.00%, 0, 0, 1, 325.55, 58200, 2
184, 17, 0, 1, 0, 0, 25.00%, 0, 0, 1, 326.20, 59867, 2
189, 17, 0, 1, 0, 0, 25.00%, 0, 0, 1, 325.06, 61521, 2
194, 18, 0, 1, 0, 0, 25.00%, 0, 0, 1, 325.29, 63194, 2
199, 18, 0, 1, 0, 0, 25.00%, 0, 0, 1, 315.04, 64801, 2
204, 19, 0, 1, 0, 0, 25.00%, 0, 0, 1, 322.34, 66455, 2
209, 19, 0, 1, 0, 0, 25.00%, 0, 0, 1, 325.77, 68116, 2
214, 20, 0, 1, 0, 0, 25.00%, 0, 0, 1, 322.82, 69770, 2
220, 20, 0, 1, 0, 0, 25.00%, 0, 0, 1, 325.22, 71443, 2
225, 20, 0, 1, 0, 0, 25.00%, 0, 0, 1, 325.78, 73110, 2
230, 21, 0, 1, 0, 0, 25.00%, 0, 0, 1, 323.72, 74765, 2
235, 21, 0, 1, 0, 0, 25.00%, 0, 0, 1, 324.66, 76426, 2
240, 22, 0, 1, 0, 0, 25.00%, 0, 0, 1, 324.16, 78086, 2
245, 22, 0, 1, 0, 0, 25.00%, 0, 0, 1, 324.03, 79741, 2
250, 23, 0, 1, 0, 0, 25.00%, 0, 0, 1, 324.01, 81407, 2
255, 23, 0, 1, 0, 0, 25.00%, 0, 0, 1, 324.70, 83062, 2
260, 24, 0, 1, 0, 0, 25.00%, 0, 0, 1, 324.16, 84717, 2
266, 24, 0, 1, 0, 0, 25.00%, 0, 0, 1, 326.08, 86395, 2
271, 25, 0, 1, 0, 0, 25.00%, 0, 0, 1, 324.61, 88056, 2
276, 25, 0, 1, 0, 0, 25.00%, 0, 0, 1, 324.41, 89716, 2
281, 26, 0, 1, 0, 0, 25.00%, 0, 0, 1, 325.55, 91377, 2
286, 26, 0, 1, 0, 0, 25.00%, 0, 0, 1, 325.81, 93038, 2
291, 27, 0, 1, 0, 0, 25.00%, 0, 0, 1, 324.78, 94704, 2
296, 27, 0, 1, 0, 0, 25.00%, 0, 0, 1, 325.58, 96365, 2
301, 28, 0, 1, 0, 0, 25.00%, 0, 0, 1, 325.42, 98043, 2
307, 28, 0, 1, 0, 0, 25.00%, 0, 0, 1, 325.94, 99716, 2
312, 29, 0, 1, 0, 0, 25.00%, 0, 0, 1, 325.30, 101370, 2
317, 29, 0, 1, 0, 0, 25.00%, 0, 0, 1, 325.85, 103037, 2
322, 29, 0, 1, 0, 0, 25.00%, 0, 0, 1, 325.67, 104704, 2
327, 30, 0, 1, 0, 0, 25.00%, 0, 0, 1, 325.26, 106364, 2
332, 30, 0, 1, 0, 0, 25.00%, 0, 0, 1, 324.48, 108019, 2
337, 31, 0, 1, 0, 0, 25.00%, 0, 0, 1, 325.45, 109691, 2
342, 31, 0, 1, 0, 0, 25.00%, 0, 0, 1, 325.81, 111358, 2
347, 32, 0, 1, 0, 0, 25.00%, 0, 0, 1, 325.49, 113025, 2
353, 32, 0, 1, 0, 0, 25.00%, 0, 0, 1, 324.48, 114679, 2
358, 33, 0, 1, 0, 0, 25.00%, 0, 0, 1, 323.47, 116328, 2
363, 33, 0, 1, 0, 0, 25.00%, 0, 0, 1, 324.45, 118000, 2
368, 34, 0, 1, 0, 0, 25.00%, 0, 0, 1, 324.30, 119661, 2
373, 34, 0, 1, 0, 0, 25.00%, 0, 0, 1, 324.82, 121315, 2
376, 34, 0, 1, 0, 0, 25.00%, 1, 0, 1, 316.15, 122103, 2
