# relative_time, cycles_done, cur_item, corpus_count, pending_total, pending_favs, map_size, saved_crashes, saved_hangs, max_depth, execs_per_sec, total_execs, edges_found
61, 9, 2, 3, 0, 0, 32.26%, 0, 0, 2, 322.92, 20014, 10
67, 10, 0, 3, 0, 0, 32.26%, 0, 0, 2, 323.40, 21688, 10
72, 11, 2, 3, 0, 0, 32.26%, 0, 0, 2, 324.46, 23364, 10
77, 12, 0, 3, 0, 0, 32.26%, 0, 0, 2, 323.04, 25044, 10
82, 12, 2, 3, 0, 0, 32.26%, 0, 0, 2, 326.08, 26726, 10
87, 13, 0, 3, 0, 0, 32.26%, 0, 0, 2, 322.92, 28397, 10
92, 14, 1, 3, 0, 0, 32.26%, 0, 0, 2, 326.94, 30037, 10
97, 15, 0, 3, 0, 0, 32.26%, 0, 0, 2, 322.16, 31702, 10
103, 16, 0, 3, 0, 0, 32.26%, 0, 0, 2, 323.65, 33360, 10
108, 17, 2, 3, 0, 0, 32.26%, 0, 0, 2, 322.23, 35006, 10
113, 18, 2, 3, 0, 0, 32.26%, 0, 0, 2, 326.33, 36698, 10
118, 19, 2, 3, 0, 0, 32.26%, 0, 0, 2, 325.54, 38366, 10
123, 20, 0, 3, 0, 0, 32.26%, 0, 0, 2, 322.33, 40034, 10
128, 20, 0, 3, 0, 0, 32.26%, 0, 0, 2, 318.52, 41683, 10
133, 21, 2, 3, 0, 0, 32.26%, 0, 0, 2, 325.05, 43350, 10
139, 22, 0, 3, 0, 0, 32.26%, 0, 0, 2, 322.92, 45027, 10
144, 23, 2, 3, 0, 0, 32.26%, 0, 0, 2, 325.78, 46709, 10
149, 24, 2, 3, 0, 0, 32.26%, 0, 0, 2, 322.30, 48364, 10
154, 25, 2, 3, 0, 0, 32.26%, 0, 0, 2, 327.75, 50053, 10
159, 26, 2, 3, 0, 0, 32.26%, 0, 0, 2, 328.41, 51733, 10
164, 27, 1, 3, 0, 0, 32.26%, 0, 0, 2, 327.43, 53419, 10
170, 29, 2, 3, 0, 0, 32.26%, 0, 0, 2, 327.31, 55096, 10
175, 30, 2, 3, 0, 0, 32.26%, 0, 0, 2, 327.44, 56779, 10
180, 31, 2, 3, 0, 0, 32.26%, 0, 0, 2, 320.80, 58434, 10
185, 31, 0, 3, 0, 0, 32.26%, 0, 0, 2, 319.21, 60096, 10
190, 32, 2, 3, 0, 0, 32.26%, 0, 0, 2, 321.02, 61744, 10
195, 33, 0, 3, 0, 0, 32.26%, 0, 0, 2, 320.03, 63406, 10
200, 33, 0, 3, 0, 0, 32.26%, 0, 0, 2, 319.08, 65004, 10
206, 34, 2, 3, 0, 0, 32.26%, 0, 0, 2, 319.66, 66658, 10
211, 35, 2, 3, 0, 0, 32.26%, 0, 0, 2, 323.64, 68335, 10
216, 36, 0, 3, 0, 0, 32.26%, 0, 0, 2, 326.21, 70021, 10
221, 37, 2, 3, 0, 0, 32.26%, 0, 0, 2, 319.49, 71664, 10
226, 37, 0, 3, 0, 0, 32.26%, 0, 0, 2, 318.57, 73326, 10
231, 37, 0, 3, 0, 0, 32.26%, 0, 0, 2, 318.28, 74974, 10
237, 38, 2, 3, 0, 0, 32.26%, 0, 0, 2, 322.30, 76638, 10
242, 39, 2, 3, 0, 0, 32.26%, 0, 0, 2, 324.44, 78309, 10
247, 40, 2, 3, 0, 0, 32.26%, 0, 0, 2, 322.81, 79964, 10
252, 41, 2, 3, 0, 0, 32.26%, 0, 0, 2, 324.75, 81638, 10
257, 41, 2, 3, 0, 0, 32.26%, 0, 0, 2, 322.15, 83296, 10
262, 42, 0, 3, 0, 0, 32.26%, 0, 0, 2, 321.70, 84976, 10
267, 43, 2, 3, 0, 0, 32.26%, 0, 0, 2, 322.96, 86628, 10
273, 44, 2, 3, 0, 0, 32.26%, 0, 0, 2, 326.38, 88314, 10
278, 46, 2, 3, 0, 0, 32.26%, 0, 0, 2, 327.38, 90006, 10
283, 46, 0, 3, 0, 0, 32.26%, 0, 0, 2, 321.59, 91665, 10
288, 47, 2, 3, 0, 0, 32.26%, 0, 0, 2, 327.26, 93352, 10
293, 48, 0, 3, 0, 0, 32.26%, 0, 0, 2, 321.86, 95018, 10
298, 48, 0, 3, 0, 0, 32.26%, 0, 0, 2, 319.08, 96682, 10
304, 49, 2, 3, 0, 0, 32.26%, 0, 0, 2, 319.96, 98339, 10
309, 50, 0, 3, 0, 0, 32.26%, 0, 0, 2, 322.38, 100001, 10
314, 51, 2, 3, 0, 0, 32.26%, 0, 0, 2, 323.69, 101671, 10
319, 51, 2, 3, 0, 0, 32.26%, 0, 0, 2, 322.75, 103338, 10
324, 52, 2, 3, 0, 0, 32.26%, 0, 0, 2, 321.45, 104996, 10
329, 53, 0, 3, 0, 0, 32.26%, 0, 0, 2, 325.25, 106688, 10
335, 54, 2, 3, 0, 0, 32.26%, 0, 0, 2, 321.72, 108334, 10
340, 54, 0, 3, 0, 0, 32.26%, 0, 0, 2, 318.18, 109926, 10
345, 55, 2, 3, 0, 0, 32.26%, 0, 0, 2, 322.56, 111593, 10
350, 56, 0, 3, 0, 0, 32.26%, 0, 0, 2, 323.92, 113276, 10
355, 56, 0, 3, 0, 0, 32.26%, 0, 0, 2, 323.01, 114937, 10
360, 57, 2, 3, 0, 0, 32.26%, 0, 0, 2, 323.12, 116592, 10
365, 57, 0, 3, 0, 0, 32.26%, 0, 0, 2, 318.62, 118184, 10
370, 58, 2, 3, 0, 0, 32.26%, 0, 0, 2, 322.28, 119845, 10
376, 59, 0, 3, 0, 0, 32.26%, 0, 0, 2, 321.12, 121516, 10
381, 59, 0, 3, 0, 0, 32.26%, 0, 0, 2, 318.99, 123174, 10
386, 60, 2, 3, 0, 0, 32.26%, 0, 0, 2, 320.70, 124831, 10
391, 60, 0, 3, 0, 0, 32.26%, 0, 0, 2, 321.97, 126511, 10
396, 61, 0, 3, 0, 0, 32.26%, 0, 0, 2, 320.94, 128166, 10
402, 61, 0, 3, 0, 0, 32.26%, 0, 0, 2, 320.61, 129824, 10
407, 62, 0, 3, 0, 0, 32.26%, 0, 0, 2, 323.44, 131503, 10
412, 63, 2, 3, 0, 0, 32.26%, 0, 0, 2, 322.94, 133161, 10
417, 64, 0, 3, 0, 0, 32.26%, 0, 0, 2, 323.32, 134844, 10
422, 64, 0, 3, 0, 0, 32.26%, 0, 0, 2, 318.94, 136493, 10
427, 65, 2, 3, 0, 0, 32.26%, 0, 0, 2, 318.89, 138141, 10
433, 65, 2, 3, 0, 0, 32.26%, 0, 0, 2, 321.07, 139805, 10
437, 66, 2, 3, 0, 0, 32.26%, 1, 0, 2, 311.65, 141111, 10
