# relative_time, cycles_done, cur_item, corpus_count, pending_total, pending_favs, map_size, saved_crashes, saved_hangs, max_depth, execs_per_sec, total_execs, edges_found
61, 9, 2, 3, 0, 0, 32.26%, 0, 0, 2, 323.38, 19951, 10
66, 10, 1, 3, 0, 0, 32.26%, 0, 0, 2, 326.53, 21624, 10
71, 10, 0, 3, 0, 0, 32.26%, 0, 0, 2, 324.14, 23295, 10
76, 11, 1, 3, 0, 0, 32.26%, 0, 0, 2, 324.18, 24920, 10
81, 12, 0, 3, 0, 0, 32.26%, 0, 0, 2, 323.14, 26576, 10
86, 13, 0, 3, 0, 0, 32.26%, 0, 0, 2, 321.70, 28237, 10
92, 14, 1, 3, 0, 0, 32.26%, 0, 0, 2, 323.65, 29922, 10
97, 14, 0, 3, 0, 0, 32.26%, 0, 0, 2, 324.22, 31557, 10
102, 15, 1, 3, 0, 0, 32.26%, 0, 0, 2, 321.55, 33211, 10
107, 16, 1, 3, 0, 0, 32.26%, 0, 0, 2, 328.96, 34873, 10
112, 17, 1, 3, 0, 0, 32.26%, 0, 0, 2, 329.82, 36526, 10
117, 17, 1, 3, 0, 0, 32.26%, 0, 0, 2, 325.13, 38199, 10
122, 19, 1, 3, 0, 0, 32.26%, 0, 0, 2, 326.83, 39897, 10
127, 19, 0, 3, 0, 0, 32.26%, 0, 0, 2, 323.64, 41559, 10
132, 20, 0, 3, 0, 0, 32.26%, 0, 0, 2, 327.80, 43211, 10
138, 21, 1, 3, 0, 0, 32.26%, 0, 0, 2, 326.76, 44896, 10
143, 22, 1, 3, 0, 0, 32.26%, 0, 0, 2, 329.54, 46612, 10
148, 23, 2, 3, 0, 0, 32.26%, 0, 0, 2, 327.93, 48259, 10
153, 24, 1, 3, 0, 0, 32.26%, 0, 0, 2, 325.46, 49926, 10
158, 25, 1, 3, 0, 0, 32.26%, 0, 0, 2, 326.73, 51564, 10
163, 25, 0, 3, 0, 0, 32.26%, 0, 0, 2, 322.59, 53238, 10
168, 26, 2, 3, 0, 0, 32.26%, 0, 0, 2, 325.81, 54932, 10
174, 28, 1, 3, 0, 0, 32.26%, 0, 0, 2, 326.28, 56630, 10
179, 28, 1, 3, 0, 0, 32.26%, 0, 0, 2, 325.13, 58291, 10
184, 29, 0, 3, 0, 0, 32.26%, 0, 0, 2, 328.05, 59995, 10
189, 30, 1, 3, 0, 0, 32.26%, 0, 0, 2, 326.80, 61665, 10
194, 31, 1, 3, 0, 0, 32.26%, 0, 0, 2, 328.60, 63375, 10
199, 32, 0, 3, 0, 0, 32.26%, 0, 0, 2, 323.86, 65058, 10
205, 33, 1, 3, 0, 0, 32.26%, 0, 0, 2, 323.48, 66722, 10
210, 34, 2, 3, 0, 0, 32.26%, 0, 0, 2, 323.97, 68357, 10
215, 35, 1, 3, 0, 0, 32.26%, 0, 0, 2, 326.70, 69995, 10
220, 36, 0, 3, 0, 0, 32.26%, 0, 0, 2, 325.91, 71693, 10
225, 37, 0, 3, 0, 0, 32.26%, 0, 0, 2, 324.32, 73375, 10
230, 37, 0, 3, 0, 0, 32.26%, 0, 0, 2, 325.57, 75054, 10
235, 37, 0, 3, 0, 0, 32.26%, 0, 0, 2, 322.04, 76703, 10
240, 38, 1, 3, 0, 0, 32.26%, 0, 0, 2, 326.19, 78400, 10
246, 39, 0, 3, 0, 0, 32.26%, 0, 0, 2, 326.30, 80089, 10
251, 40, 2, 3, 0, 0, 32.26%, 0, 0, 2, 325.01, 81768, 10
256, 41, 0, 3, 0, 0, 32.26%, 0, 0, 2, 325.29, 83463, 10
261, 42, 1, 3, 0, 0, 32.26%, 0, 0, 2, 326.34, 85091, 10
266, 42, 2, 3, 0, 0, 32.26%, 0, 0, 2, 323.09, 86761, 10
271, 43, 1, 3, 0, 0, 32.26%, 0, 0, 2, 327.71, 88417, 10
276, 44, 0, 3, 0, 0, 32.26%, 0, 0, 2, 324.81, 90106, 10
282, 45, 0, 3, 0, 0, 32.26%, 0, 0, 2, 321.04, 91755, 10
287, 46, 1, 3, 0, 0, 32.26%, 0, 0, 2, 323.25, 93434, 10
292, 46, 0, 3, 0, 0, 32.26%, 0, 0, 2, 322.66, 95105, 10
297, 47, 1, 3, 0, 0, 32.26%, 0, 0, 2, 324.94, 96793, 10
302, 48, 0, 3, 0, 0, 32.26%, 0, 0, 2, 323.44, 98470, 10
307, 48, 1, 3, 0, 0, 32.26%, 0, 0, 2, 323.13, 100130, 10
313, 49, 0, 3, 0, 0, 32.26%, 0, 0, 2, 322.77, 101807, 10
318, 50, 2, 3, 0, 0, 32.26%, 0, 0, 2, 317.24, 103432, 10
323, 51, 1, 3, 0, 0, 32.26%, 0, 0, 2, 322.17, 105099, 10
328, 52, 1, 3, 0, 0, 32.26%, 0, 0, 2, 327.42, 106797, 10
333, 53, 0, 3, 0, 0, 32.26%, 0, 0, 2, 326.23, 108483, 10
338, 53, 1, 3, 0, 0, 32.26%, 0, 0, 2, 322.61, 110141, 10
344, 55, 1, 3, 0, 0, 32.26%, 0, 0, 2, 327.93, 111857, 10
349, 56, 1, 3, 0, 0, 32.26%, 0, 0, 2, 329.70, 113513, 10
354, 57, 1, 3, 0, 0, 32.26%, 0, 0, 2, 327.05, 115157, 10
359, 58, 1, 3, 0, 0, 32.26%, 0, 0, 2, 329.93, 116822, 10
364, 59, 1, 3, 0, 0, 32.26%, 0, 0, 2, 326.85, 118514, 10
369, 60, 1, 3, 0, 0, 32.26%, 0, 0, 2, 327.43, 120146, 10
374, 62, 2, 3, 0, 0, 32.26%, 0, 0, 2, 328.50, 121862, 10
379, 63, 1, 3, 0, 0, 32.26%, 0, 0, 2, 326.53, 123551, 10
384, 64, 1, 3, 0, 0, 32.26%, 0, 0, 2, 330.21, 125219, 10
389, 65, 0, 3, 0, 0, 32.26%, 0, 0, 2, 325.03, 126902, 10
395, 66, 2, 3, 0, 0, 32.26%, 0, 0, 2, 323.09, 128572, 10
400, 66, 0, 3, 0, 0, 32.26%, 0, 0, 2, 320.26, 130228, 10
405, 67, 0, 3, 0, 0, 32.26%, 0, 0, 2, 320.58, 131883, 10
410, 68, 0, 3, 0, 0, 32.26%, 0, 0, 2, 327.81, 133577, 10
415, 68, 1, 3, 0, 0, 32.26%, 0, 0, 2, 326.09, 135253, 10
421, 69, 1, 3, 0, 0, 32.26%, 0, 0, 2, 324.57, 136932, 10
426, 70, 1, 3, 0, 0, 32.26%, 0, 0, 2, 327.52, 138624, 10
431, 71, 1, 3, 0, 0, 32.26%, 0, 0, 2, 325.14, 140250, 10
436, 72, 0, 3, 0, 0, 32.26%, 0, 0, 2, 322.80, 141933, 10
441, 73, 1, 3, 0, 0, 32.26%, 0, 0, 2, 328.29, 143636, 10
446, 74, 1, 3, 0, 0, 32.26%, 0, 0, 2, 328.96, 145280, 10
449, 75, 0, 3, 0, 0, 32.26%, 1, 0, 2, 318.01, 146276, 10
