# relative_time, cycles_done, cur_item, corpus_count, pending_total, pending_favs, map_size, saved_crashes, saved_hangs, max_depth, execs_per_sec, total_execs, edges_found
61, 10, 0, 3, 0, 0, 32.26%, 0, 0, 2, 320.32, 20036, 10
66, 11, 2, 3, 0, 0, 32.26%, 0, 0, 2, 323.74, 21634, 10
71, 12, 0, 3, 0, 0, 32.26%, 0, 0, 2, 328.25, 23344, 10
76, 12, 2, 3, 0, 0, 32.26%, 0, 0, 2, 326.75, 25020, 10
81, 13, 2, 3, 0, 0, 32.26%, 0, 0, 2, 323.87, 26693, 10
87, 14, 0, 3, 0, 0, 32.26%, 0, 0, 2, 327.37, 28379, 10
92, 15, 2, 3, 0, 0, 32.26%, 0, 0, 2, 325.65, 30043, 10
97, 16, 0, 3, 0, 0, 32.26%, 0, 0, 2, 325.06, 31717, 10
102, 16, 0, 3, 0, 0, 32.26%, 0, 0, 2, 323.66, 33396, 10
107, 17, 2, 3, 0, 0, 32.26%, 0, 0, 2, 326.21, 35078, 10
112, 18, 2, 3, 0, 0, 32.26%, 0, 0, 2, 324.60, 36739, 10
118, 19, 0, 3, 0, 0, 32.26%, 0, 0, 2, 329.55, 38461, 10
123, 19, 2, 3, 0, 0, 32.26%, 0, 0, 2, 326.67, 40137, 10
128, 21, 2, 3, 0, 0, 32.26%, 0, 0, 2, 329.71, 41799, 10
133, 22, 2, 3, 0, 0, 32.26%, 0, 0, 2, 329.54, 43503, 10
138, 23, 0, 3, 0, 0, 32.26%, 0, 0, 2, 323.58, 45183, 10
143, 23, 0, 3, 0, 0, 32.26%, 0, 0, 2, 325.30, 46871, 10
148, 24, 0, 3, 0, 0, 32.26%, 0, 0, 2, 321.54, 48520, 10
153, 25, 2, 3, 0, 0, 32.26%, 0, 0, 2, 327.10, 50163, 10
159, 26, 2, 3, 0, 0, 32.26%, 0, 0, 2, 328.64, 51867, 10
164, 26, 0, 3, 0, 0, 32.26%, 0, 0, 2, 323.68, 53490, 10
169, 27, 0, 3, 0, 0, 32.26%, 0, 0, 2, 318.76, 55121, 10
174, 28, 0, 3, 0, 0, 32.26%, 0, 0, 2, 322.04, 56782, 10
179, 29, 0, 3, 0, 0, 32.26%, 0, 0, 2, 323.95, 58449, 10
184, 29, 0, 3, 0, 0, 32.26%, 0, 0, 2, 323.62, 60122, 10
189, 30, 2, 3, 0, 0, 32.26%, 0, 0, 2, 327.17, 61813, 10
195, 31, 2, 3, 0, 0, 32.26%, 0, 0, 2, 328.67, 63523, 10
196, 31, 0, 3, 0, 0, 32.26%, 1, 0, 2, 313.06, 63946, 10
