# relative_time, cycles_done, cur_item, corpus_count, pending_total, pending_favs, map_size, saved_crashes, saved_hangs, max_depth, execs_per_sec, total_execs, edges_found
61, 8, 2, 3, 0, 0, 30.43%, 0, 0, 2, 327.65, 20160, 7
66, 9, 2, 3, 0, 0, 30.43%, 0, 0, 2, 329.06, 21866, 7
71, 9, 0, 3, 0, 0, 30.43%, 0, 0, 2, 326.71, 23538, 7
77, 10, 2, 3, 0, 0, 30.43%, 0, 0, 2, 328.82, 25223, 7
82, 11, 2, 3, 0, 0, 30.43%, 0, 0, 2, 328.46, 26923, 7
87, 12, 2, 3, 0, 0, 30.43%, 0, 0, 2, 326.68, 28597, 7
92, 12, 2, 3, 0, 0, 30.43%, 0, 0, 2, 325.13, 30261, 7
97, 13, 2, 3, 0, 0, 30.43%, 0, 0, 2, 327.65, 31949, 7
102, 14, 0, 3, 0, 0, 30.43%, 0, 0, 2, 324.59, 33600, 7
107, 14, 2, 3, 0, 0, 30.43%, 0, 0, 2, 326.94, 35275, 7
112, 15, 0, 3, 0, 0, 30.43%, 0, 0, 2, 325.74, 36943, 7
118, 15, 1, 3, 0, 0, 30.43%, 0, 0, 2, 325.25, 38608, 7
123, 16, 2, 3, 0, 0, 30.43%, 0, 0, 2, 328.34, 40306, 7
128, 17, 0, 3, 0, 0, 30.43%, 0, 0, 2, 323.58, 41966, 7
133, 18, 2, 3, 0, 0, 30.43%, 0, 0, 2, 328.63, 43663, 7
138, 19, 2, 3, 0, 0, 30.43%, 0, 0, 2, 327.87, 45351, 7
143, 19, 2, 3, 0, 0, 30.43%, 0, 0, 2, 326.90, 47019, 7
148, 20, 2, 3, 0, 0, 30.43%, 0, 0, 2, 328.17, 48719, 7
154, 21, 2, 3, 0, 0, 30.43%, 0, 0, 2, 327.05, 50413, 7
159, 21, 0, 3, 0, 0, 30.43%, 0, 0, 2, 326.05, 52115, 7
164, 22, 2, 3, 0, 0, 30.43%, 0, 0, 2, 324.57, 53769, 7
169, 23, 2, 3, 0, 0, 30.43%, 0, 0, 2, 326.72, 55463, 7
174, 23, 2, 3, 0, 0, 30.43%, 0, 0, 2, 328.59, 57109, 7
179, 24, 2, 3, 0, 0, 30.43%, 0, 0, 2, 327.42, 58791, 7
184, 25, 2, 3, 0, 0, 30.43%, 0, 0, 2, 327.60, 60447, 7
189, 26, 2, 3, 0, 0, 30.43%, 0, 0, 2, 327.82, 62129, 7
195, 26, 0, 3, 0, 0, 30.43%, 0, 0, 2, 326.74, 63805, 7
200, 27, 2, 3, 0, 0, 30.43%, 0, 0, 2, 326.33, 65474, 7
205, 28, 2, 3, 0, 0, 30.43%, 0, 0, 2, 326.15, 67156, 7
210, 29, 2, 3, 0, 0, 30.43%, 0, 0, 2, 329.02, 68850, 7
215, 29, 2, 3, 0, 0, 30.43%, 0, 0, 2, 327.26, 70524, 7
220, 30, 2, 3, 0, 0, 30.43%, 0, 0, 2, 326.44, 72206, 7
225, 31, 2, 3, 0, 0, 30.43%, 0, 0, 2, 326.61, 73876, 7
231, 32, 2, 3, 0, 0, 30.43%, 0, 0, 2, 328.01, 75564, 7
236, 32, 0, 3, 0, 0, 30.43%, 0, 0, 2, 326.38, 77236, 7
241, 33, 2, 3, 0, 0, 30.43%, 0, 0, 2, 324.62, 78890, 7
246, 33, 2, 3, 0, 0, 30.43%, 0, 0, 2, 327.04, 80582, 7
251, 34, 2, 3, 0, 0, 30.43%, 0, 0, 2, 327.67, 82264, 7
256, 35, 2, 3, 0, 0, 30.43%, 0, 0, 2, 328.63, 83964, 7
261, 36, 2, 3, 0, 0, 30.43%, 0, 0, 2, 328.94, 85664, 7
267, 37, 2, 3, 0, 0, 30.43%, 0, 0, 2, 327.66, 87332, 7
272, 38, 2, 3, 0, 0, 30.43%, 0, 0, 2, 327.02, 89014, 7
277, 39, 2, 3, 0, 0, 30.43%, 0, 0, 2, 328.38, 90702, 7
282, 39, 0, 3, 0, 0, 30.43%, 0, 0, 2, 324.68, 92377, 7
287, 40, 2, 3, 0, 0, 30.43%, 0, 0, 2, 325.26, 94046, 7
292, 40, 2, 3, 0, 0, 30.43%, 0, 0, 2, 326.07, 95722, 7
297, 41, 0, 3, 0, 0, 30.43%, 0, 0, 2, 325.10, 97382, 7
302, 41, 0, 3, 0, 0, 30.43%, 0, 0, 2, 326.34, 99059, 7
308, 42, 0, 3, 0, 0, 30.43%, 0, 0, 2, 325.27, 100730, 7
313, 42, 2, 3, 0, 0, 30.43%, 0, 0, 2, 324.22, 102379, 7
318, 43, 0, 3, 0, 0, 30.43%, 0, 0, 2, 322.87, 104053, 7
323, 44, 2, 3, 0, 0, 30.43%, 0, 0, 2, 326.87, 105748, 7
328, 44, 0, 3, 0, 0, 30.43%, 0, 0, 2, 326.36, 107428, 7
333, 45, 2, 3, 0, 0, 30.43%, 0, 0, 2, 327.27, 109105, 7
339, 46, 2, 3, 0, 0, 30.43%, 0, 0, 2, 328.33, 110805, 7
344, 47, 2, 3, 0, 0, 30.43%, 0, 0, 2, 325.77, 112457, 7
349, 47, 0, 3, 0, 0, 30.43%, 0, 0, 2, 325.20, 114126, 7
354, 48, 2, 3, 0, 0, 30.43%, 0, 0, 2, 326.53, 115789, 7
359, 48, 2, 3, 0, 0, 30.43%, 0, 0, 2, 326.21, 117457, 7
364, 49, 2, 3, 0, 0, 30.43%, 0, 0, 2, 327.50, 119145, 7
369, 50, 2, 3, 0, 0, 30.43%, 0, 0, 2, 327.36, 120809, 7
374, 51, 0, 3, 0, 0, 30.43%, 0, 0, 2, 327.64, 122503, 7
379, 51, 2, 3, 0, 0, 30.43%, 0, 0, 2, 326.04, 124160, 7
385, 52, 2, 3, 0, 0, 30.43%, 0, 0, 2, 327.05, 125852, 7
390, 53, 2, 3, 0, 0, 30.43%, 0, 0, 2, 328.21, 127528, 7
395, 54, 2, 3, 0, 0, 30.43%, 0, 0, 2, 327.53, 129220, 7
400, 55, 2, 3, 0, 0, 30.43%, 0, 0, 2, 325.72, 130914, 7
405, 56, 2, 3, 0, 0, 30.43%, 0, 0, 2, 327.25, 132578, 7
410, 56, 0, 3, 0, 0, 30.43%, 0, 0, 2, 326.51, 134246, 7
415, 57, 2, 3, 0, 0, 30.43%, 0, 0, 2, 327.12, 135917, 7
420, 58, 2, 3, 0, 0, 30.43%, 0, 0, 2, 327.37, 137593, 7
426, 58, 2, 3, 0, 0, 30.43%, 0, 0, 2, 327.53, 139281, 7
431, 59, 2, 3, 0, 0, 30.43%, 0, 0, 2, 327.30, 140949, 7
436, 60, 2, 3, 0, 0, 30.43%, 0, 0, 2, 327.01, 142619, 7
441, 61, 2, 3, 0, 0, 30.43%, 0, 0, 2, 328.59, 144319, 7
446, 62, 2, 3, 0, 0, 30.43%, 0, 0, 2, 327.95, 146001, 7
451, 62, 2, 3, 0, 0, 30.43%, 0, 0, 2, 327.43, 147683, 7
456, 63, 2, 3, 0, 0, 30.43%, 0, 0, 2, 328.27, 149381, 7
462, 64, 2, 3, 0, 0, 30.43%, 0, 0, 2, 325.26, 151052, 7
467, 64, 2, 3, 0, 0, 30.43%, 0, 0, 2, 325.47, 152709, 7
472, 65, 0, 3, 0, 0, 30.43%, 0, 0, 2, 324.96, 154375, 7
477, 65, 2, 3, 0, 0, 30.43%, 0, 0, 2, 324.31, 156040, 7
482, 66, 2, 3, 0, 0, 30.43%, 0, 0, 2, 327.10, 157722, 7
487, 66, 0, 3, 0, 0, 30.43%, 0, 0, 2, 325.06, 159400, 7
492, 67, 2, 3, 0, 0, 30.43%, 0, 0, 2, 327.93, 161097, 7
498, 68, 2, 3, 0, 0, 30.43%, 0, 0, 2, 328.94, 162791, 7
503, 69, 2, 3, 0, 0, 30.43%, 0, 0, 2, 327.38, 164477, 7
508, 70, 2, 3, 0, 0, 30.43%, 0, 0, 2, 325.75, 166153, 7
513, 71, 0, 3, 0, 0, 30.43%, 0, 0, 2, 325.50, 167809, 7
518, 71, 2, 3, 0, 0, 30.43%, 0, 0, 2, 325.88, 169480, 7
523, 72, 0, 3, 0, 0, 30.43%, 0, 0, 2, 325.19, 171158, 7
528, 73, 2, 3, 0, 0, 30.43%, 0, 0, 2, 325.62, 172849, 7
534, 73, 2, 3, 0, 0, 30.43%, 0, 0, 2, 325.08, 174506, 7
539, 74, 2, 3, 0, 0, 30.43%, 0, 0, 2, 326.95, 176200, 7
544, 74, 2, 3, 0, 0, 30.43%, 0, 0, 2, 325.80, 177875, 7
549, 75, 2, 3, 0, 0, 30.43%, 0, 0, 2, 325.14, 179555, 7
554, 76, 2, 3, 0, 0, 30.43%, 0, 0, 2, 327.14, 181261, 7
559, 76, 2, 3, 0, 0, 30.43%, 0, 0, 2, 327.60, 182937, 7
564, 77, 2, 3, 0, 0, 30.43%, 0, 0, 2, 326.78, 184619, 7
570, 78, 0, 3, 0, 0, 30.43%, 0, 0, 2, 326.14, 186293, 7
575, 78, 0, 3, 0, 0, 30.43%, 0, 0, 2, 325.42, 187950, 7
580, 79, 2, 3, 0, 0, 30.43%, 0, 0, 2, 326.10, 189609, 7
585, 80, 2, 3, 0, 0, 30.43%, 0, 0, 2, 327.59, 191291, 7
590, 80, 2, 3, 0, 0, 30.43%, 0, 0, 2, 328.00, 192983, 7
595, 81, 2, 3, 0, 0, 30.43%, 0, 0, 2, 327.69, 194659, 7
600, 82, 2, 3, 0, 0, 30.43%, 0, 0, 2, 326.83, 196329, 7
605, 83, 2, 3, 0, 0, 30.43%, 0, 0, 2, 325.55, 197993, 7
611, 84, 2, 3, 0, 0, 30.43%, 0, 0, 2, 326.43, 199669, 7
616, 84, 2, 3, 0, 0, 30.43%, 0, 0, 2, 326.44, 201349, 7
621, 85, 2, 3, 0, 0, 30.43%, 0, 0, 2, 326.22, 203025, 7
626, 86, 2, 3, 0, 0, 30.43%, 0, 0, 2, 326.25, 204701, 7
631, 87, 2, 3, 0, 0, 30.43%, 0, 0, 2, 325.57, 206363, 7
636, 87, 0, 3, 0, 0, 30.43%, 0, 0, 2, 323.95, 208023, 7
641, 88, 2, 3, 0, 0, 30.43%, 0, 0, 2, 325.79, 209696, 7
646, 89, 2, 3, 0, 0, 30.43%, 0, 0, 2, 325.13, 211360, 7
652, 90, 2, 3, 0, 0, 30.43%, 0, 0, 2, 327.37, 213028, 7
657, 91, 2, 3, 0, 0, 30.43%, 0, 0, 2, 325.18, 214686, 7
658, 91, 2, 3, 0, 0, 30.43%, 1, 0, 2, 315.03, 215190, 7
