# relative_time, cycles_done, cur_item, corpus_count, pending_total, pending_favs, map_size, saved_crashes, saved_hangs, max_depth, execs_per_sec, total_execs, edges_found
61, 7, 0, 3, 0, 0, 30.43%, 0, 0, 2, 324.76, 19952, 7
66, 8, 2, 3, 0, 0, 30.43%, 0, 0, 2, 325.02, 21611, 7
71, 9, 2, 3, 0, 0, 30.43%, 0, 0, 2, 324.31, 23275, 7
76, 10, 2, 3, 0, 0, 30.43%, 0, 0, 2, 325.57, 24931, 7
81, 11, 2, 3, 0, 0, 30.43%, 0, 0, 2, 324.22, 26595, 7
87, 11, 0, 3, 0, 0, 30.43%, 0, 0, 2, 324.44, 28257, 7
92, 12, 2, 3, 0, 0, 30.43%, 0, 0, 2, 325.17, 29934, 7
97, 13, 2, 3, 0, 0, 30.43%, 0, 0, 2, 324.28, 31590, 7
102, 14, 2, 3, 0, 0, 30.43%, 0, 0, 2, 325.31, 33260, 7
107, 15, 2, 3, 0, 0, 30.43%, 0, 0, 2, 324.97, 34934, 7
112, 15, 2, 3, 0, 0, 30.43%, 0, 0, 2, 323.79, 36592, 7
117, 16, 1, 3, 0, 0, 30.43%, 0, 0, 2, 324.02, 38256, 7
122, 17, 2, 3, 0, 0, 30.43%, 0, 0, 2, 324.52, 39918, 7
128, 18, 2, 3, 0, 0, 30.43%, 0, 0, 2, 324.79, 41582, 7
133, 19, 2, 3, 0, 0, 30.43%, 0, 0, 2, 323.64, 43234, 7
138, 19, 0, 3, 0, 0, 30.43%, 0, 0, 2, 325.21, 44888, 7
143, 20, 2, 3, 0, 0, 30.43%, 0, 0, 2, 323.64, 46547, 7
148, 21, 0, 3, 0, 0, 30.43%, 0, 0, 2, 323.62, 48203, 7
153, 21, 2, 3, 0, 0, 30.43%, 0, 0, 2, 325.62, 49874, 7
154, 21, 2, 3, 0, 0, 30.43%, 1, 0, 2, 314.77, 50041, 7
