# relative_time, cycles_done, cur_item, corpus_count, pending_total, pending_favs, map_size, saved_crashes, saved_hangs, max_depth, execs_per_sec, total_execs, edges_found
61, 5, 0, 1, 0, 0, 25.00%, 0, 0, 1, 324.06, 20067, 2
66, 6, 0, 1, 0, 0, 25.00%, 0, 0, 1, 323.50, 21727, 2
71, 6, 0, 1, 0, 0, 25.00%, 0, 0, 1, 325.76, 23400, 2
76, 7, 0, 1, 0, 0, 25.00%, 0, 0, 1, 324.80, 25060, 2
82, 7, 0, 1, 0, 0, 25.00%, 0, 0, 1, 325.30, 26715, 2
87, 8, 0, 1, 0, 0, 25.00%, 0, 0, 1, 322.62, 28352, 2
92, 8, 0, 1, 0, 0, 25.00%, 0, 0, 1, 324.60, 30012, 2
97, 9, 0, 1, 0, 0, 25.00%, 0, 0, 1, 324.64, 31673, 2
102, 9, 0, 1, 0, 0, 25.00%, 0, 0, 1, 326.36, 33357, 2
107, 10, 0, 1, 0, 0, 25.00%, 0, 0, 1, 326.13, 35024, 2
112, 10, 0, 1, 0, 0, 25.00%, 0, 0, 1, 327.08, 36673, 2
117, 11, 0, 1, 0, 0, 25.00%, 0, 0, 1, 325.41, 38333, 2
122, 11, 0, 1, 0, 0, 25.00%, 0, 0, 1, 323.98, 40006, 2
127, 12, 0, 1, 0, 0, 25.00%, 0, 0, 1, 325.31, 41660, 2
133, 12, 0, 1, 0, 0, 25.00%, 0, 0, 1, 326.05, 43321, 2
137, 12, 0, 1, 0, 0, 25.00%, 1, 0, 1, 317.66, 44637, 2
