# relative_time, cycles_done, cur_item, corpus_count, pending_total, pending_favs, map_size, saved_crashes, saved_hangs, max_depth, execs_per_sec, total_execs, edges_found
61, 11, 2, 3, 0, 0, 36.00%, 0, 0, 2, 328.35, 20114, 9
66, 12, 2, 3, 0, 0, 36.00%, 0, 0, 2, 326.66, 21746, 9
71, 13, 2, 3, 0, 0, 36.00%, 0, 0, 2, 327.63, 23426, 9
76, 14, 0, 3, 0, 0, 36.00%, 0, 0, 2, 328.40, 25136, 9
82, 15, 2, 3, 0, 0, 36.00%, 0, 0, 2, 325.01, 26806, 9
87, 16, 2, 3, 0, 0, 36.00%, 0, 0, 2, 327.55, 28498, 9
92, 17, 0, 3, 0, 0, 36.00%, 0, 0, 2, 325.26, 30178, 9
97, 17, 0, 3, 0, 0, 36.00%, 0, 0, 2, 321.95, 31836, 9
102, 19, 2, 3, 0, 0, 36.00%, 0, 0, 2, 324.05, 33506, 9
107, 20, 0, 3, 0, 0, 36.00%, 0, 0, 2, 324.43, 35189, 9
113, 20, 0, 3, 0, 0, 36.00%, 0, 0, 2, 318.60, 36826, 9
118, 21, 2, 3, 0, 0, 36.00%, 0, 0, 2, 324.47, 38514, 9
123, 22, 0, 3, 0, 0, 36.00%, 0, 0, 2, 322.28, 40173, 9
128, 23, 0, 3, 0, 0, 36.00%, 0, 0, 2, 321.01, 41783, 9
133, 24, 0, 3, 0, 0, 36.00%, 0, 0, 2, 322.33, 43444, 9
138, 24, 2, 3, 0, 0, 36.00%, 0, 0, 2, 323.54, 45117, 9
143, 25, 2, 3, 0, 0, 36.00%, 0, 0, 2, 326.87, 46815, 9
149, 26, 0, 3, 0, 0, 36.00%, 0, 0, 2, 323.24, 48483, 9
154, 27, 0, 3, 0, 0, 36.00%, 0, 0, 2, 325.46, 50150, 9
159, 28, 2, 3, 0, 0, 36.00%, 0, 0, 2, 333.25, 51844, 9
164, 29, 2, 3, 0, 0, 36.00%, 0, 0, 2, 337.47, 53545, 9
169, 30, 2, 3, 0, 0, 36.00%, 0, 0, 2, 331.36, 55260, 9
174, 30, 0, 3, 0, 0, 36.00%, 1, 0, 2, 0.00, 56841, 9
