# relative_time, cycles_done, cur_item, corpus_count, pending_total, pending_favs, map_size, saved_crashes, saved_hangs, max_depth, execs_per_sec, total_execs, edges_found
61, 8, 2, 3, 0, 0, 32.26%, 0, 0, 2, 320.54, 19889, 10
67, 8, 0, 3, 0, 0, 32.26%, 0, 0, 2, 321.03, 21540, 10
72, 9, 0, 3, 0, 0, 32.26%, 0, 0, 2, 321.47, 23195, 10
77, 10, 2, 3, 0, 0, 32.26%, 0, 0, 2, 320.20, 24856, 10
82, 10, 2, 3, 0, 0, 32.26%, 0, 0, 2, 319.49, 26504, 10
87, 11, 2, 3, 0, 0, 32.26%, 0, 0, 2, 319.34, 28161, 10
92, 12, 1, 3, 0, 0, 32.26%, 0, 0, 2, 318.26, 29813, 10
98, 12, 1, 3, 0, 0, 32.26%, 0, 0, 2, 320.33, 31468, 10
103, 13, 1, 3, 0, 0, 32.26%, 0, 0, 2, 321.40, 33133, 10
108, 14, 1, 3, 0, 0, 32.26%, 0, 0, 2, 320.16, 34735, 10
113, 15, 2, 3, 0, 0, 32.26%, 0, 0, 2, 321.26, 36400, 10
118, 16, 2, 3, 0, 0, 32.26%, 0, 0, 2, 320.05, 38051, 10
123, 17, 0, 3, 0, 0, 32.26%, 0, 0, 2, 320.78, 39696, 10
128, 17, 2, 3, 0, 0, 32.26%, 0, 0, 2, 320.79, 41346, 10
134, 18, 1, 3, 0, 0, 32.26%, 0, 0, 2, 318.95, 43000, 10
139, 18, 1, 3, 0, 0, 32.26%, 0, 0, 2, 319.52, 44655, 10
144, 19, 0, 3, 0, 0, 32.26%, 0, 0, 2, 321.01, 46311, 10
149, 20, 0, 3, 0, 0, 32.26%, 0, 0, 2, 320.95, 47972, 10
154, 20, 1, 3, 0, 0, 32.26%, 0, 0, 2, 320.53, 49622, 10
159, 21, 1, 3, 0, 0, 32.26%, 0, 0, 2, 321.54, 51281, 10
165, 22, 1, 3, 0, 0, 32.26%, 0, 0, 2, 321.76, 52935, 10
170, 23, 2, 3, 0, 0, 32.26%, 0, 0, 2, 320.38, 54591, 10
175, 23, 1, 3, 0, 0, 32.26%, 0, 0, 2, 321.58, 56246, 10
180, 24, 1, 3, 0, 0, 32.26%, 0, 0, 2, 320.75, 57900, 10
185, 25, 2, 3, 0, 0, 32.26%, 0, 0, 2, 320.06, 59562, 10
190, 26, 1, 3, 0, 0, 32.26%, 0, 0, 2, 320.40, 61217, 10
196, 27, 1, 3, 0, 0, 32.26%, 0, 0, 2, 320.63, 62873, 10
201, 28, 2, 3, 0, 0, 32.26%, 0, 0, 2, 320.97, 64533, 10
206, 28, 1, 3, 0, 0, 32.26%, 0, 0, 2, 322.23, 66190, 10
211, 29, 1, 3, 0, 0, 32.26%, 0, 0, 2, 320.70, 67845, 10
216, 30, 1, 3, 0, 0, 32.26%, 0, 0, 2, 318.39, 69488, 10
221, 30, 1, 3, 0, 0, 32.26%, 0, 0, 2, 318.03, 71139, 10
227, 31, 1, 3, 0, 0, 32.26%, 0, 0, 2, 320.74, 72794, 10
232, 32, 1, 3, 0, 0, 32.26%, 0, 0, 2, 320.64, 74448, 10
237, 33, 2, 3, 0, 0, 32.26%, 0, 0, 2, 320.60, 76101, 10
242, 33, 2, 3, 0, 0, 32.26%, 0, 0, 2, 321.04, 77755, 10
247, 34, 1, 3, 0, 0, 32.26%, 0, 0, 2, 321.22, 79415, 10
252, 35, 1, 3, 0, 0, 32.26%, 0, 0, 2, 322.02, 81080, 10
258, 36, 1, 3, 0, 0, 32.26%, 0, 0, 2, 321.14, 82742, 10
263, 37, 1, 3, 0, 0, 32.26%, 0, 0, 2, 320.53, 84397, 10
268, 38, 2, 3, 0, 0, 32.26%, 0, 0, 2, 320.76, 86053, 10
273, 38, 1, 3, 0, 0, 32.26%, 0, 0, 2, 321.46, 87708, 10
278, 39, 1, 3, 0, 0, 32.26%, 0, 0, 2, 320.71, 89363, 10
283, 40, 1, 3, 0, 0, 32.26%, 0, 0, 2, 322.33, 91028, 10
289, 41, 1, 3, 0, 0, 32.26%, 0, 0, 2, 321.57, 92696, 10
294, 42, 1, 3, 0, 0, 32.26%, 0, 0, 2, 320.97, 94356, 10
299, 43, 1, 3, 0, 0, 32.26%, 0, 0, 2, 320.61, 96021, 10
304, 43, 2, 3, 0, 0, 32.26%, 0, 0, 2, 321.37, 97675, 10
309, 44, 2, 3, 0, 0, 32.26%, 0, 0, 2, 320.59, 99329, 10
314, 45, 1, 3, 0, 0, 32.26%, 0, 0, 2, 316.81, 100973, 10
320, 45, 2, 3, 0, 0, 32.26%, 0, 0, 2, 319.73, 102635, 10
325, 47, 2, 3, 0, 0, 32.26%, 0, 0, 2, 320.29, 104289, 10
330, 47, 1, 3, 0, 0, 32.26%, 0, 0, 2, 320.56, 105946, 10
335, 48, 1, 3, 0, 0, 32.26%, 1, 0, 2, 308.93, 107499, 10
