# relative_time, cycles_done, cur_item, corpus_count, pending_total, pending_favs, map_size, saved_crashes, saved_hangs, max_depth, execs_per_sec, total_execs, edges_found
61, 9, 1, 3, 0, 0, 36.00%, 0, 0, 2, 327.78, 20155, 9
66, 9, 1, 3, 0, 0, 36.00%, 0, 0, 2, 323.69, 21822, 9
72, 10, 0, 3, 0, 0, 36.00%, 0, 0, 2, 324.56, 23502, 9
77, 11, 2, 3, 0, 0, 36.00%, 0, 0, 2, 326.05, 25178, 9
82, 12, 2, 3, 0, 0, 36.00%, 0, 0, 2, 328.79, 26840, 9
87, 13, 1, 3, 0, 0, 36.00%, 0, 0, 2, 328.63, 28526, 9
92, 14, 0, 3, 0, 0, 36.00%, 0, 0, 2, 325.38, 30209, 9
97, 14, 2, 3, 0, 0, 36.00%, 0, 0, 2, 323.90, 31857, 9
102, 15, 2, 3, 0, 0, 36.00%, 0, 0, 2, 328.11, 33507, 9
107, 16, 1, 3, 0, 0, 36.00%, 0, 0, 2, 323.28, 35186, 9
112, 17, 1, 3, 0, 0, 36.00%, 0, 0, 2, 327.59, 36833, 9
117, 18, 1, 3, 0, 0, 36.00%, 0, 0, 2, 322.64, 38494, 9
123, 19, 2, 3, 0, 0, 36.00%, 0, 0, 2, 327.91, 40204, 9
128, 19, 0, 3, 0, 0, 36.00%, 0, 0, 2, 321.43, 41860, 9
133, 20, 1, 3, 0, 0, 36.00%, 0, 0, 2, 326.32, 43572, 9
138, 21, 1, 3, 0, 0, 36.00%, 0, 0, 2, 326.20, 45257, 9
143, 22, 1, 3, 0, 0, 36.00%, 0, 0, 2, 323.92, 46924, 9
149, 23, 1, 3, 0, 0, 36.00%, 0, 0, 2, 326.22, 48604, 9
154, 24, 0, 3, 0, 0, 36.00%, 0, 0, 2, 324.72, 50290, 9
159, 24, 1, 3, 0, 0, 36.00%, 0, 0, 2, 325.01, 51960, 9
164, 25, 0, 3, 0, 0, 36.00%, 0, 0, 2, 324.56, 53631, 9
169, 26, 0, 3, 0, 0, 36.00%, 0, 0, 2, 326.56, 55328, 9
174, 27, 1, 3, 0, 0, 36.00%, 0, 0, 2, 326.85, 57013, 9
179, 28, 2, 3, 0, 0, 36.00%, 0, 0, 2, 327.04, 58705, 9
185, 28, 0, 3, 0, 0, 36.00%, 0, 0, 2, 323.98, 60388, 9
190, 30, 2, 3, 0, 0, 36.00%, 0, 0, 2, 325.77, 62082, 9
195, 30, 0, 3, 0, 0, 36.00%, 0, 0, 2, 323.79, 63765, 9
200, 31, 1, 3, 0, 0, 36.00%, 0, 0, 2, 328.57, 65474, 9
205, 32, 0, 3, 0, 0, 36.00%, 0, 0, 2, 325.09, 67141, 9
211, 32, 1, 3, 0, 0, 36.00%, 0, 0, 2, 326.84, 68826, 9
216, 33, 0, 3, 0, 0, 36.00%, 0, 0, 2, 325.87, 70470, 9
221, 34, 1, 3, 0, 0, 36.00%, 0, 0, 2, 325.52, 72158, 9
226, 35, 0, 3, 0, 0, 36.00%, 0, 0, 2, 324.09, 73847, 9
231, 36, 0, 3, 0, 0, 36.00%, 0, 0, 2, 327.27, 75541, 9
236, 36, 1, 3, 0, 0, 36.00%, 0, 0, 2, 325.56, 77211, 9
241, 37, 0, 3, 0, 0, 36.00%, 0, 0, 2, 321.56, 78866, 9
247, 37, 2, 3, 0, 0, 36.00%, 0, 0, 2, 325.20, 80545, 9
252, 38, 1, 3, 0, 0, 36.00%, 0, 0, 2, 323.10, 82206, 9
257, 39, 1, 3, 0, 0, 36.00%, 0, 0, 2, 328.24, 83919, 9
262, 40, 0, 3, 0, 0, 36.00%, 0, 0, 2, 325.74, 85605, 9
267, 40, 0, 3, 0, 0, 36.00%, 0, 0, 2, 322.02, 87254, 9
272, 41, 1, 3, 0, 0, 36.00%, 0, 0, 2, 322.75, 88921, 9
278, 42, 2, 3, 0, 0, 36.00%, 0, 0, 2, 325.78, 90604, 9
283, 44, 2, 3, 0, 0, 36.00%, 0, 0, 2, 328.47, 92266, 9
288, 45, 2, 3, 0, 0, 36.00%, 0, 0, 2, 329.18, 93928, 9
293, 46, 1, 3, 0, 0, 36.00%, 0, 0, 2, 330.96, 95650, 9
298, 46, 0, 3, 0, 0, 36.00%, 0, 0, 2, 323.36, 97318, 9
303, 47, 0, 3, 0, 0, 36.00%, 0, 0, 2, 323.49, 98994, 9
308, 48, 0, 3, 0, 0, 36.00%, 0, 0, 2, 328.21, 100637, 9
313, 49, 2, 3, 0, 0, 36.00%, 0, 0, 2, 323.26, 102295, 9
319, 49, 0, 3, 0, 0, 36.00%, 0, 0, 2, 324.83, 103981, 9
324, 50, 1, 3, 0, 0, 36.00%, 0, 0, 2, 323.12, 105635, 9
329, 50, 2, 3, 0, 0, 36.00%, 0, 0, 2, 322.91, 107299, 9
334, 51, 2, 3, 0, 0, 36.00%, 0, 0, 2, 328.72, 109009, 9
339, 52, 0, 3, 0, 0, 36.00%, 0, 0, 2, 325.52, 110686, 9
344, 53, 1, 3, 0, 0, 36.00%, 0, 0, 2, 328.85, 112392, 9
349, 54, 1, 3, 0, 0, 36.00%, 0, 0, 2, 330.25, 114060, 9
355, 56, 1, 3, 0, 0, 36.00%, 0, 0, 2, 329.81, 115782, 9
360, 56, 0, 3, 0, 0, 36.00%, 0, 0, 2, 325.36, 117471, 9
365, 57, 0, 3, 0, 0, 36.00%, 0, 0, 2, 325.91, 119168, 9
370, 58, 1, 3, 0, 0, 36.00%, 0, 0, 2, 327.47, 120847, 9
375, 59, 0, 3, 0, 0, 36.00%, 0, 0, 2, 324.22, 122473, 9
380, 59, 0, 3, 0, 0, 36.00%, 0, 0, 2, 322.43, 124122, 9
385, 60, 1, 3, 0, 0, 36.00%, 0, 0, 2, 329.71, 125840, 9
390, 61, 2, 3, 0, 0, 36.00%, 0, 0, 2, 328.14, 127484, 9
396, 62, 0, 3, 0, 0, 36.00%, 0, 0, 2, 324.60, 129167, 9
401, 63, 1, 3, 0, 0, 36.00%, 0, 0, 2, 329.22, 130822, 9
406, 64, 0, 3, 0, 0, 36.00%, 0, 0, 2, 328.52, 132469, 9
411, 64, 0, 3, 0, 0, 36.00%, 0, 0, 2, 322.47, 134118, 9
416, 65, 1, 3, 0, 0, 36.00%, 0, 0, 2, 327.41, 135821, 9
421, 66, 1, 3, 0, 0, 36.00%, 0, 0, 2, 327.87, 137459, 9
426, 67, 2, 3, 0, 0, 36.00%, 0, 0, 2, 329.98, 139121, 9
431, 68, 1, 3, 0, 0, 36.00%, 0, 0, 2, 324.95, 140779, 9
436, 68, 0, 3, 0, 0, 36.00%, 0, 0, 2, 322.99, 142450, 9
441, 70, 1, 3, 0, 0, 36.00%, 0, 0, 2, 327.92, 144096, 9
447, 71, 1, 3, 0, 0, 36.00%, 0, 0, 2, 328.94, 145803, 9
452, 71, 1, 3, 0, 0, 36.00%, 0, 0, 2, 325.94, 147476, 9
457, 72, 0, 3, 0, 0, 36.00%, 0, 0, 2, 325.03, 149114, 9
462, 73, 0, 3, 0, 0, 36.00%, 0, 0, 2, 324.78, 150793, 9
467, 73, 0, 3, 0, 0, 36.00%, 0, 0, 2, 321.83, 152436, 9
472, 74, 1, 3, 0, 0, 36.00%, 0, 0, 2, 325.79, 154112, 9
477, 75, 2, 3, 0, 0, 36.00%, 0, 0, 2, 328.74, 155822, 9
482, 76, 1, 3, 0, 0, 36.00%, 0, 0, 2, 329.68, 157469, 9
488, 77, 0, 3, 0, 0, 36.00%, 0, 0, 2, 324.17, 159161, 9
493, 77, 0, 3, 0, 0, 36.00%, 0, 0, 2, 321.54, 160825, 9
498, 79, 1, 3, 0, 0, 36.00%, 0, 0, 2, 326.62, 162513, 9
503, 80, 1, 3, 0, 0, 36.00%, 0, 0, 2, 329.95, 164226, 9
508, 81, 1, 3, 0, 0, 36.00%, 0, 0, 2, 329.11, 165870, 9
513, 81, 0, 3, 0, 0, 36.00%, 0, 0, 2, 323.43, 167537, 9
518, 82, 0, 3, 0, 0, 36.00%, 0, 0, 2, 323.04, 169189, 9
524, 82, 1, 3, 0, 0, 36.00%, 0, 0, 2, 325.65, 170862, 9
529, 83, 0, 3, 0, 0, 36.00%, 0, 0, 2, 323.78, 172527, 9
534, 84, 1, 3, 0, 0, 36.00%, 0, 0, 2, 326.39, 174197, 9
539, 85, 2, 3, 0, 0, 36.00%, 0, 0, 2, 329.15, 175856, 9
544, 86, 1, 3, 0, 0, 36.00%, 0, 0, 2, 329.93, 177566, 9
549, 88, 0, 3, 0, 0, 36.00%, 0, 0, 2, 328.51, 179210, 9
554, 88, 1, 3, 0, 0, 36.00%, 0, 0, 2, 326.40, 180889, 9
559, 89, 0, 3, 0, 0, 36.00%, 0, 0, 2, 325.17, 182584, 9
565, 89, 2, 3, 0, 0, 36.00%, 0, 0, 2, 322.29, 184232, 9
570, 90, 1, 3, 0, 0, 36.00%, 0, 0, 2, 328.63, 185948, 9
575, 92, 1, 3, 0, 0, 36.00%, 0, 0, 2, 330.04, 187658, 9
580, 93, 1, 3, 0, 0, 36.00%, 0, 0, 2, 330.60, 189323, 9
585, 93, 2, 3, 0, 0, 36.00%, 0, 0, 2, 326.47, 191002, 9
590, 94, 2, 3, 0, 0, 36.00%, 0, 0, 2, 326.68, 192694, 9
595, 95, 1, 3, 0, 0, 36.00%, 0, 0, 2, 323.47, 194367, 9
601, 95, 0, 3, 0, 0, 36.00%, 0, 0, 2, 322.41, 196047, 9
606, 96, 0, 3, 0, 0, 36.00%, 0, 0, 2, 322.69, 197729, 9
611, 97, 0, 3, 0, 0, 36.00%, 0, 0, 2, 322.89, 199387, 9
616, 97, 0, 3, 0, 0, 36.00%, 0, 0, 2, 320.55, 201039, 9
621, 98, 0, 3, 0, 0, 36.00%, 0, 0, 2, 324.27, 202715, 9
626, 98, 0, 3, 0, 0, 36.00%, 0, 0, 2, 320.35, 204358, 9
631, 99, 1, 3, 0, 0, 36.00%, 0, 0, 2, 322.55, 205974, 9
637, 100, 2, 3, 0, 0, 36.00%, 0, 0, 2, 326.48, 207624, 9
642, 101, 0, 3, 0, 0, 36.00%, 0, 0, 2, 323.70, 209292, 9
647, 102, 1, 3, 0, 0, 36.00%, 0, 0, 2, 325.23, 210983, 9
652, 103, 1, 3, 0, 0, 36.00%, 0, 0, 2, 328.64, 212690, 9
657, 104, 2, 3, 0, 0, 36.00%, 0, 0, 2, 326.15, 214376, 9
662, 106, 1, 3, 0, 0, 36.00%, 0, 0, 2, 328.01, 216062, 9
668, 107, 1, 3, 0, 0, 36.00%, 0, 0, 2, 328.11, 217754, 9
673, 108, 0, 3, 0, 0, 36.00%, 0, 0, 2, 321.87, 219422, 9
675, 108, 1, 3, 0, 0, 36.00%, 1, 0, 2, 7.46, 220286, 9
