# relative_time, cycles_done, cur_item, corpus_count, pending_total, pending_favs, map_size, saved_crashes, saved_hangs, max_depth, execs_per_sec, total_execs, edges_found
61, 8, 1, 3, 0, 0, 32.26%, 0, 0, 2, 322.58, 20034, 10
66, 9, 0, 3, 0, 0, 32.26%, 0, 0, 2, 323.22, 21663, 10
71, 10, 1, 3, 0, 0, 32.26%, 0, 0, 2, 327.49, 23360, 10
76, 11, 2, 3, 0, 0, 32.26%, 0, 0, 2, 326.26, 25004, 10
82, 11, 0, 3, 0, 0, 32.26%, 0, 0, 2, 323.73, 26666, 10
87, 12, 0, 3, 0, 0, 32.26%, 0, 0, 2, 322.81, 28330, 10
92, 13, 1, 3, 0, 0, 32.26%, 0, 0, 2, 327.43, 30021, 10
97, 14, 2, 3, 0, 0, 32.26%, 0, 0, 2, 328.19, 31719, 10
102, 15, 1, 3, 0, 0, 32.26%, 0, 0, 2, 330.15, 33435, 10
107, 16, 1, 3, 0, 0, 32.26%, 0, 0, 2, 324.53, 35093, 10
113, 16, 1, 3, 0, 0, 32.26%, 0, 0, 2, 325.00, 36766, 10
118, 18, 2, 3, 0, 0, 32.26%, 0, 0, 2, 326.89, 38476, 10
123, 18, 0, 3, 0, 0, 32.26%, 0, 0, 2, 323.15, 40156, 10
128, 19, 1, 3, 0, 0, 32.26%, 0, 0, 2, 323.67, 41832, 10
133, 20, 0, 3, 0, 0, 32.26%, 0, 0, 2, 324.20, 43512, 10
139, 21, 0, 3, 0, 0, 32.26%, 0, 0, 2, 325.34, 45191, 10
144, 22, 2, 3, 0, 0, 32.26%, 0, 0, 2, 326.80, 46876, 10
149, 23, 2, 3, 0, 0, 32.26%, 0, 0, 2, 326.15, 48505, 10
154, 23, 0, 3, 0, 0, 32.26%, 0, 0, 2, 323.52, 50166, 10
159, 24, 0, 3, 0, 0, 32.26%, 0, 0, 2, 323.09, 51827, 10
164, 24, 1, 3, 0, 0, 32.26%, 0, 0, 2, 324.98, 53497, 10
169, 25, 0, 3, 0, 0, 32.26%, 0, 0, 2, 325.76, 55198, 10
174, 26, 0, 3, 0, 0, 32.26%, 0, 0, 2, 319.55, 56790, 10
180, 26, 0, 3, 0, 0, 32.26%, 0, 0, 2, 320.60, 58439, 10
185, 27, 2, 3, 0, 0, 32.26%, 0, 0, 2, 325.08, 60139, 10
190, 28, 1, 3, 0, 0, 32.26%, 0, 0, 2, 323.42, 61818, 10
195, 29, 2, 3, 0, 0, 32.26%, 0, 0, 2, 325.83, 63516, 10
200, 29, 0, 3, 0, 0, 32.26%, 0, 0, 2, 324.45, 65187, 10
205, 30, 1, 3, 0, 0, 32.26%, 0, 0, 2, 328.07, 66884, 10
210, 31, 2, 3, 0, 0, 32.26%, 0, 0, 2, 321.63, 68497, 10
216, 32, 2, 3, 0, 0, 32.26%, 0, 0, 2, 324.93, 70186, 10
221, 33, 1, 3, 0, 0, 32.26%, 0, 0, 2, 327.67, 71890, 10
226, 34, 1, 3, 0, 0, 32.26%, 0, 0, 2, 324.54, 73576, 10
231, 35, 0, 3, 0, 0, 32.26%, 0, 0, 2, 322.49, 75262, 10
236, 36, 1, 3, 0, 0, 32.26%, 0, 0, 2, 326.19, 76953, 10
242, 37, 1, 3, 0, 0, 32.26%, 0, 0, 2, 328.96, 78654, 10
247, 38, 1, 3, 0, 0, 32.26%, 0, 0, 2, 324.83, 80321, 10
252, 38, 0, 3, 0, 0, 32.26%, 0, 0, 2, 325.50, 81998, 10
257, 40, 1, 3, 0, 0, 32.26%, 0, 0, 2, 328.05, 83644, 10
262, 41, 1, 3, 0, 0, 32.26%, 0, 0, 2, 329.76, 85357, 10
267, 42, 1, 3, 0, 0, 32.26%, 0, 0, 2, 329.60, 87067, 10
272, 43, 1, 3, 0, 0, 32.26%, 0, 0, 2, 331.80, 88741, 10
278, 44, 0, 3, 0, 0, 32.26%, 0, 0, 2, 326.01, 90439, 10
283, 44, 0, 3, 0, 0, 32.26%, 0, 0, 2, 323.63, 92103, 10
288, 45, 0, 3, 0, 0, 32.26%, 0, 0, 2, 321.60, 93767, 10
293, 46, 1, 3, 0, 0, 32.26%, 0, 0, 2, 327.42, 95455, 10
298, 47, 0, 3, 0, 0, 32.26%, 0, 0, 2, 326.34, 97156, 10
303, 47, 0, 3, 0, 0, 32.26%, 0, 0, 2, 323.67, 98823, 10
308, 48, 0, 3, 0, 0, 32.26%, 0, 0, 2, 320.99, 100472, 10
314, 49, 1, 3, 0, 0, 32.26%, 0, 0, 2, 325.35, 102169, 10
319, 49, 1, 3, 0, 0, 32.26%, 0, 0, 2, 324.94, 103842, 10
324, 50, 2, 3, 0, 0, 32.26%, 0, 0, 2, 327.83, 105489, 10
329, 51, 2, 3, 0, 0, 32.26%, 0, 0, 2, 327.98, 107127, 10
334, 53, 1, 3, 0, 0, 32.26%, 0, 0, 2, 329.38, 108777, 10
339, 54, 1, 3, 0, 0, 32.26%, 0, 0, 2, 329.19, 110424, 10
344, 54, 1, 3, 0, 0, 32.26%, 0, 0, 2, 324.23, 112085, 10
349, 55, 0, 3, 0, 0, 32.26%, 0, 0, 2, 329.43, 113795, 10
354, 56, 1, 3, 0, 0, 32.26%, 0, 0, 2, 324.88, 115453, 10
356, 56, 1, 3, 0, 0, 32.26%, 1, 0, 2, 317.14, 115853, 10
