# relative_time, cycles_done, cur_item, corpus_count, pending_total, pending_favs, map_size, saved_crashes, saved_hangs, max_depth, execs_per_sec, total_execs, edges_found
60, 7, 0, 3, 0, 0, 30.43%, 0, 0, 2, 333.67, 20392, 7
66, 8, 2, 3, 0, 0, 30.43%, 0, 0, 2, 334.41, 22088, 7
71, 8, 0, 3, 0, 0, 30.43%, 0, 0, 2, 333.60, 23784, 7
76, 9, 2, 3, 0, 0, 30.43%, 0, 0, 2, 335.89, 25499, 7
81, 10, 2, 3, 0, 0, 30.43%, 0, 0, 2, 334.61, 27203, 7
86, 11, 0, 3, 0, 0, 30.43%, 0, 0, 2, 334.18, 28903, 7
91, 11, 2, 3, 0, 0, 30.43%, 0, 0, 2, 333.94, 30614, 7
96, 12, 2, 3, 0, 0, 30.43%, 0, 0, 2, 334.45, 32296, 7
101, 13, 2, 3, 0, 0, 30.43%, 0, 0, 2, 333.76, 33996, 7
106, 13, 2, 3, 0, 0, 30.43%, 0, 0, 2, 333.89, 35707, 7
111, 14, 2, 3, 0, 0, 30.43%, 0, 0, 2, 328.83, 37371, 7
116, 15, 2, 3, 0, 0, 30.43%, 0, 0, 2, 322.64, 39027, 7
122, 15, 2, 3, 0, 0, 30.43%, 0, 0, 2, 322.35, 40672, 7
127, 16, 2, 3, 0, 0, 30.43%, 0, 0, 2, 322.73, 42330, 7
132, 17, 2, 3, 0, 0, 30.43%, 0, 0, 2, 323.38, 43994, 7
137, 18, 2, 3, 0, 0, 30.43%, 0, 0, 2, 323.32, 45650, 7
142, 19, 2, 3, 0, 0, 30.43%, 0, 0, 2, 322.32, 47308, 7
147, 19, 2, 3, 0, 0, 30.43%, 0, 0, 2, 323.37, 48966, 7
152, 20, 2, 3, 0, 0, 30.43%, 0, 0, 2, 323.67, 50629, 7
158, 21, 2, 3, 0, 0, 30.43%, 0, 0, 2, 323.01, 52287, 7
163, 21, 2, 3, 0, 0, 30.43%, 0, 0, 2, 323.68, 53943, 7
168, 22, 2, 3, 0, 0, 30.43%, 0, 0, 2, 322.33, 55601, 7
173, 23, 2, 3, 0, 0, 30.43%, 0, 0, 2, 321.89, 57265, 7
178, 24, 2, 3, 0, 0, 30.43%, 0, 0, 2, 323.32, 58927, 7
183, 24, 2, 3, 0, 0, 30.43%, 0, 0, 2, 323.11, 60578, 7
188, 25, 2, 3, 0, 0, 30.43%, 0, 0, 2, 319.34, 62224, 7
193, 26, 2, 3, 0, 0, 30.43%, 0, 0, 2, 322.76, 63882, 7
199, 27, 2, 3, 0, 0, 30.43%, 0, 0, 2, 322.44, 65538, 7
204, 27, 0, 3, 0, 0, 30.43%, 0, 0, 2, 322.24, 67196, 7
209, 28, 2, 3, 0, 0, 30.43%, 0, 0, 2, 322.89, 68847, 7
214, 28, 0, 3, 0, 0, 30.43%, 0, 0, 2, 322.66, 70503, 7
219, 29, 0, 3, 0, 0, 30.43%, 0, 0, 2, 322.17, 72156, 7
224, 29, 2, 3, 0, 0, 30.43%, 0, 0, 2, 322.63, 73807, 7
229, 30, 2, 3, 0, 0, 30.43%, 0, 0, 2, 323.83, 75464, 7
234, 31, 2, 3, 0, 0, 30.43%, 0, 0, 2, 322.87, 77122, 7
240, 31, 2, 3, 0, 0, 30.43%, 0, 0, 2, 323.02, 78774, 7
245, 32, 2, 3, 0, 0, 30.43%, 0, 0, 2, 320.39, 80420, 7
250, 33, 0, 3, 0, 0, 30.43%, 0, 0, 2, 321.94, 82070, 7
255, 33, 2, 3, 0, 0, 30.43%, 0, 0, 2, 322.35, 83727, 7
260, 34, 2, 3, 0, 0, 30.43%, 0, 0, 2, 321.78, 85391, 7
265, 34, 0, 3, 0, 0, 30.43%, 0, 0, 2, 323.81, 87051, 7
270, 35, 0, 3, 0, 0, 30.43%, 0, 0, 2, 322.30, 88705, 7
276, 35, 2, 3, 0, 0, 30.43%, 0, 0, 2, 321.39, 90356, 7
281, 36, 0, 3, 0, 0, 30.43%, 0, 0, 2, 322.72, 92014, 7
286, 36, 2, 3, 0, 0, 30.43%, 0, 0, 2, 323.29, 93677, 7
291, 37, 2, 3, 0, 0, 30.43%, 0, 0, 2, 322.67, 95329, 7
296, 38, 2, 3, 0, 0, 30.43%, 0, 0, 2, 322.70, 96981, 7
301, 39, 2, 3, 0, 0, 30.43%, 0, 0, 2, 322.91, 98637, 7
306, 39, 0, 3, 0, 0, 30.43%, 0, 0, 2, 323.09, 100293, 7
312, 40, 2, 3, 0, 0, 30.43%, 0, 0, 2, 322.20, 101946, 7
317, 41, 2, 3, 0, 0, 30.43%, 0, 0, 2, 322.93, 103604, 7
322, 42, 2, 3, 0, 0, 30.43%, 0, 0, 2, 321.69, 105262, 7
327, 42, 2, 3, 0, 0, 30.43%, 0, 0, 2, 322.35, 106918, 7
332, 43, 0, 3, 0, 0, 30.43%, 0, 0, 2, 322.40, 108576, 7
337, 43, 2, 3, 0, 0, 30.43%, 0, 0, 2, 322.27, 110227, 7
342, 44, 0, 3, 0, 0, 30.43%, 0, 0, 2, 321.92, 111885, 7
347, 45, 2, 3, 0, 0, 30.43%, 0, 0, 2, 323.55, 113536, 7
353, 45, 2, 3, 0, 0, 30.43%, 0, 0, 2, 322.12, 115188, 7
358, 46, 0, 3, 0, 0, 30.43%, 0, 0, 2, 322.84, 116844, 7
363, 47, 2, 3, 0, 0, 30.43%, 0, 0, 2, 322.26, 118497, 7
368, 47, 2, 3, 0, 0, 30.43%, 0, 0, 2, 322.51, 120155, 7
373, 48, 2, 3, 0, 0, 30.43%, 0, 0, 2, 322.95, 121817, 7
378, 49, 2, 3, 0, 0, 30.43%, 0, 0, 2, 323.24, 123481, 7
383, 49, 0, 3, 0, 0, 30.43%, 0, 0, 2, 322.54, 125135, 7
389, 50, 0, 3, 0, 0, 30.43%, 0, 0, 2, 322.82, 126788, 7
394, 51, 2, 3, 0, 0, 30.43%, 0, 0, 2, 322.94, 128429, 7
399, 51, 2, 3, 0, 0, 30.43%, 0, 0, 2, 323.41, 130087, 7
404, 52, 2, 3, 0, 0, 30.43%, 0, 0, 2, 323.96, 131744, 7
409, 52, 2, 3, 0, 0, 30.43%, 0, 0, 2, 323.29, 133400, 7
414, 53, 2, 3, 0, 0, 30.43%, 0, 0, 2, 322.56, 135058, 7
419, 54, 0, 3, 0, 0, 30.43%, 0, 0, 2, 321.91, 136714, 7
424, 55, 2, 3, 0, 0, 30.43%, 0, 0, 2, 322.14, 138373, 7
430, 55, 0, 3, 0, 0, 30.43%, 0, 0, 2, 320.51, 140025, 7
435, 56, 2, 3, 0, 0, 30.43%, 0, 0, 2, 322.80, 141676, 7
440, 57, 2, 3, 0, 0, 30.43%, 0, 0, 2, 323.01, 143338, 7
445, 58, 2, 3, 0, 0, 30.43%, 0, 0, 2, 323.23, 144990, 7
450, 58, 2, 3, 0, 0, 30.43%, 0, 0, 2, 322.70, 146646, 7
455, 59, 2, 3, 0, 0, 30.43%, 0, 0, 2, 324.14, 148304, 7
460, 60, 2, 3, 0, 0, 30.43%, 0, 0, 2, 323.67, 149968, 7
466, 61, 2, 3, 0, 0, 30.43%, 0, 0, 2, 321.62, 151620, 7
471, 61, 2, 3, 0, 0, 30.43%, 0, 0, 2, 322.17, 153278, 7
476, 62, 2, 3, 0, 0, 30.43%, 0, 0, 2, 323.05, 154934, 7
481, 63, 2, 3, 0, 0, 30.43%, 0, 0, 2, 321.26, 156592, 7
486, 64, 2, 3, 0, 0, 30.43%, 0, 0, 2, 323.14, 158250, 7
491, 64, 2, 3, 0, 0, 30.43%, 0, 0, 2, 320.92, 159902, 7
496, 65, 2, 3, 0, 0, 30.43%, 0, 0, 2, 321.64, 161552, 7
502, 66, 0, 3, 0, 0, 30.43%, 0, 0, 2, 323.10, 163208, 7
507, 66, 2, 3, 0, 0, 30.43%, 0, 0, 2, 322.48, 164873, 7
512, 67, 2, 3, 0, 0, 30.43%, 0, 0, 2, 321.55, 166531, 7
517, 68, 2, 3, 0, 0, 30.43%, 0, 0, 2, 324.03, 168189, 7
522, 69, 2, 3, 0, 0, 30.43%, 0, 0, 2, 322.70, 169847, 7
527, 69, 2, 3, 0, 0, 30.43%, 0, 0, 2, 322.04, 171503, 7
532, 70, 2, 3, 0, 0, 30.43%, 0, 0, 2, 322.78, 173154, 7
537, 70, 2, 3, 0, 0, 30.43%, 0, 0, 2, 323.62, 174812, 7
543, 71, 2, 3, 0, 0, 30.43%, 0, 0, 2, 321.88, 176470, 7
548, 72, 2, 3, 0, 0, 30.43%, 0, 0, 2, 323.55, 178128, 7
553, 73, 2, 3, 0, 0, 30.43%, 0, 0, 2, 321.59, 179778, 7
558, 73, 0, 3, 0, 0, 30.43%, 0, 0, 2, 320.93, 181417, 7
563, 74, 2, 3, 0, 0, 30.43%, 0, 0, 2, 323.16, 183074, 7
568, 74, 2, 3, 0, 0, 30.43%, 0, 0, 2, 323.32, 184732, 7
573, 75, 2, 3, 0, 0, 30.43%, 0, 0, 2, 323.55, 186384, 7
578, 76, 2, 3, 0, 0, 30.43%, 0, 0, 2, 322.32, 188040, 7
584, 77, 0, 3, 0, 0, 30.43%, 0, 0, 2, 323.63, 189696, 7
589, 77, 2, 3, 0, 0, 30.43%, 0, 0, 2, 322.73, 191349, 7
594, 78, 2, 3, 0, 0, 30.43%, 0, 0, 2, 322.51, 193007, 7
599, 79, 2, 3, 0, 0, 30.43%, 0, 0, 2, 322.70, 194665, 7
604, 80, 2, 3, 0, 0, 30.43%, 0, 0, 2, 322.20, 196321, 7
606, 80, 2, 3, 0, 0, 30.43%, 1, 0, 2, 307.73, 196740, 7
