# relative_time, cycles_done, cur_item, corpus_count, pending_total, pending_favs, map_size, saved_crashes, saved_hangs, max_depth, execs_per_sec, total_execs, edges_found
61, 10, 1, 3, 0, 0, 32.26%, 0, 0, 2, 329.44, 20158, 10
66, 12, 1, 3, 0, 0, 32.26%, 0, 0, 2, 327.75, 21862, 10
71, 13, 1, 3, 0, 0, 32.26%, 0, 0, 2, 328.94, 23566, 10
77, 13, 0, 3, 0, 0, 32.26%, 0, 0, 2, 323.79, 25249, 10
82, 15, 0, 3, 0, 0, 32.26%, 0, 0, 2, 327.10, 26937, 10
87, 15, 1, 3, 0, 0, 32.26%, 0, 0, 2, 326.85, 28613, 10
92, 16, 1, 3, 0, 0, 32.26%, 0, 0, 2, 329.49, 30275, 10
97, 17, 1, 3, 0, 0, 32.26%, 0, 0, 2, 323.91, 31936, 10
102, 18, 1, 3, 0, 0, 32.26%, 0, 0, 2, 328.52, 33637, 10
107, 19, 0, 3, 0, 0, 32.26%, 0, 0, 2, 319.57, 35305, 10
113, 19, 0, 3, 0, 0, 32.26%, 0, 0, 2, 321.34, 36975, 10
118, 20, 1, 3, 0, 0, 32.26%, 0, 0, 2, 326.86, 38669, 10
123, 21, 1, 3, 0, 0, 32.26%, 0, 0, 2, 328.10, 40361, 10
128, 22, 1, 3, 0, 0, 32.26%, 0, 0, 2, 329.38, 42068, 10
133, 24, 1, 3, 0, 0, 32.26%, 0, 0, 2, 329.36, 43724, 10
138, 25, 1, 3, 0, 0, 32.26%, 0, 0, 2, 330.20, 45434, 10
143, 26, 0, 3, 0, 0, 32.26%, 0, 0, 2, 324.54, 47114, 10
149, 26, 1, 3, 0, 0, 32.26%, 0, 0, 2, 324.09, 48778, 10
154, 27, 2, 3, 0, 0, 32.26%, 0, 0, 2, 323.89, 50439, 10
159, 28, 2, 3, 0, 0, 32.26%, 0, 0, 2, 327.93, 52143, 10
164, 29, 1, 3, 0, 0, 32.26%, 0, 0, 2, 331.11, 53811, 10
169, 30, 2, 3, 0, 0, 32.26%, 0, 0, 2, 327.32, 55446, 10
174, 32, 1, 3, 0, 0, 32.26%, 0, 0, 2, 327.64, 57150, 10
179, 32, 1, 3, 0, 0, 32.26%, 0, 0, 2, 324.28, 58811, 10
184, 33, 1, 3, 0, 0, 32.26%, 0, 0, 2, 322.93, 60427, 10
189, 33, 0, 3, 0, 0, 32.26%, 0, 0, 2, 322.90, 62092, 10
195, 34, 1, 3, 0, 0, 32.26%, 0, 0, 2, 329.09, 63804, 10
200, 36, 2, 3, 0, 0, 32.26%, 0, 0, 2, 329.07, 65508, 10
205, 37, 0, 3, 0, 0, 32.26%, 0, 0, 2, 327.16, 67209, 10
210, 37, 0, 3, 0, 0, 32.26%, 0, 0, 2, 322.18, 68864, 10
215, 38, 0, 3, 0, 0, 32.26%, 0, 0, 2, 324.95, 70555, 10
220, 38, 0, 3, 0, 0, 32.26%, 0, 0, 2, 321.08, 72204, 10
225, 39, 1, 3, 0, 0, 32.26%, 0, 0, 2, 326.91, 73844, 10
230, 40, 1, 3, 0, 0, 32.26%, 0, 0, 2, 325.51, 75482, 10
236, 41, 1, 3, 0, 0, 32.26%, 0, 0, 2, 328.66, 77192, 10
241, 42, 0, 3, 0, 0, 32.26%, 0, 0, 2, 329.28, 78908, 10
246, 43, 1, 3, 0, 0, 32.26%, 0, 0, 2, 325.40, 80524, 10
251, 44, 1, 3, 0, 0, 32.26%, 0, 0, 2, 329.46, 82240, 10
256, 45, 1, 3, 0, 0, 32.26%, 0, 0, 2, 329.01, 83884, 10
261, 46, 1, 3, 0, 0, 32.26%, 0, 0, 2, 324.78, 85542, 10
266, 47, 1, 3, 0, 0, 32.26%, 0, 0, 2, 328.67, 87246, 10
272, 48, 1, 3, 0, 0, 32.26%, 0, 0, 2, 328.20, 88962, 10
274, 49, 1, 3, 0, 0, 32.26%, 1, 0, 2, 315.44, 89743, 10
