# relative_time, cycles_done, cur_item, corpus_count, pending_total, pending_favs, map_size, saved_crashes, saved_hangs, max_depth, execs_per_sec, total_execs, edges_found
61, 8, 2, 3, 0, 0, 32.26%, 0, 0, 2, 323.04, 19947, 10
66, 9, 2, 3, 0, 0, 32.26%, 0, 0, 2, 322.62, 21606, 10
72, 10, 2, 3, 0, 0, 32.26%, 0, 0, 2, 324.21, 23292, 10
77, 12, 0, 3, 0, 0, 32.26%, 0, 0, 2, 322.70, 24963, 10
82, 12, 0, 3, 0, 0, 32.26%, 0, 0, 2, 322.43, 26624, 10
87, 13, 2, 3, 0, 0, 32.26%, 0, 0, 2, 322.29, 28279, 10
92, 14, 0, 3, 0, 0, 32.26%, 0, 0, 2, 321.69, 29931, 10
97, 14, 2, 3, 0, 0, 32.26%, 0, 0, 2, 322.15, 31583, 10
102, 15, 2, 3, 0, 0, 32.26%, 0, 0, 2, 324.28, 33257, 10
108, 17, 2, 3, 0, 0, 32.26%, 0, 0, 2, 325.13, 34937, 10
112, 18, 2, 3, 0, 0, 32.26%, 1, 0, 2, 313.35, 36366, 10
