# relative_time, cycles_done, cur_item, corpus_count, pending_total, pending_favs, map_size, saved_crashes, saved_hangs, max_depth, execs_per_sec, total_execs, edges_found
61, 10, 0, 2, 0, 0, 32.26%, 0, 0, 2, 324.91, 20074, 10
67, 10, 0, 2, 0, 0, 32.26%, 0, 0, 2, 317.89, 21711, 10
72, 10, 0, 2, 0, 0, 32.26%, 0, 0, 2, 319.28, 23359, 10
77, 11, 1, 2, 0, 0, 32.26%, 0, 0, 2, 322.84, 25023, 10
82, 12, 0, 2, 0, 0, 32.26%, 0, 0, 2, 325.73, 26697, 10
87, 13, 1, 2, 0, 0, 32.26%, 0, 0, 2, 326.48, 28382, 10
92, 14, 0, 2, 0, 0, 32.26%, 0, 0, 2, 323.09, 30062, 10
97, 15, 1, 2, 0, 0, 32.26%, 0, 0, 2, 325.76, 31690, 10
103, 16, 0, 2, 0, 0, 32.26%, 0, 0, 2, 322.45, 33355, 10
108, 17, 1, 2, 0, 0, 32.26%, 0, 0, 2, 327.29, 35037, 10
113, 19, 1, 2, 0, 0, 32.26%, 0, 0, 2, 325.97, 36720, 10
118, 19, 0, 2, 0, 0, 32.26%, 0, 0, 2, 321.55, 38372, 10
123, 20, 1, 2, 0, 0, 32.26%, 0, 0, 2, 325.70, 40060, 10
128, 21, 0, 2, 0, 0, 32.26%, 0, 0, 2, 321.31, 41732, 10
134, 21, 1, 2, 0, 0, 32.26%, 0, 0, 2, 321.83, 43397, 10
139, 23, 0, 2, 0, 0, 32.26%, 0, 0, 2, 326.13, 45077, 10
144, 23, 0, 2, 0, 0, 32.26%, 0, 0, 2, 322.20, 46729, 10
149, 24, 1, 2, 0, 0, 32.26%, 0, 0, 2, 325.46, 48402, 10
154, 25, 1, 2, 0, 0, 32.26%, 0, 0, 2, 323.06, 50063, 10
159, 26, 0, 2, 0, 0, 32.26%, 0, 0, 2, 322.41, 51724, 10
164, 26, 1, 2, 0, 0, 32.26%, 0, 0, 2, 323.90, 53376, 10
170, 27, 1, 2, 0, 0, 32.26%, 0, 0, 2, 321.83, 55037, 10
175, 28, 0, 2, 0, 0, 32.26%, 0, 0, 2, 320.43, 56704, 10
180, 28, 0, 2, 0, 0, 32.26%, 0, 0, 2, 321.83, 58368, 10
185, 29, 0, 2, 0, 0, 32.26%, 0, 0, 2, 321.33, 60032, 10
190, 29, 0, 2, 0, 0, 32.26%, 0, 0, 2, 317.65, 61609, 10
195, 30, 0, 2, 0, 0, 32.26%, 0, 0, 2, 320.27, 63258, 10
200, 30, 0, 2, 0, 0, 32.26%, 0, 0, 2, 321.02, 64913, 10
206, 31, 1, 2, 0, 0, 32.26%, 0, 0, 2, 326.17, 66601, 10
211, 32, 0, 2, 0, 0, 32.26%, 0, 0, 2, 324.24, 68293, 10
216, 34, 1, 2, 0, 0, 32.26%, 0, 0, 2, 327.66, 69972, 10
221, 34, 0, 2, 0, 0, 32.26%, 0, 0, 2, 322.17, 71630, 10
226, 35, 1, 2, 0, 0, 32.26%, 0, 0, 2, 326.32, 73315, 10
231, 36, 0, 2, 0, 0, 32.26%, 0, 0, 2, 323.10, 74986, 10
237, 36, 1, 2, 0, 0, 32.26%, 0, 0, 2, 323.32, 76655, 10
242, 37, 1, 2, 0, 0, 32.26%, 0, 0, 2, 323.40, 78313, 10
247, 38, 1, 2, 0, 0, 32.26%, 0, 0, 2, 326.98, 80011, 10
252, 40, 0, 2, 0, 0, 32.26%, 0, 0, 2, 325.17, 81700, 10
257, 41, 1, 2, 0, 0, 32.26%, 0, 0, 2, 326.47, 83388, 10
262, 42, 1, 2, 0, 0, 32.26%, 0, 0, 2, 328.46, 85098, 10
268, 43, 0, 2, 0, 0, 32.26%, 0, 0, 2, 324.21, 86772, 10
273, 43, 0, 2, 0, 0, 32.26%, 0, 0, 2, 321.60, 88427, 10
278, 44, 1, 2, 0, 0, 32.26%, 0, 0, 2, 321.58, 90090, 10
283, 45, 0, 2, 0, 0, 32.26%, 0, 0, 2, 322.53, 91776, 10
288, 46, 0, 2, 0, 0, 32.26%, 0, 0, 2, 323.78, 93455, 10
293, 47, 1, 2, 0, 0, 32.26%, 0, 0, 2, 327.61, 95143, 10
299, 48, 0, 2, 0, 0, 32.26%, 0, 0, 2, 325.70, 96838, 10
304, 49, 1, 2, 0, 0, 32.26%, 0, 0, 2, 327.07, 98526, 10
309, 50, 0, 2, 0, 0, 32.26%, 0, 0, 2, 321.75, 100190, 10
314, 50, 1, 2, 0, 0, 32.26%, 0, 0, 2, 325.66, 101869, 10
319, 51, 0, 2, 0, 0, 32.26%, 0, 0, 2, 323.55, 103549, 10
325, 53, 1, 2, 0, 0, 32.26%, 0, 0, 2, 327.44, 105240, 10
330, 53, 1, 2, 0, 0, 32.26%, 0, 0, 2, 322.39, 106898, 10
335, 54, 0, 2, 0, 0, 32.26%, 0, 0, 2, 323.94, 108578, 10
340, 55, 1, 2, 0, 0, 32.26%, 0, 0, 2, 320.21, 110226, 10
345, 56, 1, 2, 0, 0, 32.26%, 0, 0, 2, 326.75, 111915, 10
350, 57, 1, 2, 0, 0, 32.26%, 0, 0, 2, 323.00, 113582, 10
355, 58, 0, 2, 0, 0, 32.26%, 0, 0, 2, 322.55, 115244, 10
361, 58, 0, 2, 0, 0, 32.26%, 0, 0, 2, 321.61, 116896, 10
366, 59, 1, 2, 0, 0, 32.26%, 0, 0, 2, 325.82, 118563, 10
371, 60, 0, 2, 0, 0, 32.26%, 0, 0, 2, 321.21, 120221, 10
376, 61, 1, 2, 0, 0, 32.26%, 0, 0, 2, 324.43, 121897, 10
377, 61, 1, 2, 0, 0, 32.26%, 1, 0, 2, 58.82, 122176, 10
