# relative_time, cycles_done, cur_item, corpus_count, pending_total, pending_favs, map_size, saved_crashes, saved_hangs, max_depth, execs_per_sec, total_execs, edges_found
61, 5, 0, 1, 0, 0, 25.00%, 0, 0, 1, 324.85, 19899, 2
66, 6, 0, 1, 0, 0, 25.00%, 0, 0, 1, 324.59, 21565, 2
71, 6, 0, 1, 0, 0, 25.00%, 0, 0, 1, 324.55, 23232, 2
76, 7, 0, 1, 0, 0, 25.00%, 0, 0, 1, 324.66, 24881, 2
81, 7, 0, 1, 0, 0, 25.00%, 0, 0, 1, 322.41, 26523, 2
86, 8, 0, 1, 0, 0, 25.00%, 0, 0, 1, 323.53, 28172, 2
92, 8, 0, 1, 0, 0, 25.00%, 0, 0, 1, 324.31, 29826, 2
97, 9, 0, 1, 0, 0, 25.00%, 0, 0, 1, 322.99, 31475, 2
102, 9, 0, 1, 0, 0, 25.00%, 0, 0, 1, 323.91, 33130, 2
107, 10, 0, 1, 0, 0, 25.00%, 0, 0, 1, 324.49, 34784, 2
112, 10, 0, 1, 0, 0, 25.00%, 0, 0, 1, 326.06, 36451, 2
117, 11, 0, 1, 0, 0, 25.00%, 0, 0, 1, 324.90, 38105, 2
122, 11, 0, 1, 0, 0, 25.00%, 0, 0, 1, 325.82, 39772, 2
127, 12, 0, 1, 0, 0, 25.00%, 0, 0, 1, 322.88, 41420, 2
132, 12, 0, 1, 0, 0, 25.00%, 0, 0, 1, 324.87, 43093, 2
138, 12, 0, 1, 0, 0, 25.00%, 0, 0, 1, 325.03, 44760, 2
143, 13, 0, 1, 0, 0, 25.00%, 0, 0, 1, 324.57, 46420, 2
148, 13, 0, 1, 0, 0, 25.00%, 0, 0, 1, 324.79, 48081, 2
153, 14, 0, 1, 0, 0, 25.00%, 0, 0, 1, 325.37, 49729, 2
158, 14, 0, 1, 0, 0, 25.00%, 0, 0, 1, 325.14, 51402, 2
160, 15, 0, 1, 0, 0, 25.00%, 1, 0, 1, 313.54, 52038, 2
