# relative_time, cycles_done, cur_item, corpus_count, pending_total, pending_favs, map_size, saved_crashes, saved_hangs, max_depth, execs_per_sec, total_execs, edges_found
61, 7, 2, 3, 0, 0, 30.43%, 0, 0, 2, 325.86, 20057, 7
66, 8, 2, 3, 0, 0, 30.43%, 0, 0, 2, 326.43, 21721, 7
71, 9, 0, 3, 0, 0, 30.43%, 0, 0, 2, 325.37, 23375, 7
76, 9, 0, 3, 0, 0, 30.43%, 0, 0, 2, 323.79, 25032, 7
82, 10, 2, 3, 0, 0, 30.43%, 0, 0, 2, 325.36, 26699, 7
87, 10, 2, 3, 0, 0, 30.43%, 0, 0, 2, 322.84, 28349, 7
92, 11, 2, 3, 0, 0, 30.43%, 0, 0, 2, 323.60, 30013, 7
97, 12, 2, 3, 0, 0, 30.43%, 0, 0, 2, 325.01, 31677, 7
102, 13, 2, 3, 0, 0, 30.43%, 0, 0, 2, 323.82, 33335, 7
107, 14, 2, 3, 0, 0, 30.43%, 0, 0, 2, 324.40, 34991, 7
112, 14, 2, 3, 0, 0, 30.43%, 0, 0, 2, 325.36, 36655, 7
117, 15, 0, 3, 0, 0, 30.43%, 0, 0, 2, 325.31, 38309, 7
122, 15, 2, 3, 0, 0, 30.43%, 0, 0, 2, 324.57, 39969, 7
128, 16, 2, 3, 0, 0, 30.43%, 0, 0, 2, 324.86, 41639, 7
133, 17, 2, 3, 0, 0, 30.43%, 0, 0, 2, 325.65, 43309, 7
138, 17, 0, 3, 0, 0, 30.43%, 0, 0, 2, 324.55, 44969, 7
143, 18, 2, 3, 0, 0, 30.43%, 0, 0, 2, 324.26, 46636, 7
148, 19, 2, 3, 0, 0, 30.43%, 0, 0, 2, 325.39, 48304, 7
153, 20, 2, 3, 0, 0, 30.43%, 0, 0, 2, 325.98, 49962, 7
158, 20, 2, 3, 0, 0, 30.43%, 0, 0, 2, 325.25, 51626, 7
163, 21, 2, 3, 0, 0, 30.43%, 0, 0, 2, 324.04, 53284, 7
169, 22, 2, 3, 0, 0, 30.43%, 0, 0, 2, 322.03, 54958, 7
174, 23, 2, 3, 0, 0, 30.43%, 0, 0, 2, 324.36, 56622, 7
179, 23, 0, 3, 0, 0, 30.43%, 0, 0, 2, 324.84, 58282, 7
184, 24, 2, 3, 0, 0, 30.43%, 0, 0, 2, 324.16, 59943, 7
188, 24, 2, 3, 0, 0, 30.43%, 1, 0, 2, 316.41, 61060, 7
