# relative_time, cycles_done, cur_item, corpus_count, pending_total, pending_favs, map_size, saved_crashes, saved_hangs, max_depth, execs_per_sec, total_execs, edges_found
61, 9, 2, 3, 0, 0, 36.00%, 0, 0, 2, 326.96, 20098, 9
66, 11, 0, 3, 0, 0, 36.00%, 0, 0, 2, 328.55, 21811, 9
71, 11, 2, 3, 0, 0, 36.00%, 0, 0, 2, 326.46, 23481, 9
76, 12, 2, 3, 0, 0, 36.00%, 0, 0, 2, 330.06, 25137, 9
81, 13, 0, 3, 0, 0, 36.00%, 0, 0, 2, 320.34, 26757, 9
87, 14, 0, 3, 0, 0, 36.00%, 0, 0, 2, 321.72, 28412, 9
92, 14, 2, 3, 0, 0, 36.00%, 0, 0, 2, 326.63, 30046, 9
97, 15, 0, 3, 0, 0, 36.00%, 0, 0, 2, 323.72, 31710, 9
102, 16, 2, 3, 0, 0, 36.00%, 0, 0, 2, 328.19, 33401, 9
107, 17, 2, 3, 0, 0, 36.00%, 0, 0, 2, 328.99, 35111, 9
112, 18, 2, 3, 0, 0, 36.00%, 0, 0, 2, 331.48, 36782, 9
117, 19, 0, 3, 0, 0, 36.00%, 0, 0, 2, 324.56, 38450, 9
122, 20, 2, 3, 0, 0, 36.00%, 0, 0, 2, 328.74, 40102, 9
127, 21, 2, 3, 0, 0, 36.00%, 0, 0, 2, 330.27, 41767, 9
132, 22, 2, 3, 0, 0, 36.00%, 1, 0, 2, 315.08, 43208, 9
