# relative_time, cycles_done, cur_item, corpus_count, pending_total, pending_favs, map_size, saved_crashes, saved_hangs, max_depth, execs_per_sec, total_execs, edges_found
61, 5, 0, 1, 0, 0, 25.00%, 0, 0, 1, 327.42, 20019, 2
66, 6, 0, 1, 0, 0, 25.00%, 0, 0, 1, 326.70, 21685, 2
71, 6, 0, 1, 0, 0, 25.00%, 0, 0, 1, 325.26, 23358, 2
76, 7, 0, 1, 0, 0, 25.00%, 0, 0, 1, 325.35, 25030, 2
81, 7, 0, 1, 0, 0, 25.00%, 0, 0, 1, 327.35, 26721, 2
87, 8, 0, 1, 0, 0, 25.00%, 0, 0, 1, 326.76, 28388, 2
92, 8, 0, 1, 0, 0, 25.00%, 0, 0, 1, 327.26, 30066, 2
97, 9, 0, 1, 0, 0, 25.00%, 0, 0, 1, 326.23, 31721, 2
102, 9, 0, 1, 0, 0, 25.00%, 0, 0, 1, 324.45, 33387, 2
107, 10, 0, 1, 0, 0, 25.00%, 0, 0, 1, 325.60, 35054, 2
112, 10, 0, 1, 0, 0, 25.00%, 0, 0, 1, 324.82, 36726, 2
117, 11, 0, 1, 0, 0, 25.00%, 0, 0, 1, 324.98, 38387, 2
122, 11, 0, 1, 0, 0, 25.00%, 0, 0, 1, 325.04, 40042, 2
127, 12, 0, 1, 0, 0, 25.00%, 0, 0, 1, 325.70, 41702, 2
133, 12, 0, 1, 0, 0, 25.00%, 0, 0, 1, 325.70, 43381, 2
138, 13, 0, 1, 0, 0, 25.00%, 0, 0, 1, 325.73, 45047, 2
143, 13, 0, 1, 0, 0, 25.00%, 0, 0, 1, 322.74, 46696, 2
148, 13, 0, 1, 0, 0, 25.00%, 0, 0, 1, 325.66, 48381, 2
153, 14, 0, 1, 0, 0, 25.00%, 0, 0, 1, 326.16, 50047, 2
158, 14, 0, 1, 0, 0, 25.00%, 0, 0, 1, 325.99, 51708, 2
163, 15, 0, 1, 0, 0, 25.00%, 0, 0, 1, 325.08, 53368, 2
168, 15, 0, 1, 0, 0, 25.00%, 0, 0, 1, 326.77, 55065, 2
174, 16, 0, 1, 0, 0, 25.00%, 0, 0, 1, 327.83, 56749, 2
179, 16, 0, 1, 0, 0, 25.00%, 0, 0, 1, 326.81, 58422, 2
184, 17, 0, 1, 0, 0, 25.00%, 0, 0, 1, 325.73, 60089, 2
189, 17, 0, 1, 0, 0, 25.00%, 0, 0, 1, 325.22, 61749, 2
194, 18, 0, 1, 0, 0, 25.00%, 0, 0, 1, 325.73, 63410, 2
199, 18, 0, 1, 0, 0, 25.00%, 0, 0, 1, 325.44, 65083, 2
204, 19, 0, 1, 0, 0, 25.00%, 0, 0, 1, 325.89, 66744, 2
209, 19, 0, 1, 0, 0, 25.00%, 0, 0, 1, 326.82, 68422, 2
210, 19, 0, 1, 0, 0, 25.00%, 1, 0, 1, 310.12, 68572, 2
