# relative_time, cycles_done, cur_item, corpus_count, pending_total, pending_favs, map_size, saved_crashes, saved_hangs, max_depth, execs_per_sec, total_execs, edges_found
61, 7, 2, 3, 0, 0, 36.00%, 0, 0, 2, 318.72, 19864, 9
66, 8, 2, 3, 0, 0, 36.00%, 0, 0, 2, 327.05, 21517, 9
71, 9, 0, 3, 0, 0, 36.00%, 0, 0, 2, 325.30, 23212, 9
77, 10, 2, 3, 0, 0, 36.00%, 0, 0, 2, 324.85, 24891, 9
82, 10, 2, 3, 0, 0, 36.00%, 0, 0, 2, 323.00, 26555, 9
87, 11, 0, 3, 0, 0, 36.00%, 0, 0, 2, 319.71, 28207, 9
92, 11, 0, 3, 0, 0, 36.00%, 0, 0, 2, 321.71, 29862, 9
97, 11, 0, 3, 0, 0, 36.00%, 0, 0, 2, 320.65, 31511, 9
102, 12, 2, 3, 0, 0, 36.00%, 0, 0, 2, 325.56, 33202, 9
108, 14, 2, 3, 0, 0, 36.00%, 0, 0, 2, 327.36, 34882, 9
113, 14, 0, 3, 0, 0, 36.00%, 0, 0, 2, 323.71, 36562, 9
118, 15, 2, 3, 0, 0, 36.00%, 0, 0, 2, 323.85, 38244, 9
123, 16, 0, 3, 0, 0, 36.00%, 0, 0, 2, 322.12, 39912, 9
128, 17, 2, 3, 0, 0, 36.00%, 0, 0, 2, 326.01, 41546, 9
133, 19, 2, 3, 0, 0, 36.00%, 0, 0, 2, 326.56, 43223, 9
138, 20, 2, 3, 0, 0, 36.00%, 0, 0, 2, 327.36, 44909, 9
144, 20, 2, 3, 0, 0, 36.00%, 0, 0, 2, 323.66, 46576, 9
149, 22, 0, 3, 0, 0, 36.00%, 0, 0, 2, 326.37, 48283, 9
154, 22, 2, 3, 0, 0, 36.00%, 0, 0, 2, 323.28, 49944, 9
159, 23, 2, 3, 0, 0, 36.00%, 0, 0, 2, 327.80, 51654, 9
164, 24, 0, 3, 0, 0, 36.00%, 0, 0, 2, 322.50, 53319, 9
169, 25, 2, 3, 0, 0, 36.00%, 0, 0, 2, 326.14, 55001, 9
175, 26, 2, 3, 0, 0, 36.00%, 0, 0, 2, 323.17, 56662, 9
180, 27, 2, 3, 0, 0, 36.00%, 0, 0, 2, 325.71, 58342, 9
185, 28, 0, 3, 0, 0, 36.00%, 0, 0, 2, 322.19, 60013, 9
190, 29, 2, 3, 0, 0, 36.00%, 0, 0, 2, 325.05, 61644, 9
195, 29, 2, 3, 0, 0, 36.00%, 0, 0, 2, 323.70, 63317, 9
200, 31, 1, 3, 0, 0, 36.00%, 0, 0, 2, 324.03, 64984, 9
205, 32, 2, 3, 0, 0, 36.00%, 0, 0, 2, 326.59, 66668, 9
210, 33, 2, 3, 0, 0, 36.00%, 0, 0, 2, 328.78, 68318, 9
215, 34, 0, 3, 0, 0, 36.00%, 0, 0, 2, 321.93, 69929, 9
221, 34, 0, 3, 0, 0, 36.00%, 0, 0, 2, 321.19, 71599, 9
226, 36, 0, 3, 0, 0, 36.00%, 0, 0, 2, 321.64, 73263, 9
231, 36, 0, 3, 0, 0, 36.00%, 0, 0, 2, 325.05, 74951, 9
236, 37, 2, 3, 0, 0, 36.00%, 0, 0, 2, 323.89, 76615, 9
241, 38, 2, 3, 0, 0, 36.00%, 0, 0, 2, 318.34, 78270, 9
247, 38, 0, 3, 0, 0, 36.00%, 0, 0, 2, 321.32, 79947, 9
252, 39, 2, 3, 0, 0, 36.00%, 0, 0, 2, 326.53, 81632, 9
257, 41, 2, 3, 0, 0, 36.00%, 0, 0, 2, 328.65, 83336, 9
262, 42, 2, 3, 0, 0, 36.00%, 0, 0, 2, 326.95, 85013, 9
267, 43, 0, 3, 0, 0, 36.00%, 0, 0, 2, 322.97, 86684, 9
272, 44, 0, 3, 0, 0, 36.00%, 0, 0, 2, 324.31, 88366, 9
278, 44, 0, 3, 0, 0, 36.00%, 0, 0, 2, 320.28, 90009, 9
283, 45, 2, 3, 0, 0, 36.00%, 0, 0, 2, 324.34, 91688, 9
288, 46, 0, 3, 0, 0, 36.00%, 0, 0, 2, 320.27, 93332, 9
293, 47, 0, 3, 0, 0, 36.00%, 0, 0, 2, 323.15, 95023, 9
298, 48, 2, 3, 0, 0, 36.00%, 0, 0, 2, 325.36, 96705, 9
303, 49, 0, 3, 0, 0, 36.00%, 0, 0, 2, 324.77, 98376, 9
309, 49, 0, 3, 0, 0, 36.00%, 0, 0, 2, 319.26, 100025, 9
314, 49, 0, 3, 0, 0, 36.00%, 0, 0, 2, 320.55, 101683, 9
319, 50, 2, 3, 0, 0, 36.00%, 0, 0, 2, 325.16, 103314, 9
324, 51, 0, 3, 0, 0, 36.00%, 0, 0, 2, 321.33, 104982, 9
329, 51, 0, 3, 0, 0, 36.00%, 0, 0, 2, 319.27, 106631, 9
334, 53, 2, 3, 0, 0, 36.00%, 0, 0, 2, 327.32, 108277, 9
339, 54, 0, 3, 0, 0, 36.00%, 0, 0, 2, 322.98, 109945, 9
344, 55, 0, 3, 0, 0, 36.00%, 0, 0, 2, 325.51, 111633, 9
350, 55, 0, 3, 0, 0, 36.00%, 0, 0, 2, 320.55, 113282, 9
355, 55, 0, 3, 0, 0, 36.00%, 0, 0, 2, 321.16, 114937, 9
360, 56, 0, 3, 0, 0, 36.00%, 0, 0, 2, 321.28, 116595, 9
365, 56, 0, 3, 0, 0, 36.00%, 0, 0, 2, 318.58, 118244, 9
370, 57, 2, 3, 0, 0, 36.00%, 0, 0, 2, 320.63, 119904, 9
375, 57, 0, 3, 0, 0, 36.00%, 0, 0, 2, 321.83, 121572, 9
381, 58, 2, 3, 0, 0, 36.00%, 0, 0, 2, 325.53, 123263, 9
386, 60, 2, 3, 0, 0, 36.00%, 0, 0, 2, 326.60, 124958, 9
391, 60, 0, 3, 0, 0, 36.00%, 0, 0, 2, 321.59, 126629, 9
396, 61, 0, 3, 0, 0, 36.00%, 0, 0, 2, 321.74, 128296, 9
401, 61, 0, 3, 0, 0, 36.00%, 0, 0, 2, 320.85, 129957, 9
407, 62, 0, 3, 0, 0, 36.00%, 0, 0, 2, 319.69, 131609, 9
412, 63, 0, 3, 0, 0, 36.00%, 0, 0, 2, 321.17, 133276, 9
417, 63, 0, 3, 0, 0, 36.00%, 0, 0, 2, 321.70, 134943, 9
422, 64, 0, 3, 0, 0, 36.00%, 0, 0, 2, 320.60, 136592, 9
427, 64, 0, 3, 0, 0, 36.00%, 0, 0, 2, 320.06, 138244, 9
432, 65, 0, 3, 0, 0, 36.00%, 0, 0, 2, 320.04, 139896, 9
438, 66, 0, 3, 0, 0, 36.00%, 0, 0, 2, 323.37, 141575, 9
443, 66, 0, 3, 0, 0, 36.00%, 0, 0, 2, 319.86, 143224, 9
448, 66, 0, 3, 0, 0, 36.00%, 0, 0, 2, 319.59, 144873, 9
453, 68, 2, 3, 0, 0, 36.00%, 0, 0, 2, 326.00, 146555, 9
458, 68, 0, 3, 0, 0, 36.00%, 0, 0, 2, 321.94, 148220, 9
463, 69, 0, 3, 0, 0, 36.00%, 0, 0, 2, 320.36, 149881, 9
469, 70, 2, 3, 0, 0, 36.00%, 0, 0, 2, 325.53, 151566, 9
474, 71, 2, 3, 0, 0, 36.00%, 0, 0, 2, 327.17, 153267, 9
479, 72, 0, 3, 0, 0, 36.00%, 0, 0, 2, 321.25, 154922, 9
484, 72, 0, 3, 0, 0, 36.00%, 0, 0, 2, 321.30, 156574, 9
489, 73, 0, 3, 0, 0, 36.00%, 0, 0, 2, 319.60, 158223, 9
494, 74, 2, 3, 0, 0, 36.00%, 0, 0, 2, 325.90, 159902, 9
499, 74, 0, 3, 0, 0, 36.00%, 0, 0, 2, 320.85, 161558, 9
505, 75, 0, 3, 0, 0, 36.00%, 0, 0, 2, 322.87, 163234, 9
510, 76, 2, 3, 0, 0, 36.00%, 0, 0, 2, 324.75, 164868, 9
515, 76, 2, 3, 0, 0, 36.00%, 0, 0, 2, 321.23, 166529, 9
520, 78, 0, 3, 0, 0, 36.00%, 0, 0, 2, 324.85, 168164, 9
525, 78, 2, 3, 0, 0, 36.00%, 0, 0, 2, 324.27, 169777, 9
530, 79, 0, 3, 0, 0, 36.00%, 0, 0, 2, 319.79, 171435, 9
535, 79, 2, 3, 0, 0, 36.00%, 0, 0, 2, 324.16, 173096, 9
540, 81, 2, 3, 0, 0, 36.00%, 0, 0, 2, 325.68, 174785, 9
546, 82, 2, 3, 0, 0, 36.00%, 0, 0, 2, 326.78, 176462, 9
551, 83, 2, 3, 0, 0, 36.00%, 0, 0, 2, 326.72, 178145, 9
556, 84, 0, 3, 0, 0, 36.00%, 0, 0, 2, 320.54, 179813, 9
561, 85, 2, 3, 0, 0, 36.00%, 0, 0, 2, 326.95, 181489, 9
566, 87, 2, 3, 0, 0, 36.00%, 0, 0, 2, 327.56, 183187, 9
571, 87, 0, 3, 0, 0, 36.00%, 0, 0, 2, 323.43, 184861, 9
577, 88, 0, 3, 0, 0, 36.00%, 0, 0, 2, 324.33, 186540, 9
582, 88, 0, 3, 0, 0, 36.00%, 0, 0, 2, 319.81, 188189, 9
587, 89, 0, 3, 0, 0, 36.00%, 0, 0, 2, 311.90, 189741, 9
592, 89, 0, 3, 0, 0, 36.00%, 0, 0, 2, 319.16, 191393, 9
597, 90, 2, 3, 0, 0, 36.00%, 0, 0, 2, 324.82, 193066, 9
602, 90, 2, 3, 0, 0, 36.00%, 0, 0, 2, 320.26, 194721, 9
607, 91, 0, 3, 0, 0, 36.00%, 0, 0, 2, 310.24, 196338, 9
612, 92, 2, 3, 0, 0, 36.00%, 0, 0, 2, 321.28, 197999, 9
618, 93, 2, 3, 0, 0, 36.00%, 0, 0, 2, 319.23, 199666, 9
623, 94, 2, 3, 0, 0, 36.00%, 0, 0, 2, 325.07, 201355, 9
628, 94, 0, 3, 0, 0, 36.00%, 0, 0, 2, 319.89, 203007, 9
633, 95, 2, 3, 0, 0, 36.00%, 0, 0, 2, 323.40, 204674, 9
638, 96, 2, 3, 0, 0, 36.00%, 0, 0, 2, 321.40, 206323, 9
643, 97, 2, 3, 0, 0, 36.00%, 0, 0, 2, 325.26, 207997, 9
649, 97, 2, 3, 0, 0, 36.00%, 0, 0, 2, 321.80, 209655, 9
654, 98, 2, 3, 0, 0, 36.00%, 0, 0, 2, 326.79, 211353, 9
659, 100, 0, 3, 0, 0, 36.00%, 0, 0, 2, 324.56, 213021, 9
664, 100, 0, 3, 0, 0, 36.00%, 0, 0, 2, 322.53, 214676, 9
669, 101, 2, 3, 0, 0, 36.00%, 0, 0, 2, 323.22, 216334, 9
674, 102, 2, 3, 0, 0, 36.00%, 0, 0, 2, 325.96, 218002, 9
677, 102, 0, 3, 0, 0, 36.00%, 1, 0, 2, 7.63, 218939, 9
