# relative_time, cycles_done, cur_item, corpus_count, pending_total, pending_favs, map_size, saved_crashes, saved_hangs, max_depth, execs_per_sec, total_execs, edges_found
61, 7, 2, 3, 0, 0, 30.43%, 0, 0, 2, 329.65, 20387, 7
66, 8, 2, 3, 0, 0, 30.43%, 0, 0, 2, 334.01, 22075, 7
71, 9, 2, 3, 0, 0, 30.43%, 0, 0, 2, 329.61, 23774, 7
76, 9, 2, 3, 0, 0, 30.43%, 0, 0, 2, 333.91, 25462, 7
81, 10, 2, 3, 0, 0, 30.43%, 0, 0, 2, 334.29, 27150, 7
86, 11, 0, 3, 0, 0, 30.43%, 0, 0, 2, 331.06, 28818, 7
91, 11, 0, 3, 0, 0, 30.43%, 0, 0, 2, 331.24, 30471, 7
96, 12, 2, 3, 0, 0, 30.43%, 0, 0, 2, 330.58, 32176, 7
101, 13, 2, 3, 0, 0, 30.43%, 0, 0, 2, 335.02, 33876, 7
106, 13, 2, 3, 0, 0, 30.43%, 0, 0, 2, 334.41, 35562, 7
111, 14, 2, 3, 0, 0, 30.43%, 0, 0, 2, 334.72, 37262, 7
116, 15, 2, 3, 0, 0, 30.43%, 0, 0, 2, 333.73, 38938, 7
122, 15, 2, 3, 0, 0, 30.43%, 0, 0, 2, 329.61, 40643, 7
127, 16, 2, 3, 0, 0, 30.43%, 0, 0, 2, 329.35, 42348, 7
132, 17, 2, 3, 0, 0, 30.43%, 0, 0, 2, 334.32, 44042, 7
137, 18, 0, 3, 0, 0, 30.43%, 0, 0, 2, 333.69, 45742, 7
142, 18, 2, 3, 0, 0, 30.43%, 0, 0, 2, 331.81, 47435, 7
147, 19, 0, 3, 0, 0, 30.43%, 0, 0, 2, 330.55, 49099, 7
152, 19, 2, 3, 0, 0, 30.43%, 0, 0, 2, 331.31, 50810, 7
157, 20, 2, 3, 0, 0, 30.43%, 0, 0, 2, 335.26, 52510, 7
162, 21, 2, 3, 0, 0, 30.43%, 0, 0, 2, 335.01, 54198, 7
167, 22, 2, 3, 0, 0, 30.43%, 0, 0, 2, 334.45, 55872, 7
172, 23, 2, 3, 0, 0, 30.43%, 0, 0, 2, 334.07, 57548, 7
177, 24, 2, 3, 0, 0, 30.43%, 0, 0, 2, 332.14, 59216, 7
182, 24, 2, 3, 0, 0, 30.43%, 0, 0, 2, 334.54, 60898, 7
188, 25, 2, 3, 0, 0, 30.43%, 0, 0, 2, 334.45, 62592, 7
189, 26, 1, 3, 0, 0, 30.43%, 1, 0, 2, 322.17, 62980, 7
