# relative_time, cycles_done, cur_item, corpus_count, pending_total, pending_favs, map_size, saved_crashes, saved_hangs, max_depth, execs_per_sec, total_execs, edges_found
61, 5, 0, 1, 0, 0, 25.00%, 0, 0, 1, 324.37, 19899, 2
66, 6, 0, 1, 0, 0, 25.00%, 0, 0, 1, 323.58, 21559, 2
71, 6, 0, 1, 0, 0, 25.00%, 0, 0, 1, 323.47, 23220, 2
76, 7, 0, 1, 0, 0, 25.00%, 0, 0, 1, 323.61, 24869, 2
81, 7, 0, 1, 0, 0, 25.00%, 0, 0, 1, 323.88, 26517, 2
86, 8, 0, 1, 0, 0, 25.00%, 0, 0, 1, 323.69, 28166, 2
91, 8, 0, 1, 0, 0, 25.00%, 0, 0, 1, 324.30, 29820, 2
97, 9, 0, 1, 0, 0, 25.00%, 0, 0, 1, 324.03, 31475, 2
102, 9, 0, 1, 0, 0, 25.00%, 0, 0, 1, 323.32, 33142, 2
107, 10, 0, 1, 0, 0, 25.00%, 0, 0, 1, 312.83, 34772, 2
112, 10, 0, 1, 0, 0, 25.00%, 0, 0, 1, 320.86, 36415, 2
117, 11, 0, 1, 0, 0, 25.00%, 0, 0, 1, 319.75, 38063, 2
122, 11, 0, 1, 0, 0, 25.00%, 0, 0, 1, 322.32, 39724, 2
127, 11, 0, 1, 0, 0, 25.00%, 0, 0, 1, 323.56, 41373, 2
133, 12, 0, 1, 0, 0, 25.00%, 0, 0, 1, 323.36, 43027, 2
138, 12, 0, 1, 0, 0, 25.00%, 0, 0, 1, 323.65, 44676, 2
143, 13, 0, 1, 0, 0, 25.00%, 0, 0, 1, 323.19, 46336, 2
148, 13, 0, 1, 0, 0, 25.00%, 0, 0, 1, 324.49, 47991, 2
153, 14, 0, 1, 0, 0, 25.00%, 0, 0, 1, 323.72, 49639, 2
158, 14, 0, 1, 0, 0, 25.00%, 0, 0, 1, 324.02, 51300, 2
163, 15, 0, 1, 0, 0, 25.00%, 0, 0, 1, 323.87, 52949, 2
168, 15, 0, 1, 0, 0, 25.00%, 0, 0, 1, 323.94, 54609, 2
173, 16, 0, 1, 0, 0, 25.00%, 0, 0, 1, 325.53, 56264, 2
179, 16, 0, 1, 0, 0, 25.00%, 0, 0, 1, 325.25, 57924, 2
184, 17, 0, 1, 0, 0, 25.00%, 0, 0, 1, 324.40, 59567, 2
189, 17, 0, 1, 0, 0, 25.00%, 0, 0, 1, 323.97, 61222, 2
194, 18, 0, 1, 0, 0, 25.00%, 0, 0, 1, 323.26, 62870, 2
199, 18, 0, 1, 0, 0, 25.00%, 0, 0, 1, 324.25, 64537, 2
204, 19, 0, 1, 0, 0, 25.00%, 0, 0, 1, 324.94, 66185, 2
209, 19, 0, 1, 0, 0, 25.00%, 0, 0, 1, 323.77, 67840, 2
214, 19, 0, 1, 0, 0, 25.00%, 0, 0, 1, 323.32, 69489, 2
219, 20, 0, 1, 0, 0, 25.00%, 0, 0, 1, 324.50, 71149, 2
224, 20, 0, 1, 0, 0, 25.00%, 0, 0, 1, 323.93, 72816, 2
230, 21, 0, 1, 0, 0, 25.00%, 0, 0, 1, 323.82, 74470, 2
235, 21, 0, 1, 0, 0, 25.00%, 0, 0, 1, 324.04, 76131, 2
240, 22, 0, 1, 0, 0, 25.00%, 0, 0, 1, 323.56, 77786, 2
245, 22, 0, 1, 0, 0, 25.00%, 0, 0, 1, 322.76, 79434, 2
250, 23, 0, 1, 0, 0, 25.00%, 0, 0, 1, 322.61, 81095, 2
255, 23, 0, 1, 0, 0, 25.00%, 0, 0, 1, 322.72, 82761, 2
260, 24, 0, 1, 0, 0, 25.00%, 0, 0, 1, 323.17, 84416, 2
266, 24, 0, 1, 0, 0, 25.00%, 0, 0, 1, 323.27, 86076, 2
271, 25, 0, 1, 0, 0, 25.00%, 0, 0, 1, 325.07, 87737, 2
276, 25, 0, 1, 0, 0, 25.00%, 0, 0, 1, 324.59, 89392, 2
281, 26, 0, 1, 0, 0, 25.00%, 0, 0, 1, 324.40, 91046, 2
286, 26, 0, 1, 0, 0, 25.00%, 0, 0, 1, 323.52, 92707, 2
291, 27, 0, 1, 0, 0, 25.00%, 0, 0, 1, 324.27, 94361, 2
296, 27, 0, 1, 0, 0, 25.00%, 0, 0, 1, 323.85, 96010, 2
301, 27, 0, 1, 0, 0, 25.00%, 0, 0, 1, 323.86, 97665, 2
306, 28, 0, 1, 0, 0, 25.00%, 0, 0, 1, 322.94, 99313, 2
311, 28, 0, 1, 0, 0, 25.00%, 0, 0, 1, 324.13, 100962, 2
317, 29, 0, 1, 0, 0, 25.00%, 0, 0, 1, 324.87, 102622, 2
322, 29, 0, 1, 0, 0, 25.00%, 0, 0, 1, 323.24, 104277, 2
327, 30, 0, 1, 0, 0, 25.00%, 0, 0, 1, 323.41, 105926, 2
332, 30, 0, 1, 0, 0, 25.00%, 0, 0, 1, 324.84, 107586, 2
337, 31, 0, 1, 0, 0, 25.00%, 0, 0, 1, 324.21, 109241, 2
342, 31, 0, 1, 0, 0, 25.00%, 0, 0, 1, 323.69, 110895, 2
347, 32, 0, 1, 0, 0, 25.00%, 0, 0, 1, 323.36, 112544, 2
352, 32, 0, 1, 0, 0, 25.00%, 0, 0, 1, 323.67, 114199, 2
357, 33, 0, 1, 0, 0, 25.00%, 0, 0, 1, 324.45, 115847, 2
363, 33, 0, 1, 0, 0, 25.00%, 0, 0, 1, 322.21, 117496, 2
368, 34, 0, 1, 0, 0, 25.00%, 0, 0, 1, 324.09, 119156, 2
373, 34, 0, 1, 0, 0, 25.00%, 0, 0, 1, 323.18, 120805, 2
378, 35, 0, 1, 0, 0, 25.00%, 0, 0, 1, 325.30, 122465, 2
383, 35, 0, 1, 0, 0, 25.00%, 0, 0, 1, 324.42, 124120, 2
388, 35, 0, 1, 0, 0, 25.00%, 0, 0, 1, 323.18, 125775, 2
389, 36, 0, 1, 0, 0, 25.00%, 1, 0, 1, 28.37, 126174, 2
