# relative_time, cycles_done, cur_item, corpus_count, pending_total, pending_favs, map_size, saved_crashes, saved_hangs, max_depth, execs_per_sec, total_execs, edges_found
61, 5, 0, 1, 0, 0, 25.00%, 0, 0, 1, 323.14, 19821, 2
66, 6, 0, 1, 0, 0, 25.00%, 0, 0, 1, 315.68, 21439, 2
71, 6, 0, 1, 0, 0, 25.00%, 0, 0, 1, 321.85, 23088, 2
76, 7, 0, 1, 0, 0, 25.00%, 0, 0, 1, 324.01, 24737, 2
81, 7, 0, 1, 0, 0, 25.00%, 0, 0, 1, 323.54, 26385, 2
86, 8, 0, 1, 0, 0, 25.00%, 0, 0, 1, 322.64, 28046, 2
92, 8, 0, 1, 0, 0, 25.00%, 0, 0, 1, 323.32, 29700, 2
97, 9, 0, 1, 0, 0, 25.00%, 0, 0, 1, 323.01, 31349, 2
102, 9, 0, 1, 0, 0, 25.00%, 0, 0, 1, 323.27, 33004, 2
107, 10, 0, 1, 0, 0, 25.00%, 0, 0, 1, 323.08, 34652, 2
112, 10, 0, 1, 0, 0, 25.00%, 0, 0, 1, 321.71, 36301, 2
117, 11, 0, 1, 0, 0, 25.00%, 0, 0, 1, 323.59, 37961, 2
122, 11, 0, 1, 0, 0, 25.00%, 0, 0, 1, 323.45, 39616, 2
127, 11, 0, 1, 0, 0, 25.00%, 0, 0, 1, 321.23, 41259, 2
133, 12, 0, 1, 0, 0, 25.00%, 0, 0, 1, 323.04, 42925, 2
138, 12, 0, 1, 0, 0, 25.00%, 0, 0, 1, 322.44, 44574, 2
143, 13, 0, 1, 0, 0, 25.00%, 0, 0, 1, 322.74, 46222, 2
148, 13, 0, 1, 0, 0, 25.00%, 0, 0, 1, 322.24, 47877, 2
153, 14, 0, 1, 0, 0, 25.00%, 0, 0, 1, 323.04, 49526, 2
158, 14, 0, 1, 0, 0, 25.00%, 0, 0, 1, 324.18, 51180, 2
163, 15, 0, 1, 0, 0, 25.00%, 0, 0, 1, 323.23, 52829, 2
168, 15, 0, 1, 0, 0, 25.00%, 0, 0, 1, 322.94, 54483, 2
173, 16, 0, 1, 0, 0, 25.00%, 0, 0, 1, 323.27, 56132, 2
179, 16, 0, 1, 0, 0, 25.00%, 0, 0, 1, 323.23, 57787, 2
184, 17, 0, 1, 0, 0, 25.00%, 0, 0, 1, 323.51, 59435, 2
189, 17, 0, 1, 0, 0, 25.00%, 0, 0, 1, 322.97, 61090, 2
194, 18, 0, 1, 0, 0, 25.00%, 0, 0, 1, 323.41, 62750, 2
199, 18, 0, 1, 0, 0, 25.00%, 0, 0, 1, 323.85, 64399, 2
204, 18, 0, 1, 0, 0, 25.00%, 0, 0, 1, 322.38, 66042, 2
209, 19, 0, 1, 0, 0, 25.00%, 0, 0, 1, 323.00, 67690, 2
214, 19, 0, 1, 0, 0, 25.00%, 0, 0, 1, 323.28, 69345, 2
219, 20, 0, 1, 0, 0, 25.00%, 0, 0, 1, 322.12, 70999, 2
225, 20, 0, 1, 0, 0, 25.00%, 0, 0, 1, 322.30, 72648, 2
230, 21, 0, 1, 0, 0, 25.00%, 0, 0, 1, 323.40, 74308, 2
235, 21, 0, 1, 0, 0, 25.00%, 0, 0, 1, 323.11, 75957, 2
240, 22, 0, 1, 0, 0, 25.00%, 0, 0, 1, 323.63, 77612, 2
245, 22, 0, 1, 0, 0, 25.00%, 0, 0, 1, 323.49, 79260, 2
250, 23, 0, 1, 0, 0, 25.00%, 0, 0, 1, 323.31, 80909, 2
255, 23, 0, 1, 0, 0, 25.00%, 0, 0, 1, 322.60, 82563, 2
260, 24, 0, 1, 0, 0, 25.00%, 0, 0, 1, 319.73, 84212, 2
266, 24, 0, 1, 0, 0, 25.00%, 0, 0, 1, 322.89, 85867, 2
271, 25, 0, 1, 0, 0, 25.00%, 0, 0, 1, 323.54, 87515, 2
276, 25, 0, 1, 0, 0, 25.00%, 0, 0, 1, 324.54, 89164, 2
281, 26, 0, 1, 0, 0, 25.00%, 0, 0, 1, 323.81, 90818, 2
286, 26, 0, 1, 0, 0, 25.00%, 0, 0, 1, 323.40, 92467, 2
291, 26, 0, 1, 0, 0, 25.00%, 0, 0, 1, 323.05, 94122, 2
296, 27, 0, 1, 0, 0, 25.00%, 0, 0, 1, 323.65, 95770, 2
301, 27, 0, 1, 0, 0, 25.00%, 0, 0, 1, 322.15, 97419, 2
306, 28, 0, 1, 0, 0, 25.00%, 0, 0, 1, 323.49, 99073, 2
312, 28, 0, 1, 0, 0, 25.00%, 0, 0, 1, 321.30, 100710, 2
317, 29, 0, 1, 0, 0, 25.00%, 0, 0, 1, 322.96, 102359, 2
322, 29, 0, 1, 0, 0, 25.00%, 0, 0, 1, 323.71, 104013, 2
327, 30, 0, 1, 0, 0, 25.00%, 0, 0, 1, 322.95, 105674, 2
332, 30, 0, 1, 0, 0, 25.00%, 0, 0, 1, 323.29, 107328, 2
337, 31, 0, 1, 0, 0, 25.00%, 0, 0, 1, 322.69, 108977, 2
342, 31, 0, 1, 0, 0, 25.00%, 0, 0, 1, 323.89, 110632, 2
347, 32, 0, 1, 0, 0, 25.00%, 0, 0, 1, 323.22, 112280, 2
352, 32, 0, 1, 0, 0, 25.00%, 0, 0, 1, 322.77, 113929, 2
358, 33, 0, 1, 0, 0, 25.00%, 0, 0, 1, 322.80, 115583, 2
363, 33, 0, 1, 0, 0, 25.00%, 0, 0, 1, 323.61, 117232, 2
368, 33, 0, 1, 0, 0, 25.00%, 0, 0, 1, 320.61, 118887, 2
373, 34, 0, 1, 0, 0, 25.00%, 0, 0, 1, 322.19, 120541, 2
378, 34, 0, 1, 0, 0, 25.00%, 0, 0, 1, 324.06, 122190, 2
383, 35, 0, 1, 0, 0, 25.00%, 0, 0, 1, 321.79, 123832, 2
388, 35, 0, 1, 0, 0, 25.00%, 0, 0, 1, 322.24, 125481, 2
393, 36, 0, 1, 0, 0, 25.00%, 0, 0, 1, 323.06, 127136, 2
398, 36, 0, 1, 0, 0, 25.00%, 0, 0, 1, 322.30, 128784, 2
404, 37, 0, 1, 0, 0, 25.00%, 0, 0, 1, 321.85, 130433, 2
409, 37, 0, 1, 0, 0, 25.00%, 0, 0, 1, 323.28, 132087, 2
414, 38, 0, 1, 0, 0, 25.00%, 0, 0, 1, 323.05, 133736, 2
419, 38, 0, 1, 0, 0, 25.00%, 0, 0, 1, 323.04, 135385, 2
424, 39, 0, 1, 0, 0, 25.00%, 0, 0, 1, 322.60, 137039, 2
429, 39, 0, 1, 0, 0, 25.00%, 0, 0, 1, 322.97, 138700, 2
434, 40, 0, 1, 0, 0, 25.00%, 0, 0, 1, 324.23, 140360, 2
439, 40, 0, 1, 0, 0, 25.00%, 0, 0, 1, 322.14, 142003, 2
445, 41, 0, 1, 0, 0, 25.00%, 0, 0, 1, 323.22, 143657, 2
450, 41, 0, 1, 0, 0, 25.00%, 0, 0, 1, 322.99, 145306, 2
455, 41, 0, 1, 0, 0, 25.00%, 0, 0, 1, 323.10, 146955, 2
460, 42, 0, 1, 0, 0, 25.00%, 0, 0, 1, 323.11, 148603, 2
465, 42, 0, 1, 0, 0, 25.00%, 0, 0, 1, 323.90, 150252, 2
470, 43, 0, 1, 0, 0, 25.00%, 0, 0, 1, 323.19, 151900, 2
475, 43, 0, 1, 0, 0, 25.00%, 0, 0, 1, 322.09, 153549, 2
480, 44, 0, 1, 0, 0, 25.00%, 0, 0, 1, 323.63, 155204, 2
485, 44, 0, 1, 0, 0, 25.00%, 0, 0, 1, 322.48, 156852, 2
491, 45, 0, 1, 0, 0, 25.00%, 0, 0, 1, 322.54, 158507, 2
496, 45, 0, 1, 0, 0, 25.00%, 0, 0, 1, 323.18, 160155, 2
497, 45, 0, 1, 0, 0, 25.00%, 1, 0, 1, 41.38, 160491, 2
