# relative_time, cycles_done, cur_item, corpus_count, pending_total, pending_favs, map_size, saved_crashes, saved_hangs, max_depth, execs_per_sec, total_execs, edges_found
61, 10, 2, 3, 0, 0, 36.00%, 0, 0, 2, 325.13, 20265, 9
66, 10, 2, 3, 0, 0, 36.00%, 0, 0, 2, 324.26, 21935, 9
72, 11, 2, 3, 0, 0, 36.00%, 0, 0, 2, 324.65, 23620, 9
77, 12, 0, 3, 0, 0, 36.00%, 0, 0, 2, 325.20, 25306, 9
82, 12, 0, 3, 0, 0, 36.00%, 0, 0, 2, 326.25, 26946, 9
87, 13, 2, 3, 0, 0, 36.00%, 0, 0, 2, 328.49, 28649, 9
92, 14, 2, 3, 0, 0, 36.00%, 0, 0, 2, 325.36, 30310, 9
97, 14, 2, 3, 0, 0, 36.00%, 0, 0, 2, 323.36, 31989, 9
102, 15, 2, 3, 0, 0, 36.00%, 0, 0, 2, 330.07, 33660, 9
107, 16, 2, 3, 0, 0, 36.00%, 0, 0, 2, 331.03, 35316, 9
113, 17, 0, 3, 0, 0, 36.00%, 0, 0, 2, 324.17, 36999, 9
118, 18, 0, 3, 0, 0, 36.00%, 0, 0, 2, 322.70, 38663, 9
123, 18, 0, 3, 0, 0, 36.00%, 0, 0, 2, 322.82, 40330, 9
128, 19, 2, 3, 0, 0, 36.00%, 0, 0, 2, 328.85, 41985, 9
133, 21, 2, 3, 0, 0, 36.00%, 0, 0, 2, 328.85, 43632, 9
138, 21, 2, 3, 0, 0, 36.00%, 0, 0, 2, 324.80, 45305, 9
143, 22, 2, 3, 0, 0, 36.00%, 0, 0, 2, 324.86, 46983, 9
148, 23, 2, 3, 0, 0, 36.00%, 0, 0, 2, 329.51, 48661, 9
153, 24, 2, 3, 0, 0, 36.00%, 0, 0, 2, 329.17, 50317, 9
158, 25, 2, 3, 0, 0, 36.00%, 0, 0, 2, 326.01, 52005, 9
164, 26, 0, 3, 0, 0, 36.00%, 0, 0, 2, 325.86, 53697, 9
169, 27, 2, 3, 0, 0, 36.00%, 0, 0, 2, 328.39, 55397, 9
174, 28, 2, 3, 0, 0, 36.00%, 0, 0, 2, 328.63, 57044, 9
179, 29, 0, 3, 0, 0, 36.00%, 0, 0, 2, 325.90, 58736, 9
184, 30, 2, 3, 0, 0, 36.00%, 0, 0, 2, 328.85, 60388, 9
189, 31, 0, 3, 0, 0, 36.00%, 0, 0, 2, 324.08, 62049, 9
194, 31, 2, 3, 0, 0, 36.00%, 0, 0, 2, 326.52, 63728, 9
199, 32, 0, 3, 0, 0, 36.00%, 0, 0, 2, 324.27, 65411, 9
204, 33, 2, 3, 0, 0, 36.00%, 0, 0, 2, 328.94, 67060, 9
210, 34, 0, 3, 0, 0, 36.00%, 0, 0, 2, 325.55, 68734, 9
215, 35, 2, 3, 0, 0, 36.00%, 0, 0, 2, 328.85, 70440, 9
220, 35, 0, 3, 0, 0, 36.00%, 0, 0, 2, 324.86, 72117, 9
225, 36, 0, 3, 0, 0, 36.00%, 0, 0, 2, 329.39, 73781, 9
230, 37, 0, 3, 0, 0, 36.00%, 0, 0, 2, 323.12, 75445, 9
235, 37, 2, 3, 0, 0, 36.00%, 0, 0, 2, 326.95, 77136, 9
241, 39, 0, 3, 0, 0, 36.00%, 0, 0, 2, 325.84, 78831, 9
246, 39, 2, 3, 0, 0, 36.00%, 0, 0, 2, 328.31, 80474, 9
251, 40, 2, 3, 0, 0, 36.00%, 0, 0, 2, 325.61, 82141, 9
256, 41, 2, 3, 0, 0, 36.00%, 0, 0, 2, 328.08, 83851, 9
261, 42, 2, 3, 0, 0, 36.00%, 0, 0, 2, 331.77, 85579, 9
266, 43, 0, 3, 0, 0, 36.00%, 0, 0, 2, 326.76, 87258, 9
271, 43, 0, 3, 0, 0, 36.00%, 0, 0, 2, 324.59, 88916, 9
277, 44, 2, 3, 0, 0, 36.00%, 0, 0, 2, 326.57, 90607, 9
282, 45, 2, 3, 0, 0, 36.00%, 0, 0, 2, 329.52, 92323, 9
287, 46, 0, 3, 0, 0, 36.00%, 0, 0, 2, 323.30, 93985, 9
292, 47, 2, 3, 0, 0, 36.00%, 0, 0, 2, 327.70, 95637, 9
297, 48, 2, 3, 0, 0, 36.00%, 0, 0, 2, 329.29, 97341, 9
302, 49, 2, 3, 0, 0, 36.00%, 0, 0, 2, 329.55, 99000, 9
307, 50, 2, 3, 0, 0, 36.00%, 0, 0, 2, 330.96, 100674, 9
312, 51, 0, 3, 0, 0, 36.00%, 0, 0, 2, 326.42, 102366, 9
318, 51, 0, 3, 0, 0, 36.00%, 0, 0, 2, 323.75, 104030, 9
323, 52, 2, 3, 0, 0, 36.00%, 0, 0, 2, 324.34, 105696, 9
325, 52, 2, 3, 0, 0, 36.00%, 1, 0, 2, 313.98, 106475, 9
