# relative_time, cycles_done, cur_item, corpus_count, pending_total, pending_favs, map_size, saved_crashes, saved_hangs, max_depth, execs_per_sec, total_execs, edges_found
61, 5, 1, 2, 0, 0, 32.26%, 0, 0, 2, 323.97, 19903, 10
66, 5, 1, 2, 0, 0, 32.26%, 0, 0, 2, 323.88, 21555, 10
71, 6, 0, 2, 0, 0, 32.26%, 0, 0, 2, 319.78, 23199, 10
76, 6, 1, 2, 0, 0, 32.26%, 0, 0, 2, 322.78, 24854, 10
81, 7, 0, 2, 0, 0, 32.26%, 0, 0, 2, 321.18, 26512, 10
87, 7, 0, 2, 0, 0, 32.26%, 0, 0, 2, 320.90, 28162, 10
92, 7, 1, 2, 0, 0, 32.26%, 0, 0, 2, 322.82, 29811, 10
97, 8, 1, 2, 0, 0, 32.26%, 0, 0, 2, 324.00, 31463, 10
102, 8, 1, 2, 0, 0, 32.26%, 0, 0, 2, 323.52, 33115, 10
107, 9, 1, 2, 0, 0, 32.26%, 0, 0, 2, 323.63, 34767, 10
112, 9, 0, 2, 0, 0, 32.26%, 0, 0, 2, 322.63, 36425, 10
117, 10, 1, 2, 0, 0, 32.26%, 0, 0, 2, 323.28, 38074, 10
122, 10, 1, 2, 0, 0, 32.26%, 0, 0, 2, 324.01, 39732, 10
128, 11, 0, 2, 0, 0, 32.26%, 0, 0, 2, 322.52, 41384, 10
133, 11, 1, 2, 0, 0, 32.26%, 0, 0, 2, 323.40, 43046, 10
138, 11, 0, 2, 0, 0, 32.26%, 0, 0, 2, 322.27, 44697, 10
143, 12, 1, 2, 0, 0, 32.26%, 0, 0, 2, 323.42, 46359, 10
148, 12, 1, 2, 0, 0, 32.26%, 0, 0, 2, 321.29, 48015, 10
153, 13, 0, 2, 0, 0, 32.26%, 0, 0, 2, 323.33, 49673, 10
158, 13, 1, 2, 0, 0, 32.26%, 0, 0, 2, 323.33, 51322, 10
163, 14, 0, 2, 0, 0, 32.26%, 0, 0, 2, 322.98, 52974, 10
169, 14, 0, 2, 0, 0, 32.26%, 0, 0, 2, 320.91, 54623, 10
174, 14, 1, 2, 0, 0, 32.26%, 0, 0, 2, 321.62, 56277, 10
179, 15, 1, 2, 0, 0, 32.26%, 0, 0, 2, 323.16, 57929, 10
184, 15, 1, 2, 0, 0, 32.26%, 0, 0, 2, 323.75, 59586, 10
189, 16, 0, 2, 0, 0, 32.26%, 0, 0, 2, 322.70, 61244, 10
194, 16, 1, 2, 0, 0, 32.26%, 0, 0, 2, 322.64, 62898, 10
199, 16, 1, 2, 0, 0, 32.26%, 0, 0, 2, 323.41, 64549, 10
204, 17, 1, 2, 0, 0, 32.26%, 0, 0, 2, 323.08, 66207, 10
210, 17, 1, 2, 0, 0, 32.26%, 0, 0, 2, 321.75, 67847, 10
215, 18, 0, 2, 0, 0, 32.26%, 0, 0, 2, 322.94, 69505, 10
220, 18, 0, 2, 0, 0, 32.26%, 0, 0, 2, 321.78, 71160, 10
225, 19, 1, 2, 0, 0, 32.26%, 0, 0, 2, 322.73, 72816, 10
230, 19, 1, 2, 0, 0, 32.26%, 0, 0, 2, 324.18, 74474, 10
235, 20, 1, 2, 0, 0, 32.26%, 0, 0, 2, 323.42, 76126, 10
240, 20, 1, 2, 0, 0, 32.26%, 0, 0, 2, 323.34, 77778, 10
245, 20, 0, 2, 0, 0, 32.26%, 0, 0, 2, 320.71, 79429, 10
251, 21, 1, 2, 0, 0, 32.26%, 0, 0, 2, 322.35, 81079, 10
256, 21, 1, 2, 0, 0, 32.26%, 0, 0, 2, 323.50, 82741, 10
261, 22, 1, 2, 0, 0, 32.26%, 0, 0, 2, 324.24, 84393, 10
266, 22, 1, 2, 0, 0, 32.26%, 0, 0, 2, 322.29, 86044, 10
271, 23, 0, 2, 0, 0, 32.26%, 0, 0, 2, 322.24, 87696, 10
276, 23, 0, 2, 0, 0, 32.26%, 0, 0, 2, 321.75, 89346, 10
281, 23, 0, 2, 0, 0, 32.26%, 0, 0, 2, 320.65, 90995, 10
286, 24, 0, 2, 0, 0, 32.26%, 0, 0, 2, 321.72, 92651, 10
292, 24, 1, 2, 0, 0, 32.26%, 0, 0, 2, 322.74, 94306, 10
297, 25, 1, 2, 0, 0, 32.26%, 0, 0, 2, 323.70, 95958, 10
302, 25, 0, 2, 0, 0, 32.26%, 0, 0, 2, 321.86, 97622, 10
307, 25, 0, 2, 0, 0, 32.26%, 0, 0, 2, 318.18, 99265, 10
312, 26, 0, 2, 0, 0, 32.26%, 0, 0, 2, 321.62, 100921, 10
317, 26, 1, 2, 0, 0, 32.26%, 0, 0, 2, 323.28, 102583, 10
322, 27, 0, 2, 0, 0, 32.26%, 0, 0, 2, 322.34, 104234, 10
328, 27, 1, 2, 0, 0, 32.26%, 0, 0, 2, 324.24, 105890, 10
333, 28, 1, 2, 0, 0, 32.26%, 0, 0, 2, 324.47, 107548, 10
338, 28, 1, 2, 0, 0, 32.26%, 0, 0, 2, 324.36, 109206, 10
343, 29, 1, 2, 0, 0, 32.26%, 0, 0, 2, 324.54, 110864, 10
348, 29, 0, 2, 0, 0, 32.26%, 0, 0, 2, 322.92, 112516, 10
353, 29, 0, 2, 0, 0, 32.26%, 0, 0, 2, 319.97, 114153, 10
358, 30, 1, 2, 0, 0, 32.26%, 0, 0, 2, 323.03, 115815, 10
363, 30, 0, 2, 0, 0, 32.26%, 0, 0, 2, 323.88, 117473, 10
369, 31, 1, 2, 0, 0, 32.26%, 0, 0, 2, 319.74, 119110, 10
374, 31, 1, 2, 0, 0, 32.26%, 0, 0, 2, 321.14, 120762, 10
379, 32, 1, 2, 0, 0, 32.26%, 0, 0, 2, 323.10, 122420, 10
384, 32, 1, 2, 0, 0, 32.26%, 0, 0, 2, 319.55, 124070, 10
389, 32, 1, 2, 0, 0, 32.26%, 0, 0, 2, 322.05, 125721, 10
394, 33, 1, 2, 0, 0, 32.26%, 0, 0, 2, 320.98, 127365, 10
397, 33, 1, 2, 0, 0, 32.26%, 1, 0, 2, 0.00, 128272, 10
