# relative_time, cycles_done, cur_item, corpus_count, pending_total, pending_favs, map_size, saved_crashes, saved_hangs, max_depth, execs_per_sec, total_execs, edges_found
61, 8, 2, 3, 0, 0, 30.43%, 0, 0, 2, 333.63, 20328, 7
66, 8, 2, 3, 0, 0, 30.43%, 0, 0, 2, 333.80, 22008, 7
71, 9, 2, 3, 0, 0, 30.43%, 0, 0, 2, 334.56, 23696, 7
76, 10, 2, 3, 0, 0, 30.43%, 0, 0, 2, 333.28, 25366, 7
81, 11, 0, 3, 0, 0, 30.43%, 0, 0, 2, 330.48, 27028, 7
86, 11, 2, 3, 0, 0, 30.43%, 0, 0, 2, 332.31, 28753, 7
91, 12, 2, 3, 0, 0, 30.43%, 0, 0, 2, 331.02, 30411, 7
96, 13, 2, 3, 0, 0, 30.43%, 0, 0, 2, 332.58, 32091, 7
101, 14, 2, 3, 0, 0, 30.43%, 0, 0, 2, 333.77, 33767, 7
106, 14, 2, 3, 0, 0, 30.43%, 0, 0, 2, 335.07, 35473, 7
111, 15, 2, 3, 0, 0, 30.43%, 0, 0, 2, 333.83, 37167, 7
116, 16, 2, 3, 0, 0, 30.43%, 0, 0, 2, 333.22, 38903, 7
121, 17, 2, 3, 0, 0, 30.43%, 0, 0, 2, 333.61, 40585, 7
126, 17, 0, 3, 0, 0, 30.43%, 0, 0, 2, 330.86, 42247, 7
132, 18, 2, 3, 0, 0, 30.43%, 0, 0, 2, 329.79, 43947, 7
137, 19, 2, 3, 0, 0, 30.43%, 0, 0, 2, 332.05, 45634, 7
142, 20, 2, 3, 0, 0, 30.43%, 0, 0, 2, 329.18, 47327, 7
147, 20, 2, 3, 0, 0, 30.43%, 0, 0, 2, 332.87, 49009, 7
152, 21, 0, 3, 0, 0, 30.43%, 0, 0, 2, 327.41, 50693, 7
157, 22, 2, 3, 0, 0, 30.43%, 0, 0, 2, 331.56, 52372, 7
162, 22, 1, 3, 0, 0, 30.43%, 0, 0, 2, 333.14, 54048, 7
167, 23, 0, 3, 0, 0, 30.43%, 0, 0, 2, 330.71, 55722, 7
172, 24, 2, 3, 0, 0, 30.43%, 0, 0, 2, 331.74, 57445, 7
178, 24, 2, 3, 0, 0, 30.43%, 0, 0, 2, 328.95, 59134, 7
183, 25, 2, 3, 0, 0, 30.43%, 0, 0, 2, 331.75, 60820, 7
188, 26, 2, 3, 0, 0, 30.43%, 0, 0, 2, 333.22, 62496, 7
193, 27, 2, 3, 0, 0, 30.43%, 0, 0, 2, 333.87, 64190, 7
198, 27, 2, 3, 0, 0, 30.43%, 0, 0, 2, 332.67, 65878, 7
203, 28, 2, 3, 0, 0, 30.43%, 0, 0, 2, 334.01, 67584, 7
208, 29, 2, 3, 0, 0, 30.43%, 0, 0, 2, 333.63, 69270, 7
213, 30, 2, 3, 0, 0, 30.43%, 0, 0, 2, 333.06, 70964, 7
218, 31, 2, 3, 0, 0, 30.43%, 0, 0, 2, 333.75, 72664, 7
223, 31, 2, 3, 0, 0, 30.43%, 0, 0, 2, 330.52, 74304, 7
228, 32, 2, 3, 0, 0, 30.43%, 0, 0, 2, 334.79, 75996, 7
233, 33, 2, 3, 0, 0, 30.43%, 0, 0, 2, 333.21, 77672, 7
238, 34, 2, 3, 0, 0, 30.43%, 0, 0, 2, 332.73, 79354, 7
243, 34, 2, 3, 0, 0, 30.43%, 0, 0, 2, 332.62, 81030, 7
248, 35, 2, 3, 0, 0, 30.43%, 0, 0, 2, 333.30, 82724, 7
253, 36, 2, 3, 0, 0, 30.43%, 0, 0, 2, 327.21, 84417, 7
259, 36, 2, 3, 0, 0, 30.43%, 0, 0, 2, 332.79, 86111, 7
264, 37, 2, 3, 0, 0, 30.43%, 0, 0, 2, 333.29, 87793, 7
269, 38, 0, 3, 0, 0, 30.43%, 0, 0, 2, 329.52, 89503, 7
274, 38, 0, 3, 0, 0, 30.43%, 0, 0, 2, 325.75, 91158, 7
279, 39, 2, 3, 0, 0, 30.43%, 0, 0, 2, 332.09, 92831, 7
284, 40, 2, 3, 0, 0, 30.43%, 0, 0, 2, 333.85, 94519, 7
289, 40, 2, 3, 0, 0, 30.43%, 0, 0, 2, 333.36, 96211, 7
294, 41, 2, 3, 0, 0, 30.43%, 0, 0, 2, 334.57, 97899, 7
299, 42, 2, 3, 0, 0, 30.43%, 0, 0, 2, 333.24, 99575, 7
304, 43, 2, 3, 0, 0, 30.43%, 0, 0, 2, 334.58, 101263, 7
309, 43, 2, 3, 0, 0, 30.43%, 0, 0, 2, 333.46, 102939, 7
314, 44, 2, 3, 0, 0, 30.43%, 0, 0, 2, 331.84, 104602, 7
319, 44, 0, 3, 0, 0, 30.43%, 0, 0, 2, 325.33, 106258, 7
324, 45, 2, 3, 0, 0, 30.43%, 0, 0, 2, 329.52, 107947, 7
330, 46, 2, 3, 0, 0, 30.43%, 0, 0, 2, 333.02, 109645, 7
335, 47, 2, 3, 0, 0, 30.43%, 0, 0, 2, 333.66, 111327, 7
340, 48, 2, 3, 0, 0, 30.43%, 0, 0, 2, 332.68, 112997, 7
345, 48, 0, 3, 0, 0, 30.43%, 0, 0, 2, 330.82, 114665, 7
350, 49, 2, 3, 0, 0, 30.43%, 0, 0, 2, 332.18, 116378, 7
355, 50, 0, 3, 0, 0, 30.43%, 0, 0, 2, 328.77, 118040, 7
360, 50, 2, 3, 0, 0, 30.43%, 0, 0, 2, 330.82, 119691, 7
365, 51, 2, 3, 0, 0, 30.43%, 0, 0, 2, 333.51, 121367, 7
370, 51, 2, 3, 0, 0, 30.43%, 0, 0, 2, 330.13, 123066, 7
375, 52, 2, 3, 0, 0, 30.43%, 0, 0, 2, 333.26, 124766, 7
380, 53, 2, 3, 0, 0, 30.43%, 0, 0, 2, 334.36, 126442, 7
385, 54, 2, 3, 0, 0, 30.43%, 0, 0, 2, 334.76, 128124, 7
390, 54, 2, 3, 0, 0, 30.43%, 0, 0, 2, 334.01, 129804, 7
395, 55, 0, 3, 0, 0, 30.43%, 0, 0, 2, 330.59, 131522, 7
401, 56, 2, 3, 0, 0, 30.43%, 0, 0, 2, 330.86, 133229, 7
406, 56, 2, 3, 0, 0, 30.43%, 0, 0, 2, 331.00, 134903, 7
411, 57, 2, 3, 0, 0, 30.43%, 0, 0, 2, 334.01, 136603, 7
416, 58, 0, 3, 0, 0, 30.43%, 0, 0, 2, 331.41, 138279, 7
421, 59, 2, 3, 0, 0, 30.43%, 0, 0, 2, 329.78, 139978, 7
426, 60, 2, 3, 0, 0, 30.43%, 0, 0, 2, 333.37, 141648, 7
431, 60, 2, 3, 0, 0, 30.43%, 0, 0, 2, 333.34, 143322, 7
436, 61, 0, 3, 0, 0, 30.43%, 0, 0, 2, 332.24, 145040, 7
441, 62, 2, 3, 0, 0, 30.43%, 0, 0, 2, 330.96, 146685, 7
446, 62, 0, 3, 0, 0, 30.43%, 0, 0, 2, 331.93, 148355, 7
451, 63, 2, 3, 0, 0, 30.43%, 0, 0, 2, 330.57, 150048, 7
456, 64, 2, 3, 0, 0, 30.43%, 0, 0, 2, 333.51, 151742, 7
462, 64, 2, 3, 0, 0, 30.43%, 0, 0, 2, 329.25, 153442, 7
467, 65, 2, 3, 0, 0, 30.43%, 0, 0, 2, 333.12, 155130, 7
472, 66, 0, 3, 0, 0, 30.43%, 0, 0, 2, 328.34, 156820, 7
477, 66, 2, 3, 0, 0, 30.43%, 0, 0, 2, 324.99, 158486, 7
482, 67, 0, 3, 0, 0, 30.43%, 0, 0, 2, 327.04, 160142, 7
487, 67, 2, 3, 0, 0, 30.43%, 0, 0, 2, 329.07, 161849, 7
492, 68, 2, 3, 0, 0, 30.43%, 0, 0, 2, 330.85, 163525, 7
497, 69, 2, 3, 0, 0, 30.43%, 0, 0, 2, 333.18, 165205, 7
502, 70, 2, 3, 0, 0, 30.43%, 0, 0, 2, 334.01, 166881, 7
507, 70, 2, 3, 0, 0, 30.43%, 0, 0, 2, 332.78, 168569, 7
512, 71, 2, 3, 0, 0, 30.43%, 0, 0, 2, 333.65, 170251, 7
517, 72, 2, 3, 0, 0, 30.43%, 0, 0, 2, 332.74, 171913, 7
522, 73, 1, 3, 0, 0, 30.43%, 0, 0, 2, 330.71, 173565, 7
527, 74, 0, 3, 0, 0, 30.43%, 0, 0, 2, 330.38, 175239, 7
532, 75, 2, 3, 0, 0, 30.43%, 0, 0, 2, 329.33, 176878, 7
538, 75, 2, 3, 0, 0, 30.43%, 0, 0, 2, 327.90, 178565, 7
543, 76, 2, 3, 0, 0, 30.43%, 0, 0, 2, 333.36, 180277, 7
548, 77, 2, 3, 0, 0, 30.43%, 0, 0, 2, 332.80, 181959, 7
553, 77, 2, 3, 0, 0, 30.43%, 0, 0, 2, 333.71, 183653, 7
558, 78, 2, 3, 0, 0, 30.43%, 0, 0, 2, 333.32, 185329, 7
563, 79, 2, 3, 0, 0, 30.43%, 0, 0, 2, 333.76, 187015, 7
568, 80, 2, 3, 0, 0, 30.43%, 0, 0, 2, 334.14, 188709, 7
573, 80, 0, 3, 0, 0, 30.43%, 0, 0, 2, 329.01, 190359, 7
578, 81, 2, 3, 0, 0, 30.43%, 0, 0, 2, 331.87, 192078, 7
583, 82, 2, 3, 0, 0, 30.43%, 0, 0, 2, 332.85, 193760, 7
588, 82, 0, 3, 0, 0, 30.43%, 0, 0, 2, 330.57, 195422, 7
593, 83, 2, 3, 0, 0, 30.43%, 0, 0, 2, 332.25, 197135, 7
598, 84, 2, 3, 0, 0, 30.43%, 0, 0, 2, 332.74, 198817, 7
603, 84, 2, 3, 0, 0, 30.43%, 1, 0, 2, 41.38, 200215, 7
