# relative_time, cycles_done, cur_item, corpus_count, pending_total, pending_favs, map_size, saved_crashes, saved_hangs, max_depth, execs_per_sec, total_execs, edges_found
61, 7, 0, 3, 0, 0, 36.00%, 0, 0, 2, 322.62, 19878, 9
66, 8, 1, 3, 0, 0, 36.00%, 0, 0, 2, 322.14, 21542, 9
72, 8, 0, 3, 0, 0, 36.00%, 0, 0, 2, 321.41, 23199, 9
77, 9, 2, 3, 0, 0, 36.00%, 0, 0, 2, 321.72, 24849, 9
82, 10, 0, 3, 0, 0, 36.00%, 0, 0, 2, 321.95, 26510, 9
87, 10, 1, 3, 0, 0, 36.00%, 0, 0, 2, 321.66, 28162, 9
92, 11, 0, 3, 0, 0, 36.00%, 0, 0, 2, 321.64, 29825, 9
97, 11, 0, 3, 0, 0, 36.00%, 0, 0, 2, 321.97, 31474, 9
102, 12, 1, 3, 0, 0, 36.00%, 0, 0, 2, 320.78, 33121, 9
108, 13, 1, 3, 0, 0, 36.00%, 0, 0, 2, 321.32, 34779, 9
113, 13, 1, 3, 0, 0, 36.00%, 0, 0, 2, 321.15, 36443, 9
118, 14, 0, 3, 0, 0, 36.00%, 0, 0, 2, 320.22, 38099, 9
123, 15, 1, 3, 0, 0, 36.00%, 0, 0, 2, 321.28, 39759, 9
128, 15, 1, 3, 0, 0, 36.00%, 0, 0, 2, 321.50, 41414, 9
133, 16, 0, 3, 0, 0, 36.00%, 0, 0, 2, 321.42, 43074, 9
139, 17, 1, 3, 0, 0, 36.00%, 0, 0, 2, 322.10, 44732, 9
144, 18, 1, 3, 0, 0, 36.00%, 0, 0, 2, 319.25, 46382, 9
149, 19, 2, 3, 0, 0, 36.00%, 0, 0, 2, 320.45, 48032, 9
154, 19, 0, 3, 0, 0, 36.00%, 0, 0, 2, 323.09, 49696, 9
159, 20, 1, 3, 0, 0, 36.00%, 0, 0, 2, 322.29, 51352, 9
164, 21, 1, 3, 0, 0, 36.00%, 0, 0, 2, 322.21, 53015, 9
169, 22, 2, 3, 0, 0, 36.00%, 0, 0, 2, 320.62, 54674, 9
175, 23, 2, 3, 0, 0, 36.00%, 0, 0, 2, 321.67, 56337, 9
180, 24, 0, 3, 0, 0, 36.00%, 0, 0, 2, 321.94, 57997, 9
185, 24, 2, 3, 0, 0, 36.00%, 0, 0, 2, 322.41, 59647, 9
190, 25, 0, 3, 0, 0, 36.00%, 0, 0, 2, 321.40, 61304, 9
195, 25, 2, 3, 0, 0, 36.00%, 0, 0, 2, 321.38, 62956, 9
200, 26, 0, 3, 0, 0, 36.00%, 1, 0, 2, 306.94, 64560, 9
