# relative_time, cycles_done, cur_item, corpus_count, pending_total, pending_favs, map_size, saved_crashes, saved_hangs, max_depth, execs_per_sec, total_execs, edges_found
61, 5, 2, 3, 1, 0, 36.00%, 0, 0, 2, 324.52, 19996, 9
66, 7, 2, 3, 1, 0, 36.00%, 0, 0, 2, 329.46, 21712, 9
72, 7, 2, 3, 1, 0, 36.00%, 0, 0, 2, 324.02, 23385, 9
77, 8, 2, 3, 1, 0, 36.00%, 0, 0, 2, 324.91, 25064, 9
82, 8, 0, 3, 1, 0, 36.00%, 0, 0, 2, 322.65, 26684, 9
87, 10, 2, 3, 0, 0, 36.00%, 0, 0, 2, 326.57, 28367, 9
92, 10, 0, 3, 0, 0, 36.00%, 0, 0, 2, 324.42, 30047, 9
97, 11, 2, 3, 0, 0, 36.00%, 0, 0, 2, 328.57, 31759, 9
102, 13, 2, 3, 0, 0, 36.00%, 0, 0, 2, 329.11, 33463, 9
108, 13, 0, 3, 0, 0, 36.00%, 0, 0, 2, 324.20, 35137, 9
113, 14, 0, 3, 0, 0, 36.00%, 0, 0, 2, 322.72, 36810, 9
118, 15, 0, 3, 0, 0, 36.00%, 0, 0, 2, 323.54, 38495, 9
123, 16, 2, 3, 0, 0, 36.00%, 0, 0, 2, 328.16, 40192, 9
128, 17, 0, 3, 0, 0, 36.00%, 0, 0, 2, 325.78, 41887, 9
133, 17, 0, 3, 0, 0, 36.00%, 0, 0, 2, 323.83, 43551, 9
139, 18, 2, 3, 0, 0, 36.00%, 0, 0, 2, 326.11, 45233, 9
144, 18, 2, 3, 0, 0, 36.00%, 0, 0, 2, 324.73, 46900, 9
149, 19, 2, 3, 0, 0, 36.00%, 0, 0, 2, 322.85, 48561, 9
154, 20, 2, 3, 0, 0, 36.00%, 0, 0, 2, 322.34, 50246, 9
159, 21, 2, 3, 0, 0, 36.00%, 0, 0, 2, 328.53, 51965, 9
165, 22, 2, 3, 0, 0, 36.00%, 0, 0, 2, 329.97, 53675, 9
170, 22, 0, 3, 0, 0, 36.00%, 0, 0, 2, 321.86, 55324, 9
175, 23, 2, 3, 0, 0, 36.00%, 0, 0, 2, 326.25, 57000, 9
180, 24, 2, 3, 0, 0, 36.00%, 0, 0, 2, 318.46, 58649, 9
185, 24, 0, 3, 0, 0, 36.00%, 0, 0, 2, 321.82, 60329, 9
190, 25, 2, 3, 0, 0, 36.00%, 0, 0, 2, 322.82, 61986, 9
196, 25, 0, 3, 0, 0, 36.00%, 0, 0, 2, 320.39, 63636, 9
201, 26, 0, 3, 0, 0, 36.00%, 0, 0, 2, 322.95, 65315, 9
206, 27, 2, 3, 0, 0, 36.00%, 0, 0, 2, 321.99, 66990, 9
211, 28, 2, 3, 0, 0, 36.00%, 0, 0, 2, 325.25, 68628, 9
216, 29, 2, 3, 0, 0, 36.00%, 0, 0, 2, 325.42, 70295, 9
221, 30, 0, 3, 0, 0, 36.00%, 0, 0, 2, 325.92, 71996, 9
226, 30, 2, 3, 0, 0, 36.00%, 0, 0, 2, 325.32, 73657, 9
232, 31, 0, 3, 0, 0, 36.00%, 0, 0, 2, 322.12, 75325, 9
237, 32, 0, 3, 0, 0, 36.00%, 0, 0, 2, 321.38, 76986, 9
242, 33, 2, 3, 0, 0, 36.00%, 0, 0, 2, 325.88, 78674, 9
247, 34, 2, 3, 0, 0, 36.00%, 0, 0, 2, 329.17, 80327, 9
252, 35, 2, 3, 0, 0, 36.00%, 0, 0, 2, 328.36, 82031, 9
257, 36, 0, 3, 0, 0, 36.00%, 0, 0, 2, 327.24, 83738, 9
262, 37, 2, 3, 0, 0, 36.00%, 0, 0, 2, 327.62, 85429, 9
268, 38, 2, 3, 0, 0, 36.00%, 0, 0, 2, 322.95, 87084, 9
273, 39, 2, 3, 0, 0, 36.00%, 0, 0, 2, 326.95, 88779, 9
278, 40, 2, 3, 0, 0, 36.00%, 0, 0, 2, 328.83, 90495, 9
283, 41, 0, 3, 0, 0, 36.00%, 0, 0, 2, 324.08, 92172, 9
288, 41, 0, 3, 0, 0, 36.00%, 0, 0, 2, 322.35, 93830, 9
293, 42, 0, 3, 0, 0, 36.00%, 0, 0, 2, 326.18, 95527, 9
299, 43, 0, 3, 0, 0, 36.00%, 0, 0, 2, 322.56, 97185, 9
304, 43, 0, 3, 0, 0, 36.00%, 0, 0, 2, 319.73, 98843, 9
309, 44, 2, 3, 0, 0, 36.00%, 0, 0, 2, 322.13, 100491, 9
314, 45, 2, 3, 0, 0, 36.00%, 0, 0, 2, 330.05, 102219, 9
319, 46, 2, 3, 0, 0, 36.00%, 0, 0, 2, 329.17, 103932, 9
324, 47, 1, 3, 0, 0, 36.00%, 0, 0, 2, 324.54, 105593, 9
330, 47, 0, 3, 0, 0, 36.00%, 0, 0, 2, 322.52, 107251, 9
335, 48, 2, 3, 0, 0, 36.00%, 0, 0, 2, 325.88, 108930, 9
340, 49, 0, 3, 0, 0, 36.00%, 0, 0, 2, 324.42, 110559, 9
345, 50, 2, 3, 0, 0, 36.00%, 0, 0, 2, 328.00, 112268, 9
350, 51, 0, 3, 0, 0, 36.00%, 0, 0, 2, 328.07, 113981, 9
355, 51, 2, 3, 0, 0, 36.00%, 0, 0, 2, 327.03, 115666, 9
360, 52, 2, 3, 0, 0, 36.00%, 0, 0, 2, 323.90, 117327, 9
366, 53, 2, 3, 0, 0, 36.00%, 0, 0, 2, 328.89, 119031, 9
371, 54, 2, 3, 0, 0, 36.00%, 0, 0, 2, 330.64, 120699, 9
376, 55, 0, 3, 0, 0, 36.00%, 0, 0, 2, 324.01, 122385, 9
381, 56, 2, 3, 0, 0, 36.00%, 0, 0, 2, 328.68, 124103, 9
386, 57, 2, 3, 0, 0, 36.00%, 0, 0, 2, 322.42, 125770, 9
391, 57, 2, 3, 0, 0, 36.00%, 0, 0, 2, 323.01, 127443, 9
397, 58, 2, 3, 0, 0, 36.00%, 0, 0, 2, 323.69, 129101, 9
402, 58, 0, 3, 0, 0, 36.00%, 0, 0, 2, 323.40, 130787, 9
407, 59, 0, 3, 0, 0, 36.00%, 0, 0, 2, 326.28, 132478, 9
412, 60, 2, 3, 0, 0, 36.00%, 0, 0, 2, 325.74, 134145, 9
417, 60, 2, 3, 0, 0, 36.00%, 0, 0, 2, 324.75, 135809, 9
422, 62, 2, 3, 0, 0, 36.00%, 0, 0, 2, 329.68, 137471, 9
427, 62, 0, 3, 0, 0, 36.00%, 0, 0, 2, 323.63, 139151, 9
433, 63, 2, 3, 0, 0, 36.00%, 0, 0, 2, 329.48, 140869, 9
438, 64, 2, 3, 0, 0, 36.00%, 0, 0, 2, 326.62, 142542, 9
443, 65, 0, 3, 0, 0, 36.00%, 0, 0, 2, 327.57, 144237, 9
448, 66, 0, 3, 0, 0, 36.00%, 0, 0, 2, 324.39, 145910, 9
453, 66, 2, 3, 0, 0, 36.00%, 0, 0, 2, 327.09, 147607, 9
458, 67, 0, 3, 0, 0, 36.00%, 0, 0, 2, 324.42, 149281, 9
464, 68, 2, 3, 0, 0, 36.00%, 0, 0, 2, 327.79, 150966, 9
469, 69, 2, 3, 0, 0, 36.00%, 0, 0, 2, 324.46, 152610, 9
474, 70, 0, 3, 0, 0, 36.00%, 0, 0, 2, 322.96, 154280, 9
479, 70, 0, 3, 0, 0, 36.00%, 0, 0, 2, 321.84, 155929, 9
484, 70, 0, 3, 0, 0, 36.00%, 0, 0, 2, 322.97, 157593, 9
489, 71, 2, 3, 0, 0, 36.00%, 0, 0, 2, 320.90, 159247, 9
494, 71, 0, 3, 0, 0, 36.00%, 0, 0, 2, 313.56, 160813, 9
499, 72, 0, 3, 0, 0, 36.00%, 0, 0, 2, 320.97, 162486, 9
505, 72, 2, 3, 0, 0, 36.00%, 0, 0, 2, 322.81, 164140, 9
510, 74, 1, 3, 0, 0, 36.00%, 1, 0, 2, 318.74, 165849, 9
