# relative_time, cycles_done, cur_item, corpus_count, pending_total, pending_favs, map_size, saved_crashes, saved_hangs, max_depth, execs_per_sec, total_execs, edges_found
61, 5, 0, 1, 0, 0, 25.00%, 0, 0, 1, 324.43, 19881, 2
66, 6, 0, 1, 0, 0, 25.00%, 0, 0, 1, 323.51, 21535, 2
71, 6, 0, 1, 0, 0, 25.00%, 0, 0, 1, 324.23, 23196, 2
76, 7, 0, 1, 0, 0, 25.00%, 0, 0, 1, 325.00, 24857, 2
81, 7, 0, 1, 0, 0, 25.00%, 0, 0, 1, 321.61, 26511, 2
86, 8, 0, 1, 0, 0, 25.00%, 0, 0, 1, 323.42, 28178, 2
92, 8, 0, 1, 0, 0, 25.00%, 0, 0, 1, 323.22, 29832, 2
97, 9, 0, 1, 0, 0, 25.00%, 0, 0, 1, 324.03, 31493, 2
102, 9, 0, 1, 0, 0, 25.00%, 0, 0, 1, 324.01, 33142, 2
107, 10, 0, 1, 0, 0, 25.00%, 0, 0, 1, 324.64, 34802, 2
112, 10, 0, 1, 0, 0, 25.00%, 0, 0, 1, 324.01, 36457, 2
117, 11, 0, 1, 0, 0, 25.00%, 0, 0, 1, 323.39, 38111, 2
122, 11, 0, 1, 0, 0, 25.00%, 0, 0, 1, 322.66, 39766, 2
127, 12, 0, 1, 0, 0, 25.00%, 0, 0, 1, 323.64, 41414, 2
133, 12, 0, 1, 0, 0, 25.00%, 0, 0, 1, 323.99, 43081, 2
138, 12, 0, 1, 0, 0, 25.00%, 0, 0, 1, 324.05, 44736, 2
143, 13, 0, 1, 0, 0, 25.00%, 0, 0, 1, 324.58, 46402, 2
148, 13, 0, 1, 0, 0, 25.00%, 0, 0, 1, 323.71, 48057, 2
153, 14, 0, 1, 0, 0, 25.00%, 0, 0, 1, 324.42, 49705, 2
158, 14, 0, 1, 0, 0, 25.00%, 0, 0, 1, 323.76, 51360, 2
163, 15, 0, 1, 0, 0, 25.00%, 0, 0, 1, 323.76, 53021, 2
168, 15, 0, 1, 0, 0, 25.00%, 0, 0, 1, 323.34, 54675, 2
173, 16, 0, 1, 0, 0, 25.00%, 0, 0, 1, 322.43, 56330, 2
179, 16, 0, 1, 0, 0, 25.00%, 0, 0, 1, 319.87, 57972, 2
184, 17, 0, 1, 0, 0, 25.00%, 0, 0, 1, 322.90, 59627, 2
189, 17, 0, 1, 0, 0, 25.00%, 0, 0, 1, 323.72, 61282, 2
194, 18, 0, 1, 0, 0, 25.00%, 0, 0, 1, 324.04, 62936, 2
199, 18, 0, 1, 0, 0, 25.00%, 0, 0, 1, 323.75, 64597, 2
204, 19, 0, 1, 0, 0, 25.00%, 0, 0, 1, 323.14, 66251, 2
209, 19, 0, 1, 0, 0, 25.00%, 0, 0, 1, 324.01, 67912, 2
214, 19, 0, 1, 0, 0, 25.00%, 0, 0, 1, 323.43, 69573, 2
219, 20, 0, 1, 0, 0, 25.00%, 0, 0, 1, 325.03, 71227, 2
225, 20, 0, 1, 0, 0, 25.00%, 0, 0, 1, 324.91, 72894, 2
230, 21, 0, 1, 0, 0, 25.00%, 0, 0, 1, 323.33, 74548, 2
235, 21, 0, 1, 0, 0, 25.00%, 0, 0, 1, 324.64, 76203, 2
240, 22, 0, 1, 0, 0, 25.00%, 0, 0, 1, 324.05, 77857, 2
245, 22, 0, 1, 0, 0, 25.00%, 0, 0, 1, 325.40, 79518, 2
250, 23, 0, 1, 0, 0, 25.00%, 0, 0, 1, 324.23, 81167, 2
255, 23, 0, 1, 0, 0, 25.00%, 0, 0, 1, 323.43, 82815, 2
260, 24, 0, 1, 0, 0, 25.00%, 0, 0, 1, 324.43, 84482, 2
265, 24, 0, 1, 0, 0, 25.00%, 0, 0, 1, 321.97, 86124, 2
271, 25, 0, 1, 0, 0, 25.00%, 0, 0, 1, 322.75, 87773, 2
276, 25, 0, 1, 0, 0, 25.00%, 0, 0, 1, 322.85, 89422, 2
281, 26, 0, 1, 0, 0, 25.00%, 0, 0, 1, 324.67, 91082, 2
286, 26, 0, 1, 0, 0, 25.00%, 0, 0, 1, 322.56, 92737, 2
291, 27, 0, 1, 0, 0, 25.00%, 0, 0, 1, 323.86, 94391, 2
296, 27, 0, 1, 0, 0, 25.00%, 0, 0, 1, 322.70, 96052, 2
301, 27, 0, 1, 0, 0, 25.00%, 0, 0, 1, 324.01, 97713, 2
306, 28, 0, 1, 0, 0, 25.00%, 0, 0, 1, 324.37, 99373, 2
312, 28, 0, 1, 0, 0, 25.00%, 0, 0, 1, 323.38, 101028, 2
317, 29, 0, 1, 0, 0, 25.00%, 0, 0, 1, 323.29, 102676, 2
322, 29, 0, 1, 0, 0, 25.00%, 0, 0, 1, 324.42, 104343, 2
327, 30, 0, 1, 0, 0, 25.00%, 0, 0, 1, 323.22, 106004, 2
332, 30, 0, 1, 0, 0, 25.00%, 0, 0, 1, 324.23, 107670, 2
337, 31, 0, 1, 0, 0, 25.00%, 0, 0, 1, 324.04, 109319, 2
342, 31, 0, 1, 0, 0, 25.00%, 0, 0, 1, 324.51, 110973, 2
347, 32, 0, 1, 0, 0, 25.00%, 0, 0, 1, 324.32, 112628, 2
352, 32, 0, 1, 0, 0, 25.00%, 0, 0, 1, 322.78, 114288, 2
358, 33, 0, 1, 0, 0, 25.00%, 0, 0, 1, 323.79, 115943, 2
363, 33, 0, 1, 0, 0, 25.00%, 0, 0, 1, 323.87, 117604, 2
368, 34, 0, 1, 0, 0, 25.00%, 0, 0, 1, 324.90, 119270, 2
373, 34, 0, 1, 0, 0, 25.00%, 0, 0, 1, 324.83, 120931, 2
378, 35, 0, 1, 0, 0, 25.00%, 0, 0, 1, 323.67, 122585, 2
383, 35, 0, 1, 0, 0, 25.00%, 0, 0, 1, 324.02, 124246, 2
388, 35, 0, 1, 0, 0, 25.00%, 0, 0, 1, 323.90, 125895, 2
393, 36, 0, 1, 0, 0, 25.00%, 0, 0, 1, 321.79, 127555, 2
399, 36, 0, 1, 0, 0, 25.00%, 0, 0, 1, 323.07, 129210, 2
404, 37, 0, 1, 0, 0, 25.00%, 0, 0, 1, 323.94, 130864, 2
409, 37, 0, 1, 0, 0, 25.00%, 0, 0, 1, 324.34, 132513, 2
414, 38, 0, 1, 0, 0, 25.00%, 0, 0, 1, 324.37, 134174, 2
419, 38, 0, 1, 0, 0, 25.00%, 0, 0, 1, 322.95, 135834, 2
424, 39, 0, 1, 0, 0, 25.00%, 0, 0, 1, 323.59, 137489, 2
429, 39, 0, 1, 0, 0, 25.00%, 0, 0, 1, 324.05, 139155, 2
434, 40, 0, 1, 0, 0, 25.00%, 0, 0, 1, 324.33, 140810, 2
440, 40, 0, 1, 0, 0, 25.00%, 0, 0, 1, 324.29, 142470, 2
445, 41, 0, 1, 0, 0, 25.00%, 0, 0, 1, 324.76, 144131, 2
450, 41, 0, 1, 0, 0, 25.00%, 0, 0, 1, 324.77, 145786, 2
455, 42, 0, 1, 0, 0, 25.00%, 0, 0, 1, 324.54, 147446, 2
460, 42, 0, 1, 0, 0, 25.00%, 0, 0, 1, 323.23, 149107, 2
465, 43, 0, 1, 0, 0, 25.00%, 1, 0, 1, 315.01, 150735, 2
