# relative_time, cycles_done, cur_item, corpus_count, pending_total, pending_favs, map_size, saved_crashes, saved_hangs, max_depth, execs_per_sec, total_execs, edges_found
61, 8, 2, 3, 0, 0, 30.43%, 0, 0, 2, 331.48, 20270, 7
66, 10, 0, 3, 0, 0, 30.43%, 0, 0, 2, 331.99, 21934, 7
71, 10, 2, 3, 0, 0, 30.43%, 0, 0, 2, 329.75, 23627, 7
76, 11, 2, 3, 0, 0, 30.43%, 0, 0, 2, 331.46, 25289, 7
81, 12, 2, 3, 0, 0, 30.43%, 0, 0, 2, 332.29, 26977, 7
86, 13, 0, 3, 0, 0, 30.43%, 0, 0, 2, 331.68, 28653, 7
91, 13, 2, 3, 0, 0, 30.43%, 0, 0, 2, 328.81, 30344, 7
96, 14, 2, 3, 0, 0, 30.43%, 0, 0, 2, 333.71, 32044, 7
101, 15, 2, 3, 0, 0, 30.43%, 0, 0, 2, 332.18, 33714, 7
106, 16, 2, 3, 0, 0, 30.43%, 0, 0, 2, 332.01, 35384, 7
111, 17, 2, 3, 0, 0, 30.43%, 0, 0, 2, 333.27, 37060, 7
116, 17, 2, 3, 0, 0, 30.43%, 0, 0, 2, 333.21, 38740, 7
121, 18, 2, 3, 0, 0, 30.43%, 0, 0, 2, 330.09, 40415, 7
126, 18, 2, 3, 0, 0, 30.43%, 0, 0, 2, 332.14, 42097, 7
132, 19, 0, 3, 0, 0, 30.43%, 0, 0, 2, 329.59, 43803, 7
137, 20, 2, 3, 0, 0, 30.43%, 0, 0, 2, 330.94, 45514, 7
142, 21, 0, 3, 0, 0, 30.43%, 0, 0, 2, 331.10, 47184, 7
147, 21, 2, 3, 0, 0, 30.43%, 0, 0, 2, 330.65, 48883, 7
150, 22, 2, 3, 0, 0, 30.43%, 1, 0, 2, 324.10, 49931, 7
