# relative_time, cycles_done, cur_item, corpus_count, pending_total, pending_favs, map_size, saved_crashes, saved_hangs, max_depth, execs_per_sec, total_execs, edges_found
60, 8, 2, 3, 0, 0, 30.43%, 0, 0, 2, 329.56, 20285, 7
66, 9, 0, 3, 0, 0, 30.43%, 0, 0, 2, 326.13, 21981, 7
71, 9, 2, 3, 0, 0, 30.43%, 0, 0, 2, 331.10, 23714, 7
76, 10, 2, 3, 0, 0, 30.43%, 0, 0, 2, 332.59, 25396, 7
81, 11, 2, 3, 0, 0, 30.43%, 0, 0, 2, 334.60, 27084, 7
86, 12, 2, 3, 0, 0, 30.43%, 0, 0, 2, 330.24, 28752, 7
91, 13, 2, 3, 0, 0, 30.43%, 0, 0, 2, 331.65, 30434, 7
96, 13, 2, 3, 0, 0, 30.43%, 0, 0, 2, 334.14, 32134, 7
101, 14, 2, 3, 0, 0, 30.43%, 0, 0, 2, 332.63, 33828, 7
106, 15, 2, 3, 0, 0, 30.43%, 0, 0, 2, 333.79, 35498, 7
111, 16, 2, 3, 0, 0, 30.43%, 0, 0, 2, 333.43, 37172, 7
116, 17, 0, 3, 0, 0, 30.43%, 0, 0, 2, 331.49, 38836, 7
121, 17, 2, 3, 0, 0, 30.43%, 0, 0, 2, 330.24, 40541, 7
127, 18, 2, 3, 0, 0, 30.43%, 0, 0, 2, 334.12, 42247, 7
132, 19, 2, 3, 0, 0, 30.43%, 0, 0, 2, 333.30, 43917, 7
137, 20, 2, 3, 0, 0, 30.43%, 0, 0, 2, 332.99, 45603, 7
142, 21, 2, 3, 0, 0, 30.43%, 0, 0, 2, 331.14, 47279, 7
147, 21, 2, 3, 0, 0, 30.43%, 0, 0, 2, 332.99, 48961, 7
152, 22, 2, 3, 0, 0, 30.43%, 0, 0, 2, 333.25, 50647, 7
157, 23, 2, 3, 0, 0, 30.43%, 0, 0, 2, 333.74, 52341, 7
162, 24, 2, 3, 0, 0, 30.43%, 0, 0, 2, 332.10, 54011, 7
167, 24, 2, 3, 0, 0, 30.43%, 0, 0, 2, 334.00, 55711, 7
172, 25, 0, 3, 0, 0, 30.43%, 0, 0, 2, 331.54, 57375, 7
177, 26, 2, 3, 0, 0, 30.43%, 0, 0, 2, 329.74, 59068, 7
182, 26, 2, 3, 0, 0, 30.43%, 0, 0, 2, 332.33, 60738, 7
187, 27, 2, 3, 0, 0, 30.43%, 0, 0, 2, 333.02, 62426, 7
192, 28, 2, 3, 0, 0, 30.43%, 0, 0, 2, 331.25, 64082, 7
197, 29, 2, 3, 0, 0, 30.43%, 0, 0, 2, 331.80, 65746, 7
202, 29, 0, 3, 0, 0, 30.43%, 0, 0, 2, 327.10, 67436, 7
207, 29, 0, 3, 0, 0, 30.43%, 0, 0, 2, 324.80, 69084, 7
213, 30, 2, 3, 0, 0, 30.43%, 0, 0, 2, 328.10, 70779, 7
218, 31, 2, 3, 0, 0, 30.43%, 0, 0, 2, 332.26, 72447, 7
223, 32, 0, 3, 0, 0, 30.43%, 0, 0, 2, 331.68, 74117, 7
228, 32, 2, 3, 0, 0, 30.43%, 0, 0, 2, 330.78, 75822, 7
233, 33, 2, 3, 0, 0, 30.43%, 0, 0, 2, 333.50, 77510, 7
238, 34, 2, 3, 0, 0, 30.43%, 0, 0, 2, 333.67, 79198, 7
243, 34, 2, 3, 0, 0, 30.43%, 0, 0, 2, 332.50, 80874, 7
245, 35, 2, 3, 0, 0, 30.43%, 1, 0, 2, 319.57, 81465, 7
