# relative_time, cycles_done, cur_item, corpus_count, pending_total, pending_favs, map_size, saved_crashes, saved_hangs, max_depth, execs_per_sec, total_execs, edges_found
61, 5, 0, 1, 0, 0, 25.00%, 0, 0, 1, 326.35, 20169, 2
66, 6, 0, 1, 0, 0, 25.00%, 0, 0, 1, 325.70, 21853, 2
72, 6, 0, 1, 0, 0, 25.00%, 0, 0, 1, 325.06, 23520, 2
77, 7, 0, 1, 0, 0, 25.00%, 0, 0, 1, 326.09, 25180, 2
82, 7, 0, 1, 0, 0, 25.00%, 0, 0, 1, 325.69, 26841, 2
87, 8, 0, 1, 0, 0, 25.00%, 0, 0, 1, 326.63, 28531, 2
92, 8, 0, 1, 0, 0, 25.00%, 0, 0, 1, 325.96, 30204, 2
97, 9, 0, 1, 0, 0, 25.00%, 0, 0, 1, 323.90, 31859, 2
102, 9, 0, 1, 0, 0, 25.00%, 0, 0, 1, 323.96, 33543, 2
107, 10, 0, 1, 0, 0, 25.00%, 0, 0, 1, 324.70, 35198, 2
113, 10, 0, 1, 0, 0, 25.00%, 0, 0, 1, 326.05, 36858, 2
118, 11, 0, 1, 0, 0, 25.00%, 0, 0, 1, 324.42, 38513, 2
123, 11, 0, 1, 0, 0, 25.00%, 0, 0, 1, 324.74, 40180, 2
128, 12, 0, 1, 0, 0, 25.00%, 0, 0, 1, 325.64, 41834, 2
133, 12, 0, 1, 0, 0, 25.00%, 0, 0, 1, 326.43, 43501, 2
138, 13, 0, 1, 0, 0, 25.00%, 0, 0, 1, 325.67, 45179, 2
143, 13, 0, 1, 0, 0, 25.00%, 0, 0, 1, 326.15, 46858, 2
148, 14, 0, 1, 0, 0, 25.00%, 0, 0, 1, 327.04, 48530, 2
153, 14, 0, 1, 0, 0, 25.00%, 0, 0, 1, 325.53, 50203, 2
159, 14, 0, 1, 0, 0, 25.00%, 0, 0, 1, 325.16, 51864, 2
164, 15, 0, 1, 0, 0, 25.00%, 0, 0, 1, 325.10, 53530, 2
169, 15, 0, 1, 0, 0, 25.00%, 0, 0, 1, 325.61, 55197, 2
174, 16, 0, 1, 0, 0, 25.00%, 0, 0, 1, 325.39, 56863, 2
179, 16, 0, 1, 0, 0, 25.00%, 0, 0, 1, 326.38, 58512, 2
184, 17, 0, 1, 0, 0, 25.00%, 0, 0, 1, 326.29, 60179, 2
189, 17, 0, 1, 0, 0, 25.00%, 0, 0, 1, 326.25, 61839, 2
194, 18, 0, 1, 0, 0, 25.00%, 0, 0, 1, 326.56, 63500, 2
199, 18, 0, 1, 0, 0, 25.00%, 0, 0, 1, 326.52, 65160, 2
204, 19, 0, 1, 0, 0, 25.00%, 0, 0, 1, 325.41, 66827, 2
210, 19, 0, 1, 0, 0, 25.00%, 0, 0, 1, 326.25, 68487, 2
215, 20, 0, 1, 0, 0, 25.00%, 0, 0, 1, 325.40, 70154, 2
220, 20, 0, 1, 0, 0, 25.00%, 0, 0, 1, 323.47, 71803, 2
225, 21, 0, 1, 0, 0, 25.00%, 0, 0, 1, 327.10, 73481, 2
230, 21, 0, 1, 0, 0, 25.00%, 0, 0, 1, 325.90, 75136, 2
235, 22, 0, 1, 0, 0, 25.00%, 0, 0, 1, 322.83, 76754, 2
240, 22, 0, 1, 0, 0, 25.00%, 0, 0, 1, 325.34, 78415, 2
245, 22, 0, 1, 0, 0, 25.00%, 0, 0, 1, 326.42, 80088, 2
250, 23, 0, 1, 0, 0, 25.00%, 0, 0, 1, 326.62, 81754, 2
255, 23, 0, 1, 0, 0, 25.00%, 0, 0, 1, 326.69, 83433, 2
261, 24, 0, 1, 0, 0, 25.00%, 0, 0, 1, 327.34, 85099, 2
266, 24, 0, 1, 0, 0, 25.00%, 0, 0, 1, 325.67, 86760, 2
271, 25, 0, 1, 0, 0, 25.00%, 0, 0, 1, 325.21, 88420, 2
276, 25, 0, 1, 0, 0, 25.00%, 0, 0, 1, 327.47, 90099, 2
281, 26, 0, 1, 0, 0, 25.00%, 0, 0, 1, 324.59, 91748, 2
282, 26, 0, 1, 0, 0, 25.00%, 1, 0, 1, 313.99, 92189, 2
