# relative_time, cycles_done, cur_item, corpus_count, pending_total, pending_favs, map_size, saved_crashes, saved_hangs, max_depth, execs_per_sec, total_execs, edges_found
61, 7, 0, 2, 0, 0, 30.43%, 0, 0, 2, 325.65, 20031, 7
66, 7, 1, 2, 0, 0, 30.43%, 0, 0, 2, 324.92, 21690, 7
71, 8, 1, 2, 0, 0, 30.43%, 0, 0, 2, 325.36, 23352, 7
76, 9, 1, 2, 0, 0, 30.43%, 0, 0, 2, 324.58, 25014, 7
81, 10, 1, 2, 0, 0, 30.43%, 0, 0, 2, 324.46, 26670, 7
87, 10, 1, 2, 0, 0, 30.43%, 0, 0, 2, 325.39, 28328, 7
92, 11, 1, 2, 0, 0, 30.43%, 0, 0, 2, 324.96, 30002, 7
97, 11, 0, 2, 0, 0, 30.43%, 0, 0, 2, 324.66, 31654, 7
102, 12, 1, 2, 0, 0, 30.43%, 0, 0, 2, 325.62, 33317, 7
107, 13, 0, 2, 0, 0, 30.43%, 0, 0, 2, 324.30, 34981, 7
112, 13, 1, 2, 0, 0, 30.43%, 0, 0, 2, 325.57, 36638, 7
117, 14, 0, 2, 0, 0, 30.43%, 0, 0, 2, 325.01, 38308, 7
122, 14, 1, 2, 0, 0, 30.43%, 0, 0, 2, 324.10, 39961, 7
128, 15, 1, 2, 0, 0, 30.43%, 0, 0, 2, 324.15, 41629, 7
133, 16, 1, 2, 0, 0, 30.43%, 0, 0, 2, 325.00, 43294, 7
138, 16, 1, 2, 0, 0, 30.43%, 0, 0, 2, 323.46, 44947, 7
143, 17, 1, 2, 0, 0, 30.43%, 0, 0, 2, 323.52, 46597, 7
148, 17, 1, 2, 0, 0, 30.43%, 0, 0, 2, 324.29, 48249, 7
153, 18, 1, 2, 0, 0, 30.43%, 0, 0, 2, 324.79, 49917, 7
158, 19, 0, 2, 0, 0, 30.43%, 0, 0, 2, 323.48, 51588, 7
163, 19, 1, 2, 0, 0, 30.43%, 0, 0, 2, 323.90, 53253, 7
169, 20, 1, 2, 0, 0, 30.43%, 0, 0, 2, 323.16, 54915, 7
174, 21, 1, 2, 0, 0, 30.43%, 0, 0, 2, 324.44, 56589, 7
178, 21, 1, 2, 0, 0, 30.43%, 1, 0, 2, 7.58, 57798, 7
