# relative_time, cycles_done, cur_item, corpus_count, pending_total, pending_favs, map_size, saved_crashes, saved_hangs, max_depth, execs_per_sec, total_execs, edges_found
61, 9, 2, 3, 0, 0, 32.26%, 0, 0, 2, 328.21, 20053, 10
66, 10, 0, 3, 0, 0, 32.26%, 0, 0, 2, 325.02, 21720, 10
71, 10, 2, 3, 0, 0, 32.26%, 0, 0, 2, 324.82, 23378, 10
76, 12, 0, 3, 0, 0, 32.26%, 0, 0, 2, 328.08, 25022, 10
82, 12, 2, 3, 0, 0, 32.26%, 0, 0, 2, 326.29, 26704, 10
87, 13, 0, 3, 0, 0, 32.26%, 0, 0, 2, 326.32, 28405, 10
92, 14, 2, 3, 0, 0, 32.26%, 0, 0, 2, 327.35, 30087, 10
97, 14, 0, 3, 0, 0, 32.26%, 0, 0, 2, 323.76, 31773, 10
102, 16, 2, 3, 0, 0, 32.26%, 0, 0, 2, 327.70, 33431, 10
107, 16, 2, 3, 0, 0, 32.26%, 0, 0, 2, 324.41, 35098, 10
113, 17, 2, 3, 0, 0, 32.26%, 0, 0, 2, 322.24, 36765, 10
118, 18, 2, 3, 0, 0, 32.26%, 0, 0, 2, 325.45, 38448, 10
123, 19, 0, 3, 0, 0, 32.26%, 0, 0, 2, 325.01, 40134, 10
128, 19, 0, 3, 0, 0, 32.26%, 0, 0, 2, 323.42, 41795, 10
133, 20, 0, 3, 0, 0, 32.26%, 0, 0, 2, 319.68, 43450, 10
138, 21, 2, 3, 0, 0, 32.26%, 0, 0, 2, 326.88, 45096, 10
143, 21, 0, 3, 0, 0, 32.26%, 0, 0, 2, 324.99, 46757, 10
149, 22, 2, 3, 0, 0, 32.26%, 0, 0, 2, 325.90, 48439, 10
154, 22, 0, 3, 0, 0, 32.26%, 0, 0, 2, 322.85, 50116, 10
159, 23, 0, 3, 0, 0, 32.26%, 0, 0, 2, 326.44, 51759, 10
164, 24, 2, 3, 0, 0, 32.26%, 0, 0, 2, 326.98, 53444, 10
169, 25, 0, 3, 0, 0, 32.26%, 0, 0, 2, 325.84, 55085, 10
174, 26, 2, 3, 0, 0, 32.26%, 0, 0, 2, 328.05, 56728, 10
179, 26, 0, 3, 0, 0, 32.26%, 0, 0, 2, 322.52, 58393, 10
184, 28, 2, 3, 0, 0, 32.26%, 0, 0, 2, 327.70, 60093, 10
189, 28, 0, 3, 0, 0, 32.26%, 0, 0, 2, 324.19, 61761, 10
195, 29, 0, 3, 0, 0, 32.26%, 0, 0, 2, 325.60, 63449, 10
200, 30, 0, 3, 0, 0, 32.26%, 0, 0, 2, 322.35, 65113, 10
205, 30, 2, 3, 0, 0, 32.26%, 0, 0, 2, 324.77, 66780, 10
210, 32, 2, 3, 0, 0, 32.26%, 0, 0, 2, 327.20, 68484, 10
215, 33, 0, 3, 0, 0, 32.26%, 0, 0, 2, 327.97, 70143, 10
220, 33, 2, 3, 0, 0, 32.26%, 0, 0, 2, 326.58, 71822, 10
225, 34, 2, 3, 0, 0, 32.26%, 0, 0, 2, 322.69, 73489, 10
231, 35, 0, 3, 0, 0, 32.26%, 0, 0, 2, 325.80, 75190, 10
236, 36, 2, 3, 0, 0, 32.26%, 0, 0, 2, 326.61, 76857, 10
241, 37, 0, 3, 0, 0, 32.26%, 0, 0, 2, 327.52, 78555, 10
246, 37, 2, 3, 0, 0, 32.26%, 0, 0, 2, 326.51, 80234, 10
251, 39, 0, 3, 0, 0, 32.26%, 0, 0, 2, 328.62, 81944, 10
256, 39, 0, 3, 0, 0, 32.26%, 0, 0, 2, 321.84, 83587, 10
261, 40, 2, 3, 0, 0, 32.26%, 0, 0, 2, 326.22, 85215, 10
267, 40, 2, 3, 0, 0, 32.26%, 0, 0, 2, 323.70, 86888, 10
272, 41, 0, 3, 0, 0, 32.26%, 0, 0, 2, 324.07, 88571, 10
277, 41, 0, 3, 0, 0, 32.26%, 0, 0, 2, 322.68, 90225, 10
282, 42, 0, 3, 0, 0, 32.26%, 0, 0, 2, 323.33, 91889, 10
287, 42, 2, 3, 0, 0, 32.26%, 0, 0, 2, 325.57, 93556, 10
292, 43, 0, 3, 0, 0, 32.26%, 0, 0, 2, 323.46, 95230, 10
298, 44, 2, 3, 0, 0, 32.26%, 0, 0, 2, 326.78, 96921, 10
303, 45, 0, 3, 0, 0, 32.26%, 0, 0, 2, 324.90, 98601, 10
308, 46, 2, 3, 0, 0, 32.26%, 0, 0, 2, 326.08, 100271, 10
313, 47, 0, 3, 0, 0, 32.26%, 0, 0, 2, 327.11, 101918, 10
318, 48, 2, 3, 0, 0, 32.26%, 0, 0, 2, 322.32, 103528, 10
323, 49, 2, 3, 0, 0, 32.26%, 0, 0, 2, 328.53, 105178, 10
328, 50, 0, 3, 0, 0, 32.26%, 0, 0, 2, 324.33, 106855, 10
333, 51, 2, 3, 0, 0, 32.26%, 0, 0, 2, 327.78, 108534, 10
338, 51, 2, 3, 0, 0, 32.26%, 0, 0, 2, 326.47, 110219, 10
344, 52, 0, 3, 0, 0, 32.26%, 0, 0, 2, 321.84, 111883, 10
349, 52, 2, 3, 0, 0, 32.26%, 0, 0, 2, 324.34, 113544, 10
354, 53, 2, 3, 0, 0, 32.26%, 0, 0, 2, 323.59, 115229, 10
359, 54, 2, 3, 0, 0, 32.26%, 0, 0, 2, 318.64, 116870, 10
364, 55, 2, 3, 0, 0, 32.26%, 0, 0, 2, 328.01, 118574, 10
369, 57, 2, 3, 0, 0, 32.26%, 0, 0, 2, 329.41, 120239, 10
375, 58, 2, 3, 0, 0, 32.26%, 0, 0, 2, 327.95, 121949, 10
380, 59, 2, 3, 0, 0, 32.26%, 0, 0, 2, 329.39, 123605, 10
385, 60, 2, 3, 0, 0, 32.26%, 0, 0, 2, 330.28, 125327, 10
390, 61, 2, 3, 0, 0, 32.26%, 0, 0, 2, 329.23, 127043, 10
395, 63, 2, 3, 0, 0, 32.26%, 0, 0, 2, 329.67, 128741, 10
400, 64, 2, 3, 0, 0, 32.26%, 0, 0, 2, 329.21, 130448, 10
405, 65, 0, 3, 0, 0, 32.26%, 0, 0, 2, 325.16, 132137, 10
411, 65, 0, 3, 0, 0, 32.26%, 0, 0, 2, 323.32, 133822, 10
416, 66, 2, 3, 0, 0, 32.26%, 0, 0, 2, 323.97, 135480, 10
421, 67, 2, 3, 0, 0, 32.26%, 0, 0, 2, 328.90, 137145, 10
426, 68, 0, 3, 0, 0, 32.26%, 0, 0, 2, 324.47, 138825, 10
431, 68, 0, 3, 0, 0, 32.26%, 0, 0, 2, 320.84, 140444, 10
436, 70, 0, 3, 0, 0, 32.26%, 0, 0, 2, 326.13, 142084, 10
441, 70, 2, 3, 0, 0, 32.26%, 0, 0, 2, 325.67, 143748, 10
446, 71, 0, 3, 0, 0, 32.26%, 0, 0, 2, 322.89, 145428, 10
452, 71, 2, 3, 0, 0, 32.26%, 0, 0, 2, 321.35, 147076, 10
457, 72, 2, 3, 0, 0, 32.26%, 0, 0, 2, 327.63, 148771, 10
462, 74, 2, 3, 0, 0, 32.26%, 0, 0, 2, 329.81, 150487, 10
467, 75, 0, 3, 0, 0, 32.26%, 0, 0, 2, 326.06, 152119, 10
472, 75, 2, 3, 0, 0, 32.26%, 0, 0, 2, 326.39, 153807, 10
477, 77, 2, 3, 0, 0, 32.26%, 0, 0, 2, 329.32, 155463, 10
482, 78, 2, 3, 0, 0, 32.26%, 0, 0, 2, 328.76, 157110, 10
487, 79, 2, 3, 0, 0, 32.26%, 0, 0, 2, 329.27, 158820, 10
492, 80, 2, 3, 0, 0, 32.26%, 0, 0, 2, 328.68, 160524, 10
498, 81, 2, 3, 0, 0, 32.26%, 0, 0, 2, 328.32, 162222, 10
503, 82, 2, 3, 0, 0, 32.26%, 0, 0, 2, 316.51, 163863, 10
505, 83, 2, 3, 0, 0, 32.26%, 1, 0, 2, 307.31, 164688, 10
