# relative_time, cycles_done, cur_item, corpus_count, pending_total, pending_favs, map_size, saved_crashes, saved_hangs, max_depth, execs_per_sec, total_execs, edges_found
61, 5, 0, 1, 0, 0, 25.00%, 0, 0, 1, 325.10, 20061, 2
66, 6, 0, 1, 0, 0, 25.00%, 0, 0, 1, 325.00, 21715, 2
71, 6, 0, 1, 0, 0, 25.00%, 0, 0, 1, 324.70, 23370, 2
76, 7, 0, 1, 0, 0, 25.00%, 0, 0, 1, 326.13, 25042, 2
82, 7, 0, 1, 0, 0, 25.00%, 0, 0, 1, 325.80, 26709, 2
87, 8, 0, 1, 0, 0, 25.00%, 0, 0, 1, 326.93, 28376, 2
92, 8, 0, 1, 0, 0, 25.00%, 0, 0, 1, 327.04, 30048, 2
97, 9, 0, 1, 0, 0, 25.00%, 0, 0, 1, 326.19, 31715, 2
102, 9, 0, 1, 0, 0, 25.00%, 0, 0, 1, 327.04, 33375, 2
105, 9, 0, 1, 0, 0, 25.00%, 1, 0, 1, 318.94, 34308, 2
