# relative_time, cycles_done, cur_item, corpus_count, pending_total, pending_favs, map_size, saved_crashes, saved_hangs, max_depth, execs_per_sec, total_execs, edges_found
61, 8, 2, 3, 0, 0, 30.43%, 0, 0, 2, 325.12, 20005, 7
66, 9, 2, 3, 0, 0, 30.43%, 0, 0, 2, 325.37, 21681, 7
71, 9, 0, 3, 0, 0, 30.43%, 0, 0, 2, 324.75, 23341, 7
76, 10, 2, 3, 0, 0, 30.43%, 0, 0, 2, 325.07, 24996, 7
82, 11, 2, 3, 0, 0, 30.43%, 0, 0, 2, 324.98, 26648, 7
87, 11, 2, 3, 0, 0, 30.43%, 0, 0, 2, 324.42, 28304, 7
92, 12, 2, 3, 0, 0, 30.43%, 0, 0, 2, 323.86, 29962, 7
97, 13, 2, 3, 0, 0, 30.43%, 0, 0, 2, 324.32, 31620, 7
102, 13, 0, 3, 0, 0, 30.43%, 0, 0, 2, 323.56, 33274, 7
107, 14, 2, 3, 0, 0, 30.43%, 0, 0, 2, 322.93, 34927, 7
112, 15, 0, 3, 0, 0, 30.43%, 0, 0, 2, 324.82, 36589, 7
117, 16, 2, 3, 0, 0, 30.43%, 0, 0, 2, 323.88, 38242, 7
123, 17, 2, 3, 0, 0, 30.43%, 0, 0, 2, 325.50, 39916, 7
128, 17, 2, 3, 0, 0, 30.43%, 0, 0, 2, 323.55, 41574, 7
133, 18, 2, 3, 0, 0, 30.43%, 0, 0, 2, 324.31, 43232, 7
138, 19, 2, 3, 0, 0, 30.43%, 0, 0, 2, 323.67, 44882, 7
143, 20, 0, 3, 0, 0, 30.43%, 0, 0, 2, 325.32, 46544, 7
148, 20, 2, 3, 0, 0, 30.43%, 0, 0, 2, 324.93, 48209, 7
153, 21, 2, 3, 0, 0, 30.43%, 0, 0, 2, 325.21, 49873, 7
158, 22, 2, 3, 0, 0, 30.43%, 0, 0, 2, 324.36, 51531, 7
163, 23, 2, 3, 0, 0, 30.43%, 0, 0, 2, 323.97, 53189, 7
169, 23, 2, 3, 0, 0, 30.43%, 0, 0, 2, 324.20, 54845, 7
174, 24, 2, 3, 0, 0, 30.43%, 0, 0, 2, 323.61, 56491, 7
179, 25, 2, 3, 0, 0, 30.43%, 0, 0, 2, 323.22, 58155, 7
184, 26, 2, 3, 0, 0, 30.43%, 0, 0, 2, 325.96, 59831, 7
189, 26, 2, 3, 0, 0, 30.43%, 0, 0, 2, 325.04, 61493, 7
194, 27, 2, 3, 0, 0, 30.43%, 0, 0, 2, 324.90, 63151, 7
199, 28, 2, 3, 0, 0, 30.43%, 0, 0, 2, 325.70, 64809, 7
204, 29, 2, 3, 0, 0, 30.43%, 0, 0, 2, 324.91, 66465, 7
209, 30, 2, 3, 0, 0, 30.43%, 0, 0, 2, 321.07, 68105, 7
215, 30, 2, 3, 0, 0, 30.43%, 0, 0, 2, 324.22, 69769, 7
220, 31, 2, 3, 0, 0, 30.43%, 0, 0, 2, 325.11, 71438, 7
225, 31, 2, 3, 0, 0, 30.43%, 0, 0, 2, 324.93, 73101, 7
230, 32, 2, 3, 0, 0, 30.43%, 0, 0, 2, 322.97, 74759, 7
235, 33, 2, 3, 0, 0, 30.43%, 0, 0, 2, 324.48, 76415, 7
240, 34, 2, 3, 0, 0, 30.43%, 0, 0, 2, 324.07, 78091, 7
245, 35, 2, 3, 0, 0, 30.43%, 0, 0, 2, 323.21, 79749, 7
250, 35, 2, 3, 0, 0, 30.43%, 0, 0, 2, 323.64, 81411, 7
252, 36, 2, 3, 0, 0, 30.43%, 1, 0, 2, 311.99, 81975, 7
