# relative_time, cycles_done, cur_item, corpus_count, pending_total, pending_favs, map_size, saved_crashes, saved_hangs, max_depth, execs_per_sec, total_execs, edges_found
61, 8, 2, 3, 0, 0, 30.43%, 0, 0, 2, 323.29, 19904, 7
66, 9, 2, 3, 0, 0, 30.43%, 0, 0, 2, 323.09, 21556, 7
71, 9, 2, 3, 0, 0, 30.43%, 0, 0, 2, 321.86, 23213, 7
76, 9, 2, 3, 0, 0, 30.43%, 0, 0, 2, 324.06, 24876, 7
81, 10, 2, 3, 0, 0, 30.43%, 0, 0, 2, 324.16, 26540, 7
86, 11, 0, 3, 0, 0, 30.43%, 0, 0, 2, 324.01, 28206, 7
92, 11, 2, 3, 0, 0, 30.43%, 0, 0, 2, 323.99, 29867, 7
97, 12, 2, 3, 0, 0, 30.43%, 0, 0, 2, 325.33, 31525, 7
102, 13, 0, 3, 0, 0, 30.43%, 0, 0, 2, 324.70, 33179, 7
107, 13, 2, 3, 0, 0, 30.43%, 0, 0, 2, 325.93, 34844, 7
112, 14, 2, 3, 0, 0, 30.43%, 0, 0, 2, 321.01, 36496, 7
117, 15, 2, 3, 0, 0, 30.43%, 0, 0, 2, 321.09, 38136, 7
122, 16, 2, 3, 0, 0, 30.43%, 0, 0, 2, 323.36, 39798, 7
127, 16, 0, 3, 0, 0, 30.43%, 0, 0, 2, 324.88, 41456, 7
132, 17, 0, 3, 0, 0, 30.43%, 0, 0, 2, 323.88, 43107, 7
138, 17, 2, 3, 0, 0, 30.43%, 0, 0, 2, 325.46, 44764, 7
143, 18, 2, 3, 0, 0, 30.43%, 0, 0, 2, 323.44, 46417, 7
148, 18, 2, 3, 0, 0, 30.43%, 0, 0, 2, 324.92, 48073, 7
153, 19, 0, 3, 0, 0, 30.43%, 0, 0, 2, 323.94, 49735, 7
158, 19, 0, 3, 0, 0, 30.43%, 0, 0, 2, 323.84, 51386, 7
163, 20, 2, 3, 0, 0, 30.43%, 0, 0, 2, 324.53, 53046, 7
168, 20, 2, 3, 0, 0, 30.43%, 0, 0, 2, 325.82, 54714, 7
173, 21, 2, 3, 0, 0, 30.43%, 0, 0, 2, 324.00, 56365, 7
178, 22, 0, 3, 0, 0, 30.43%, 0, 0, 2, 324.02, 58025, 7
184, 22, 2, 3, 0, 0, 30.43%, 0, 0, 2, 324.24, 59685, 7
189, 23, 2, 3, 0, 0, 30.43%, 0, 0, 2, 322.61, 61337, 7
194, 24, 2, 3, 0, 0, 30.43%, 0, 0, 2, 324.21, 63007, 7
199, 24, 0, 3, 0, 0, 30.43%, 0, 0, 2, 326.23, 64671, 7
204, 25, 2, 3, 0, 0, 30.43%, 0, 0, 2, 322.68, 66320, 7
209, 25, 2, 3, 0, 0, 30.43%, 0, 0, 2, 324.37, 67971, 7
214, 26, 2, 3, 0, 0, 30.43%, 0, 0, 2, 324.92, 69634, 7
219, 27, 2, 3, 0, 0, 30.43%, 0, 0, 2, 324.99, 71304, 7
225, 27, 0, 3, 0, 0, 30.43%, 0, 0, 2, 324.66, 72964, 7
230, 28, 2, 3, 0, 0, 30.43%, 0, 0, 2, 325.33, 74631, 7
235, 29, 2, 3, 0, 0, 30.43%, 0, 0, 2, 323.79, 76295, 7
240, 29, 2, 3, 0, 0, 30.43%, 0, 0, 2, 324.03, 77951, 7
245, 30, 0, 3, 0, 0, 30.43%, 0, 0, 2, 324.74, 79605, 7
250, 31, 2, 3, 0, 0, 30.43%, 0, 0, 2, 322.52, 81266, 7
255, 31, 2, 3, 0, 0, 30.43%, 0, 0, 2, 324.29, 82936, 7
260, 32, 2, 3, 0, 0, 30.43%, 0, 0, 2, 325.94, 84618, 7
265, 33, 0, 3, 0, 0, 30.43%, 0, 0, 2, 326.91, 86242, 7
271, 33, 2, 3, 0, 0, 30.43%, 0, 0, 2, 322.65, 87890, 7
276, 34, 2, 3, 0, 0, 30.43%, 0, 0, 2, 325.14, 89552, 7
281, 34, 2, 3, 0, 0, 30.43%, 0, 0, 2, 323.98, 91211, 7
286, 35, 2, 3, 0, 0, 30.43%, 0, 0, 2, 321.25, 92867, 7
291, 36, 2, 3, 0, 0, 30.43%, 0, 0, 2, 322.96, 94531, 7
296, 37, 2, 3, 0, 0, 30.43%, 0, 0, 2, 320.44, 96195, 7
301, 37, 0, 3, 0, 0, 30.43%, 0, 0, 2, 324.27, 97851, 7
304, 38, 0, 3, 0, 0, 30.43%, 1, 0, 2, 0.00, 98678, 7
