# relative_time, cycles_done, cur_item, corpus_count, pending_total, pending_favs, map_size, saved_crashes, saved_hangs, max_depth, execs_per_sec, total_execs, edges_found
61, 8, 2, 3, 0, 0, 30.43%, 0, 0, 2, 324.69, 19989, 7
66, 9, 2, 3, 0, 0, 30.43%, 0, 0, 2, 323.82, 21645, 7
71, 10, 2, 3, 0, 0, 30.43%, 0, 0, 2, 324.82, 23309, 7
76, 10, 0, 3, 0, 0, 30.43%, 0, 0, 2, 324.63, 24973, 7
81, 11, 0, 3, 0, 0, 30.43%, 0, 0, 2, 323.61, 26624, 7
87, 11, 2, 3, 0, 0, 30.43%, 0, 0, 2, 324.73, 28287, 7
92, 12, 2, 3, 0, 0, 30.43%, 0, 0, 2, 324.90, 29943, 7
97, 13, 2, 3, 0, 0, 30.43%, 0, 0, 2, 324.24, 31614, 7
102, 13, 2, 3, 0, 0, 30.43%, 0, 0, 2, 323.32, 33276, 7
107, 15, 2, 3, 0, 0, 30.43%, 0, 0, 2, 324.37, 34946, 7
112, 16, 2, 3, 0, 0, 30.43%, 0, 0, 2, 326.79, 36626, 7
117, 17, 2, 3, 0, 0, 30.43%, 0, 0, 2, 324.26, 38288, 7
123, 17, 2, 3, 0, 0, 30.43%, 0, 0, 2, 323.86, 39958, 7
128, 18, 2, 3, 0, 0, 30.43%, 0, 0, 2, 323.82, 41622, 7
133, 19, 2, 3, 0, 0, 30.43%, 0, 0, 2, 324.03, 43284, 7
138, 20, 0, 3, 0, 0, 30.43%, 0, 0, 2, 322.70, 44937, 7
143, 20, 0, 3, 0, 0, 30.43%, 0, 0, 2, 323.75, 46594, 7
148, 20, 2, 3, 0, 0, 30.43%, 0, 0, 2, 322.96, 48251, 7
153, 21, 2, 3, 0, 0, 30.43%, 0, 0, 2, 324.24, 49907, 7
158, 22, 2, 3, 0, 0, 30.43%, 0, 0, 2, 324.43, 51565, 7
164, 22, 0, 3, 0, 0, 30.43%, 0, 0, 2, 324.52, 53219, 7
169, 23, 2, 3, 0, 0, 30.43%, 0, 0, 2, 324.25, 54878, 7
174, 24, 0, 3, 0, 0, 30.43%, 0, 0, 2, 324.15, 56540, 7
179, 25, 0, 3, 0, 0, 30.43%, 0, 0, 2, 323.22, 58199, 7
184, 25, 2, 3, 0, 0, 30.43%, 0, 0, 2, 325.72, 59850, 7
189, 26, 2, 3, 0, 0, 30.43%, 0, 0, 2, 324.77, 61514, 7
194, 27, 1, 3, 0, 0, 30.43%, 0, 0, 2, 323.14, 63178, 7
199, 28, 2, 3, 0, 0, 30.43%, 0, 0, 2, 324.81, 64840, 7
204, 28, 2, 3, 0, 0, 30.43%, 0, 0, 2, 324.46, 66504, 7
210, 29, 2, 3, 0, 0, 30.43%, 0, 0, 2, 323.83, 68168, 7
215, 30, 2, 3, 0, 0, 30.43%, 0, 0, 2, 324.80, 69838, 7
220, 31, 2, 3, 0, 0, 30.43%, 0, 0, 2, 324.79, 71500, 7
225, 32, 0, 3, 0, 0, 30.43%, 0, 0, 2, 324.60, 73158, 7
230, 32, 2, 3, 0, 0, 30.43%, 0, 0, 2, 324.28, 74809, 7
235, 32, 0, 3, 0, 0, 30.43%, 0, 0, 2, 322.48, 76466, 7
240, 33, 2, 3, 0, 0, 30.43%, 0, 0, 2, 324.08, 78123, 7
245, 33, 0, 3, 0, 0, 30.43%, 0, 0, 2, 325.45, 79789, 7
251, 34, 2, 3, 0, 0, 30.43%, 0, 0, 2, 324.36, 81456, 7
256, 35, 2, 3, 0, 0, 30.43%, 0, 0, 2, 323.95, 83126, 7
261, 36, 2, 3, 0, 0, 30.43%, 0, 0, 2, 324.97, 84794, 7
266, 36, 2, 3, 0, 0, 30.43%, 0, 0, 2, 325.04, 86463, 7
271, 37, 0, 3, 0, 0, 30.43%, 0, 0, 2, 325.35, 88115, 7
276, 37, 0, 3, 0, 0, 30.43%, 0, 0, 2, 324.37, 89764, 7
281, 38, 2, 3, 0, 0, 30.43%, 0, 0, 2, 324.84, 91429, 7
286, 39, 0, 3, 0, 0, 30.43%, 0, 0, 2, 323.99, 93079, 7
292, 39, 2, 3, 0, 0, 30.43%, 0, 0, 2, 325.09, 94742, 7
297, 40, 0, 3, 0, 0, 30.43%, 0, 0, 2, 323.88, 96402, 7
302, 41, 0, 3, 0, 0, 30.43%, 0, 0, 2, 323.98, 98053, 7
307, 41, 2, 3, 0, 0, 30.43%, 0, 0, 2, 323.68, 99708, 7
312, 42, 0, 3, 0, 0, 30.43%, 0, 0, 2, 323.62, 101368, 7
317, 43, 2, 3, 0, 0, 30.43%, 0, 0, 2, 324.03, 103035, 7
322, 43, 1, 3, 0, 0, 30.43%, 0, 0, 2, 324.49, 104699, 7
327, 44, 2, 3, 0, 0, 30.43%, 0, 0, 2, 324.97, 106355, 7
333, 45, 0, 3, 0, 0, 30.43%, 0, 0, 2, 323.67, 108027, 7
338, 45, 2, 3, 0, 0, 30.43%, 0, 0, 2, 324.90, 109688, 7
343, 46, 0, 3, 0, 0, 30.43%, 0, 0, 2, 324.56, 111346, 7
348, 47, 0, 3, 0, 0, 30.43%, 0, 0, 2, 324.39, 113001, 7
353, 47, 0, 3, 0, 0, 30.43%, 0, 0, 2, 324.56, 114650, 7
358, 48, 2, 3, 0, 0, 30.43%, 0, 0, 2, 324.83, 116311, 7
363, 48, 2, 3, 0, 0, 30.43%, 0, 0, 2, 324.56, 117991, 7
364, 49, 2, 3, 0, 0, 30.43%, 1, 0, 2, 311.90, 118151, 7
