# relative_time, cycles_done, cur_item, corpus_count, pending_total, pending_favs, map_size, saved_crashes, saved_hangs, max_depth, execs_per_sec, total_execs, edges_found
61, 10, 2, 3, 0, 0, 32.26%, 0, 0, 2, 325.67, 20130, 10
66, 11, 0, 3, 0, 0, 32.26%, 0, 0, 2, 324.78, 21765, 10
71, 12, 2, 3, 0, 0, 32.26%, 0, 0, 2, 325.55, 23435, 10
77, 13, 0, 3, 0, 0, 32.26%, 0, 0, 2, 325.72, 25124, 10
82, 13, 2, 3, 0, 0, 32.26%, 0, 0, 2, 324.48, 26737, 10
87, 15, 0, 3, 0, 0, 32.26%, 0, 0, 2, 323.14, 28420, 10
92, 15, 2, 3, 0, 0, 32.26%, 0, 0, 2, 324.10, 30087, 10
97, 16, 2, 3, 0, 0, 32.26%, 0, 0, 2, 327.62, 31797, 10
102, 17, 0, 3, 0, 0, 32.26%, 0, 0, 2, 322.20, 33477, 10
107, 18, 0, 3, 0, 0, 32.26%, 0, 0, 2, 311.45, 35045, 10
113, 19, 2, 3, 0, 0, 32.26%, 0, 0, 2, 323.01, 36730, 10
118, 20, 2, 3, 0, 0, 32.26%, 0, 0, 2, 327.38, 38425, 10
123, 21, 2, 3, 0, 0, 32.26%, 0, 0, 2, 323.27, 40080, 10
128, 22, 2, 3, 0, 0, 32.26%, 0, 0, 2, 328.28, 41739, 10
132, 23, 2, 3, 0, 0, 32.26%, 1, 0, 2, 314.30, 42917, 10
