# relative_time, cycles_done, cur_item, corpus_count, pending_total, pending_favs, map_size, saved_crashes, saved_hangs, max_depth, execs_per_sec, total_execs, edges_found
61, 10, 0, 3, 0, 0, 32.26%, 0, 0, 2, 319.89, 19882, 10
67, 11, 0, 3, 0, 0, 32.26%, 0, 0, 2, 321.37, 21539, 10
72, 12, 2, 3, 0, 0, 32.26%, 0, 0, 2, 320.92, 23197, 10
77, 12, 2, 3, 0, 0, 32.26%, 0, 0, 2, 318.94, 24846, 10
82, 13, 2, 3, 0, 0, 32.26%, 0, 0, 2, 320.66, 26511, 10
87, 14, 0, 3, 0, 0, 32.26%, 0, 0, 2, 321.22, 28170, 10
92, 14, 2, 3, 0, 0, 32.26%, 0, 0, 2, 321.48, 29821, 10
97, 15, 2, 3, 0, 0, 32.26%, 0, 0, 2, 321.18, 31486, 10
103, 17, 2, 3, 0, 0, 32.26%, 0, 0, 2, 320.93, 33157, 10
108, 18, 2, 3, 0, 0, 32.26%, 0, 0, 2, 320.83, 34825, 10
113, 19, 0, 3, 0, 0, 32.26%, 0, 0, 2, 320.57, 36484, 10
118, 20, 2, 3, 0, 0, 32.26%, 0, 0, 2, 322.16, 38145, 10
123, 21, 2, 3, 0, 0, 32.26%, 0, 0, 2, 317.66, 39795, 10
129, 22, 2, 3, 0, 0, 32.26%, 0, 0, 2, 320.29, 41454, 10
134, 24, 0, 3, 0, 0, 32.26%, 0, 0, 2, 321.95, 43119, 10
139, 24, 0, 3, 0, 0, 32.26%, 0, 0, 2, 320.88, 44768, 10
144, 25, 2, 3, 0, 0, 32.26%, 0, 0, 2, 320.98, 46420, 10
149, 26, 2, 3, 0, 0, 32.26%, 0, 0, 2, 321.72, 48082, 10
154, 27, 2, 3, 0, 0, 32.26%, 0, 0, 2, 321.36, 49744, 10
155, 27, 2, 3, 0, 0, 32.26%, 1, 0, 2, 307.79, 49897, 10
