# relative_time, cycles_done, cur_item, corpus_count, pending_total, pending_favs, map_size, saved_crashes, saved_hangs, max_depth, execs_per_sec, total_execs, edges_found
61, 6, 0, 3, 0, 0, 32.26%, 0, 0, 2, 320.23, 19340, 10
66, 7, 1, 3, 0, 0, 32.26%, 0, 0, 2, 322.67, 21004, 10
71, 8, 0, 3, 0, 0, 32.26%, 0, 0, 2, 321.18, 22661, 10
76, 8, 2, 3, 0, 0, 32.26%, 0, 0, 2, 321.10, 24316, 10
81, 9, 0, 3, 0, 0, 32.26%, 0, 0, 2, 323.51, 25988, 10
87, 9, 2, 3, 0, 0, 32.26%, 0, 0, 2, 321.80, 27637, 10
92, 10, 0, 3, 0, 0, 32.26%, 0, 0, 2, 321.46, 29297, 10
97, 11, 1, 3, 0, 0, 32.26%, 0, 0, 2, 321.92, 30953, 10
102, 11, 0, 3, 0, 0, 32.26%, 0, 0, 2, 322.96, 32633, 10
107, 12, 2, 3, 0, 0, 32.26%, 0, 0, 2, 321.34, 34279, 10
112, 12, 1, 3, 0, 0, 32.26%, 0, 0, 2, 317.87, 35926, 10
117, 14, 1, 3, 0, 0, 32.26%, 0, 0, 2, 321.50, 37594, 10
123, 14, 2, 3, 0, 0, 32.26%, 0, 0, 2, 319.81, 39247, 10
128, 15, 2, 3, 0, 0, 32.26%, 0, 0, 2, 321.55, 40907, 10
133, 15, 2, 3, 0, 0, 32.26%, 0, 0, 2, 319.26, 42547, 10
138, 16, 2, 3, 0, 0, 32.26%, 0, 0, 2, 320.61, 44204, 10
143, 17, 1, 3, 0, 0, 32.26%, 0, 0, 2, 321.04, 45857, 10
148, 17, 2, 3, 0, 0, 32.26%, 0, 0, 2, 320.40, 47513, 10
154, 18, 1, 3, 0, 0, 32.26%, 0, 0, 2, 320.74, 49168, 10
159, 19, 0, 3, 0, 0, 32.26%, 0, 0, 2, 321.69, 50827, 10
164, 20, 1, 3, 0, 0, 32.26%, 0, 0, 2, 323.44, 52494, 10
167, 20, 1, 3, 0, 0, 32.26%, 1, 0, 2, 0.00, 53586, 10
