# relative_time, cycles_done, cur_item, corpus_count, pending_total, pending_favs, map_size, saved_crashes, saved_hangs, max_depth, execs_per_sec, total_execs, edges_found
61, 10, 2, 3, 0, 0, 36.00%, 0, 0, 2, 326.77, 20175, 9
66, 11, 2, 3, 0, 0, 36.00%, 0, 0, 2, 330.01, 21834, 9
71, 12, 0, 3, 0, 0, 36.00%, 0, 0, 2, 329.62, 23496, 9
76, 13, 0, 3, 0, 0, 36.00%, 0, 0, 2, 327.25, 25181, 9
81, 13, 2, 3, 0, 0, 36.00%, 0, 0, 2, 327.42, 26863, 9
87, 15, 2, 3, 0, 0, 36.00%, 0, 0, 2, 329.75, 28585, 9
92, 16, 2, 3, 0, 0, 36.00%, 0, 0, 2, 331.18, 30247, 9
97, 17, 0, 3, 0, 0, 36.00%, 0, 0, 2, 326.90, 31927, 9
102, 18, 2, 3, 0, 0, 36.00%, 0, 0, 2, 326.56, 33615, 9
107, 18, 0, 3, 0, 0, 36.00%, 0, 0, 2, 322.86, 35273, 9
112, 19, 0, 3, 0, 0, 36.00%, 0, 0, 2, 323.67, 36940, 9
117, 20, 2, 3, 0, 0, 36.00%, 0, 0, 2, 326.12, 38622, 9
122, 21, 2, 3, 0, 0, 36.00%, 0, 0, 2, 330.45, 40290, 9
127, 22, 2, 3, 0, 0, 36.00%, 0, 0, 2, 328.93, 41982, 9
133, 23, 0, 3, 0, 0, 36.00%, 0, 0, 2, 324.85, 43662, 9
138, 24, 1, 3, 0, 0, 36.00%, 0, 0, 2, 328.15, 45368, 9
143, 25, 2, 3, 0, 0, 36.00%, 0, 0, 2, 326.39, 47032, 9
148, 26, 2, 3, 0, 0, 36.00%, 0, 0, 2, 329.24, 48742, 9
153, 26, 0, 3, 0, 0, 36.00%, 0, 0, 2, 324.60, 50377, 9
158, 27, 0, 3, 0, 0, 36.00%, 0, 0, 2, 323.19, 52047, 9
163, 28, 2, 3, 0, 0, 36.00%, 0, 0, 2, 330.43, 53729, 9
169, 29, 2, 3, 0, 0, 36.00%, 0, 0, 2, 330.55, 55445, 9
174, 30, 0, 3, 0, 0, 36.00%, 0, 0, 2, 326.62, 57134, 9
179, 31, 2, 3, 0, 0, 36.00%, 0, 0, 2, 329.09, 58780, 9
184, 32, 0, 3, 0, 0, 36.00%, 0, 0, 2, 324.18, 60453, 9
189, 32, 2, 3, 0, 0, 36.00%, 0, 0, 2, 326.25, 62138, 9
194, 33, 0, 3, 0, 0, 36.00%, 0, 0, 2, 324.63, 63827, 9
199, 34, 0, 3, 0, 0, 36.00%, 0, 0, 2, 324.02, 65500, 9
205, 34, 2, 3, 0, 0, 36.00%, 0, 0, 2, 323.28, 67148, 9
210, 35, 0, 3, 0, 0, 36.00%, 0, 0, 2, 325.92, 68849, 9
215, 35, 2, 3, 0, 0, 36.00%, 0, 0, 2, 324.21, 70503, 9
220, 37, 2, 3, 0, 0, 36.00%, 0, 0, 2, 329.18, 72162, 9
225, 38, 0, 3, 0, 0, 36.00%, 0, 0, 2, 328.09, 73872, 9
230, 39, 2, 3, 0, 0, 36.00%, 0, 0, 2, 329.04, 75572, 9
235, 39, 2, 3, 0, 0, 36.00%, 0, 0, 2, 325.05, 77245, 9
241, 40, 2, 3, 0, 0, 36.00%, 0, 0, 2, 329.24, 78943, 9
246, 41, 0, 3, 0, 0, 36.00%, 0, 0, 2, 327.40, 80635, 9
251, 42, 0, 3, 0, 0, 36.00%, 0, 0, 2, 324.92, 82317, 9
256, 43, 0, 3, 0, 0, 36.00%, 0, 0, 2, 326.35, 83999, 9
261, 43, 2, 3, 0, 0, 36.00%, 0, 0, 2, 326.99, 85690, 9
266, 44, 0, 3, 0, 0, 36.00%, 0, 0, 2, 328.09, 87391, 9
272, 45, 0, 3, 0, 0, 36.00%, 0, 0, 2, 323.31, 89040, 9
277, 46, 0, 3, 0, 0, 36.00%, 0, 0, 2, 326.33, 90731, 9
282, 46, 0, 3, 0, 0, 36.00%, 0, 0, 2, 325.04, 92395, 9
287, 47, 2, 3, 0, 0, 36.00%, 0, 0, 2, 325.69, 94068, 9
292, 48, 2, 3, 0, 0, 36.00%, 0, 0, 2, 328.41, 95718, 9
297, 49, 0, 3, 0, 0, 36.00%, 0, 0, 2, 324.90, 97407, 9
302, 49, 0, 3, 0, 0, 36.00%, 0, 0, 2, 322.66, 99077, 9
307, 50, 2, 3, 0, 0, 36.00%, 0, 0, 2, 324.67, 100731, 9
312, 51, 2, 3, 0, 0, 36.00%, 0, 0, 2, 328.89, 102384, 9
317, 53, 2, 3, 0, 0, 36.00%, 0, 0, 2, 331.52, 104046, 9
322, 54, 2, 3, 0, 0, 36.00%, 0, 0, 2, 330.51, 105699, 9
328, 55, 0, 3, 0, 0, 36.00%, 0, 0, 2, 329.61, 107415, 9
333, 55, 0, 3, 0, 0, 36.00%, 0, 0, 2, 322.77, 109067, 9
338, 55, 0, 3, 0, 0, 36.00%, 0, 0, 2, 321.45, 110722, 9
343, 57, 2, 3, 0, 0, 36.00%, 0, 0, 2, 328.01, 112431, 9
348, 58, 2, 3, 0, 0, 36.00%, 0, 0, 2, 330.85, 114093, 9
353, 59, 2, 3, 0, 0, 36.00%, 0, 0, 2, 330.06, 115752, 9
358, 60, 0, 3, 0, 0, 36.00%, 0, 0, 2, 324.90, 117420, 9
363, 61, 2, 3, 0, 0, 36.00%, 0, 0, 2, 328.63, 119078, 9
368, 62, 0, 3, 0, 0, 36.00%, 0, 0, 2, 327.32, 120737, 9
374, 63, 2, 3, 0, 0, 36.00%, 0, 0, 2, 327.43, 122407, 9
379, 63, 0, 3, 0, 0, 36.00%, 0, 0, 2, 324.71, 124084, 9
384, 64, 0, 3, 0, 0, 36.00%, 0, 0, 2, 324.46, 125757, 9
389, 65, 2, 3, 0, 0, 36.00%, 0, 0, 2, 325.07, 127423, 9
394, 66, 2, 3, 0, 0, 36.00%, 0, 0, 2, 328.58, 129139, 9
399, 67, 2, 3, 0, 0, 36.00%, 0, 0, 2, 330.47, 130861, 9
405, 68, 2, 3, 0, 0, 36.00%, 0, 0, 2, 325.59, 132537, 9
410, 69, 0, 3, 0, 0, 36.00%, 0, 0, 2, 330.16, 134199, 9
415, 69, 0, 3, 0, 0, 36.00%, 0, 0, 2, 322.40, 135848, 9
420, 69, 0, 3, 0, 0, 36.00%, 0, 0, 2, 323.12, 137503, 9
425, 71, 2, 3, 0, 0, 36.00%, 0, 0, 2, 328.71, 139215, 9
430, 72, 2, 3, 0, 0, 36.00%, 0, 0, 2, 329.26, 140874, 9
435, 73, 2, 3, 0, 0, 36.00%, 0, 0, 2, 324.72, 142541, 9
440, 74, 2, 3, 0, 0, 36.00%, 0, 0, 2, 330.43, 144212, 9
445, 75, 2, 3, 0, 0, 36.00%, 0, 0, 2, 329.39, 145904, 9
450, 76, 2, 3, 0, 0, 36.00%, 0, 0, 2, 330.41, 147560, 9
456, 78, 2, 3, 0, 0, 36.00%, 0, 0, 2, 331.46, 149282, 9
461, 78, 2, 3, 0, 0, 36.00%, 0, 0, 2, 325.62, 150937, 9
466, 79, 0, 3, 0, 0, 36.00%, 0, 0, 2, 324.89, 152620, 9
471, 80, 0, 3, 0, 0, 36.00%, 0, 0, 2, 324.92, 154287, 9
476, 80, 0, 3, 0, 0, 36.00%, 0, 0, 2, 321.54, 155924, 9
481, 81, 2, 3, 0, 0, 36.00%, 0, 0, 2, 323.31, 157581, 9
486, 82, 2, 3, 0, 0, 36.00%, 0, 0, 2, 330.59, 159243, 9
491, 83, 2, 3, 0, 0, 36.00%, 0, 0, 2, 331.20, 160902, 9
496, 84, 2, 3, 0, 0, 36.00%, 0, 0, 2, 330.07, 162618, 9
502, 85, 0, 3, 0, 0, 36.00%, 0, 0, 2, 326.26, 164307, 9
507, 85, 0, 3, 0, 0, 36.00%, 0, 0, 2, 323.55, 165965, 9
512, 86, 2, 3, 0, 0, 36.00%, 0, 0, 2, 325.91, 167634, 9
517, 87, 0, 3, 0, 0, 36.00%, 0, 0, 2, 326.31, 169326, 9
522, 88, 2, 3, 0, 0, 36.00%, 0, 0, 2, 329.09, 171014, 9
527, 89, 2, 3, 0, 0, 36.00%, 0, 0, 2, 329.37, 172730, 9
532, 90, 2, 3, 0, 0, 36.00%, 0, 0, 2, 329.26, 174389, 9
538, 92, 2, 3, 0, 0, 36.00%, 0, 0, 2, 330.37, 176102, 9
543, 93, 0, 3, 0, 0, 36.00%, 0, 0, 2, 325.74, 177800, 9
548, 93, 0, 3, 0, 0, 36.00%, 0, 0, 2, 322.23, 179449, 9
553, 94, 0, 3, 0, 0, 36.00%, 0, 0, 2, 324.23, 181143, 9
558, 94, 0, 3, 0, 0, 36.00%, 0, 0, 2, 327.20, 182789, 9
563, 95, 2, 3, 0, 0, 36.00%, 0, 0, 2, 327.02, 184474, 9
568, 96, 2, 3, 0, 0, 36.00%, 0, 0, 2, 329.66, 186136, 9
574, 97, 0, 3, 0, 0, 36.00%, 0, 0, 2, 326.04, 187840, 9
579, 98, 2, 3, 0, 0, 36.00%, 0, 0, 2, 329.26, 189552, 9
584, 99, 2, 3, 0, 0, 36.00%, 0, 0, 2, 330.86, 191208, 9
589, 101, 1, 3, 0, 0, 36.00%, 0, 0, 2, 330.05, 192858, 9
594, 101, 2, 3, 0, 0, 36.00%, 0, 0, 2, 324.77, 194534, 9
599, 102, 2, 3, 0, 0, 36.00%, 0, 0, 2, 329.10, 196250, 9
604, 104, 2, 3, 0, 0, 36.00%, 0, 0, 2, 330.57, 197912, 9
609, 105, 2, 3, 0, 0, 36.00%, 0, 0, 2, 329.13, 199607, 9
614, 106, 2, 3, 0, 0, 36.00%, 0, 0, 2, 329.10, 201263, 9
620, 106, 0, 3, 0, 0, 36.00%, 0, 0, 2, 324.89, 202936, 9
625, 107, 0, 3, 0, 0, 36.00%, 0, 0, 2, 324.82, 204615, 9
630, 108, 2, 3, 0, 0, 36.00%, 0, 0, 2, 323.58, 206279, 9
635, 108, 0, 3, 0, 0, 36.00%, 0, 0, 2, 320.48, 207929, 9
640, 109, 2, 3, 0, 0, 36.00%, 0, 0, 2, 327.80, 209635, 9
645, 110, 2, 3, 0, 0, 36.00%, 0, 0, 2, 324.87, 211302, 9
650, 110, 0, 3, 0, 0, 36.00%, 0, 0, 2, 310.09, 212868, 9
656, 112, 2, 3, 0, 0, 36.00%, 0, 0, 2, 324.10, 214562, 9
661, 112, 1, 3, 0, 0, 36.00%, 0, 0, 2, 323.70, 216229, 9
666, 113, 2, 3, 0, 0, 36.00%, 0, 0, 2, 322.06, 217893, 9
671, 113, 0, 3, 0, 0, 36.00%, 0, 0, 2, 321.82, 219555, 9
676, 114, 0, 3, 0, 0, 36.00%, 0, 0, 2, 322.80, 221228, 9
681, 115, 0, 3, 0, 0, 36.00%, 0, 0, 2, 322.94, 222916, 9
687, 115, 0, 3, 0, 0, 36.00%, 0, 0, 2, 321.61, 224574, 9
692, 116, 0, 3, 0, 0, 36.00%, 0, 0, 2, 321.40, 226232, 9
697, 117, 0, 3, 0, 0, 36.00%, 0, 0, 2, 322.98, 227911, 9
702, 117, 0, 3, 0, 0, 36.00%, 0, 0, 2, 322.95, 229575, 9
707, 117, 0, 3, 0, 0, 36.00%, 0, 0, 2, 321.49, 231224, 9
712, 118, 0, 3, 0, 0, 36.00%, 0, 0, 2, 320.28, 232888, 9
717, 119, 0, 3, 0, 0, 36.00%, 0, 0, 2, 325.14, 234537, 9
723, 120, 2, 3, 0, 0, 36.00%, 0, 0, 2, 325.00, 236198, 9
728, 121, 2, 3, 0, 0, 36.00%, 0, 0, 2, 327.32, 237902, 9
733, 122, 0, 3, 0, 0, 36.00%, 0, 0, 2, 325.26, 239600, 9
738, 123, 0, 3, 0, 0, 36.00%, 0, 0, 2, 328.28, 241291, 9
743, 123, 0, 3, 0, 0, 36.00%, 0, 0, 2, 322.02, 242940, 9
748, 124, 2, 3, 0, 0, 36.00%, 0, 0, 2, 326.32, 244628, 9
754, 124, 2, 3, 0, 0, 36.00%, 0, 0, 2, 323.05, 246280, 9
759, 126, 0, 3, 0, 0, 36.00%, 0, 0, 2, 326.95, 247984, 9
764, 126, 2, 3, 0, 0, 36.00%, 0, 0, 2, 324.57, 249654, 9
769, 128, 2, 3, 0, 0, 36.00%, 0, 0, 2, 325.34, 251340, 9
774, 128, 2, 3, 0, 0, 36.00%, 0, 0, 2, 323.10, 252992, 9
779, 130, 2, 3, 0, 0, 36.00%, 0, 0, 2, 326.91, 254684, 9
784, 131, 2, 3, 0, 0, 36.00%, 1, 0, 2, 320.57, 256191, 9
