# relative_time, cycles_done, cur_item, corpus_count, pending_total, pending_favs, map_size, saved_crashes, saved_hangs, max_depth, execs_per_sec, total_execs, edges_found
61, 5, 0, 1, 0, 0, 25.00%, 0, 0, 1, 322.12, 19791, 2
66, 6, 0, 1, 0, 0, 25.00%, 0, 0, 1, 321.98, 21445, 2
71, 6, 0, 1, 0, 0, 25.00%, 0, 0, 1, 321.35, 23094, 2
76, 7, 0, 1, 0, 0, 25.00%, 0, 0, 1, 322.00, 24743, 2
81, 7, 0, 1, 0, 0, 25.00%, 0, 0, 1, 322.33, 26391, 2
87, 8, 0, 1, 0, 0, 25.00%, 0, 0, 1, 322.96, 28040, 2
92, 8, 0, 1, 0, 0, 25.00%, 0, 0, 1, 322.38, 29688, 2
97, 9, 0, 1, 0, 0, 25.00%, 0, 0, 1, 322.23, 31337, 2
102, 9, 0, 1, 0, 0, 25.00%, 0, 0, 1, 323.14, 32998, 2
107, 10, 0, 1, 0, 0, 25.00%, 0, 0, 1, 320.60, 34640, 2
112, 10, 0, 1, 0, 0, 25.00%, 0, 0, 1, 320.99, 36289, 2
117, 11, 0, 1, 0, 0, 25.00%, 0, 0, 1, 323.27, 37949, 2
123, 11, 0, 1, 0, 0, 25.00%, 0, 0, 1, 320.81, 39604, 2
128, 11, 0, 1, 0, 0, 25.00%, 0, 0, 1, 322.06, 41253, 2
133, 12, 0, 1, 0, 0, 25.00%, 0, 0, 1, 322.06, 42895, 2
138, 12, 0, 1, 0, 0, 25.00%, 0, 0, 1, 320.16, 44538, 2
143, 13, 0, 1, 0, 0, 25.00%, 0, 0, 1, 320.89, 46186, 2
148, 13, 0, 1, 0, 0, 25.00%, 0, 0, 1, 321.99, 47835, 2
153, 14, 0, 1, 0, 0, 25.00%, 0, 0, 1, 321.65, 49484, 2
158, 14, 0, 1, 0, 0, 25.00%, 0, 0, 1, 321.91, 51138, 2
164, 15, 0, 1, 0, 0, 25.00%, 0, 0, 1, 322.64, 52799, 2
169, 15, 0, 1, 0, 0, 25.00%, 0, 0, 1, 322.22, 54447, 2
174, 16, 0, 1, 0, 0, 25.00%, 0, 0, 1, 321.67, 56108, 2
179, 16, 0, 1, 0, 0, 25.00%, 0, 0, 1, 322.23, 57757, 2
184, 17, 0, 1, 0, 0, 25.00%, 0, 0, 1, 319.91, 59405, 2
189, 17, 0, 1, 0, 0, 25.00%, 0, 0, 1, 320.73, 61054, 2
194, 18, 0, 1, 0, 0, 25.00%, 0, 0, 1, 320.81, 62702, 2
200, 18, 0, 1, 0, 0, 25.00%, 0, 0, 1, 320.21, 64351, 2
205, 18, 0, 1, 0, 0, 25.00%, 0, 0, 1, 322.59, 66000, 2
210, 19, 0, 1, 0, 0, 25.00%, 0, 0, 1, 321.92, 67648, 2
215, 19, 0, 1, 0, 0, 25.00%, 0, 0, 1, 321.94, 69297, 2
220, 20, 0, 1, 0, 0, 25.00%, 0, 0, 1, 322.43, 70951, 2
225, 20, 0, 1, 0, 0, 25.00%, 0, 0, 1, 321.41, 72594, 2
230, 21, 0, 1, 0, 0, 25.00%, 0, 0, 1, 318.97, 74225, 2
235, 21, 0, 1, 0, 0, 25.00%, 0, 0, 1, 322.23, 75879, 2
241, 22, 0, 1, 0, 0, 25.00%, 0, 0, 1, 322.11, 77528, 2
246, 22, 0, 1, 0, 0, 25.00%, 0, 0, 1, 322.10, 79176, 2
251, 23, 0, 1, 0, 0, 25.00%, 0, 0, 1, 321.05, 80825, 2
256, 23, 0, 1, 0, 0, 25.00%, 0, 0, 1, 321.29, 82474, 2
261, 24, 0, 1, 0, 0, 25.00%, 0, 0, 1, 321.48, 84122, 2
266, 24, 0, 1, 0, 0, 25.00%, 0, 0, 1, 321.85, 85771, 2
271, 25, 0, 1, 0, 0, 25.00%, 0, 0, 1, 321.46, 87425, 2
276, 25, 0, 1, 0, 0, 25.00%, 0, 0, 1, 321.40, 89074, 2
282, 25, 0, 1, 0, 0, 25.00%, 0, 0, 1, 322.47, 90735, 2
287, 26, 0, 1, 0, 0, 25.00%, 0, 0, 1, 322.08, 92383, 2
292, 26, 0, 1, 0, 0, 25.00%, 0, 0, 1, 321.65, 94032, 2
297, 27, 0, 1, 0, 0, 25.00%, 0, 0, 1, 321.14, 95680, 2
302, 27, 0, 1, 0, 0, 25.00%, 0, 0, 1, 321.06, 97329, 2
307, 28, 0, 1, 0, 0, 25.00%, 0, 0, 1, 322.61, 98971, 2
312, 28, 0, 1, 0, 0, 25.00%, 0, 0, 1, 321.67, 100620, 2
317, 29, 0, 1, 0, 0, 25.00%, 0, 0, 1, 321.56, 102269, 2
323, 29, 0, 1, 0, 0, 25.00%, 0, 0, 1, 321.28, 103917, 2
328, 30, 0, 1, 0, 0, 25.00%, 0, 0, 1, 321.98, 105566, 2
333, 30, 0, 1, 0, 0, 25.00%, 0, 0, 1, 321.82, 107214, 2
338, 31, 0, 1, 0, 0, 25.00%, 0, 0, 1, 321.04, 108857, 2
343, 31, 0, 1, 0, 0, 25.00%, 0, 0, 1, 322.24, 110506, 2
348, 32, 0, 1, 0, 0, 25.00%, 0, 0, 1, 319.75, 112142, 2
353, 32, 0, 1, 0, 0, 25.00%, 0, 0, 1, 321.54, 113791, 2
358, 33, 0, 1, 0, 0, 25.00%, 0, 0, 1, 322.65, 115451, 2
364, 33, 0, 1, 0, 0, 25.00%, 0, 0, 1, 319.81, 117100, 2
369, 33, 0, 1, 0, 0, 25.00%, 0, 0, 1, 320.87, 118749, 2
374, 34, 0, 1, 0, 0, 25.00%, 0, 0, 1, 321.75, 120397, 2
379, 34, 0, 1, 0, 0, 25.00%, 0, 0, 1, 322.94, 122052, 2
384, 35, 0, 1, 0, 0, 25.00%, 0, 0, 1, 322.92, 123706, 2
389, 35, 0, 1, 0, 0, 25.00%, 0, 0, 1, 321.89, 125361, 2
394, 36, 0, 1, 0, 0, 25.00%, 0, 0, 1, 322.01, 127004, 2
400, 36, 0, 1, 0, 0, 25.00%, 0, 0, 1, 320.73, 128652, 2
405, 37, 0, 1, 0, 0, 25.00%, 0, 0, 1, 321.49, 130313, 2
410, 37, 0, 1, 0, 0, 25.00%, 0, 0, 1, 318.26, 131913, 2
415, 38, 0, 1, 0, 0, 25.00%, 0, 0, 1, 320.83, 133574, 2
420, 38, 0, 1, 0, 0, 25.00%, 0, 0, 1, 321.87, 135223, 2
425, 39, 0, 1, 0, 0, 25.00%, 0, 0, 1, 321.00, 136859, 2
430, 39, 0, 1, 0, 0, 25.00%, 0, 0, 1, 321.24, 138508, 2
435, 40, 0, 1, 0, 0, 25.00%, 0, 0, 1, 321.67, 140156, 2
441, 40, 0, 1, 0, 0, 25.00%, 0, 0, 1, 319.80, 141805, 2
446, 40, 0, 1, 0, 0, 25.00%, 0, 0, 1, 321.78, 143454, 2
451, 41, 0, 1, 0, 0, 25.00%, 0, 0, 1, 323.11, 145114, 2
456, 41, 0, 1, 0, 0, 25.00%, 0, 0, 1, 320.96, 146763, 2
461, 42, 0, 1, 0, 0, 25.00%, 0, 0, 1, 321.55, 148411, 2
466, 42, 0, 1, 0, 0, 25.00%, 0, 0, 1, 321.41, 150060, 2
471, 43, 0, 1, 0, 0, 25.00%, 0, 0, 1, 321.70, 151709, 2
477, 43, 0, 1, 0, 0, 25.00%, 0, 0, 1, 321.53, 153363, 2
482, 44, 0, 1, 0, 0, 25.00%, 0, 0, 1, 320.54, 155018, 2
487, 44, 0, 1, 0, 0, 25.00%, 0, 0, 1, 322.08, 156666, 2
492, 45, 0, 1, 0, 0, 25.00%, 0, 0, 1, 321.20, 158315, 2
497, 45, 0, 1, 0, 0, 25.00%, 0, 0, 1, 321.90, 159970, 2
502, 46, 0, 1, 0, 0, 25.00%, 0, 0, 1, 322.55, 161618, 2
507, 46, 0, 1, 0, 0, 25.00%, 0, 0, 1, 321.57, 163267, 2
512, 47, 0, 1, 0, 0, 25.00%, 0, 0, 1, 321.75, 164921, 2
518, 47, 0, 1, 0, 0, 25.00%, 0, 0, 1, 322.33, 166582, 2
523, 47, 0, 1, 0, 0, 25.00%, 0, 0, 1, 322.12, 168231, 2
528, 48, 0, 1, 0, 0, 25.00%, 0, 0, 1, 322.20, 169879, 2
533, 48, 0, 1, 0, 0, 25.00%, 0, 0, 1, 319.88, 171522, 2
538, 49, 0, 1, 0, 0, 25.00%, 0, 0, 1, 321.60, 173170, 2
543, 49, 0, 1, 0, 0, 25.00%, 0, 0, 1, 321.08, 174819, 2
548, 50, 0, 1, 0, 0, 25.00%, 0, 0, 1, 321.14, 176468, 2
554, 50, 0, 1, 0, 0, 25.00%, 0, 0, 1, 320.13, 178116, 2
559, 51, 0, 1, 0, 0, 25.00%, 0, 0, 1, 321.80, 179771, 2
564, 51, 0, 1, 0, 0, 25.00%, 0, 0, 1, 321.39, 181419, 2
569, 52, 0, 1, 0, 0, 25.00%, 0, 0, 1, 321.70, 183068, 2
574, 52, 0, 1, 0, 0, 25.00%, 0, 0, 1, 321.86, 184729, 2
579, 53, 0, 1, 0, 0, 25.00%, 0, 0, 1, 320.96, 186383, 2
584, 53, 0, 1, 0, 0, 25.00%, 0, 0, 1, 321.01, 188032, 2
590, 54, 0, 1, 0, 0, 25.00%, 0, 0, 1, 321.98, 189686, 2
595, 54, 0, 1, 0, 0, 25.00%, 0, 0, 1, 321.40, 191335, 2
600, 55, 0, 1, 0, 0, 25.00%, 0, 0, 1, 321.40, 192983, 2
605, 55, 0, 1, 0, 0, 25.00%, 0, 0, 1, 320.68, 194638, 2
610, 55, 0, 1, 0, 0, 25.00%, 0, 0, 1, 320.35, 196287, 2
615, 56, 0, 1, 0, 0, 25.00%, 0, 0, 1, 320.27, 197935, 2
620, 56, 0, 1, 0, 0, 25.00%, 0, 0, 1, 320.05, 199584, 2
621, 56, 0, 1, 0, 0, 25.00%, 1, 0, 1, 310.78, 199630, 2
