# relative_time, cycles_done, cur_item, corpus_count, pending_total, pending_favs, map_size, saved_crashes, saved_hangs, max_depth, execs_per_sec, total_execs, edges_found
61, 6, 2, 3, 0, 0, 36.00%, 0, 0, 2, 321.99, 19856, 9
66, 7, 2, 3, 0, 0, 36.00%, 0, 0, 2, 321.36, 21524, 9
72, 9, 2, 3, 0, 0, 36.00%, 0, 0, 2, 320.60, 23189, 9
77, 9, 0, 3, 0, 0, 36.00%, 0, 0, 2, 321.54, 24844, 9
82, 10, 2, 3, 0, 0, 36.00%, 0, 0, 2, 321.83, 26496, 9
87, 11, 0, 3, 0, 0, 36.00%, 0, 0, 2, 322.01, 28158, 9
92, 11, 0, 3, 0, 0, 36.00%, 0, 0, 2, 322.84, 29810, 9
97, 12, 2, 3, 0, 0, 36.00%, 0, 0, 2, 322.54, 31471, 9
102, 13, 0, 3, 0, 0, 36.00%, 0, 0, 2, 322.04, 33130, 9
108, 13, 0, 3, 0, 0, 36.00%, 0, 0, 2, 321.15, 34775, 9
113, 14, 2, 3, 0, 0, 36.00%, 0, 0, 2, 321.00, 36427, 9
118, 15, 2, 3, 0, 0, 36.00%, 0, 0, 2, 322.30, 38101, 9
123, 15, 0, 3, 0, 0, 36.00%, 0, 0, 2, 318.75, 39735, 9
128, 15, 0, 3, 0, 0, 36.00%, 0, 0, 2, 320.52, 41384, 9
133, 16, 2, 3, 0, 0, 36.00%, 0, 0, 2, 322.10, 43051, 9
139, 17, 0, 3, 0, 0, 36.00%, 0, 0, 2, 321.98, 44716, 9
144, 18, 0, 3, 0, 0, 36.00%, 0, 0, 2, 322.30, 46371, 9
149, 19, 2, 3, 0, 0, 36.00%, 0, 0, 2, 320.11, 48020, 9
154, 19, 2, 3, 0, 0, 36.00%, 0, 0, 2, 321.51, 49675, 9
159, 20, 2, 3, 0, 0, 36.00%, 0, 0, 2, 321.81, 51340, 9
164, 21, 0, 3, 0, 0, 36.00%, 0, 0, 2, 321.43, 52999, 9
169, 22, 2, 3, 0, 0, 36.00%, 0, 0, 2, 321.87, 54654, 9
175, 23, 0, 3, 0, 0, 36.00%, 0, 0, 2, 322.41, 56310, 9
180, 24, 2, 3, 0, 0, 36.00%, 0, 0, 2, 321.91, 57968, 9
185, 25, 2, 3, 0, 0, 36.00%, 0, 0, 2, 321.02, 59636, 9
190, 26, 2, 3, 0, 0, 36.00%, 0, 0, 2, 321.03, 61289, 9
195, 27, 0, 3, 0, 0, 36.00%, 0, 0, 2, 321.68, 62948, 9
200, 28, 2, 3, 0, 0, 36.00%, 0, 0, 2, 321.68, 64603, 9
206, 29, 0, 3, 0, 0, 36.00%, 0, 0, 2, 321.77, 66268, 9
211, 30, 0, 3, 0, 0, 36.00%, 0, 0, 2, 321.79, 67926, 9
216, 30, 2, 3, 0, 0, 36.00%, 0, 0, 2, 321.53, 69578, 9
221, 31, 2, 3, 0, 0, 36.00%, 0, 0, 2, 321.53, 71233, 9
226, 32, 2, 3, 0, 0, 36.00%, 0, 0, 2, 319.38, 72886, 9
231, 33, 0, 3, 0, 0, 36.00%, 0, 0, 2, 320.87, 74542, 9
237, 33, 2, 3, 0, 0, 36.00%, 0, 0, 2, 320.22, 76193, 9
242, 35, 2, 3, 0, 0, 36.00%, 0, 0, 2, 321.09, 77858, 9
247, 36, 2, 3, 0, 0, 36.00%, 0, 0, 2, 320.64, 79520, 9
252, 37, 0, 3, 0, 0, 36.00%, 0, 0, 2, 319.86, 81182, 9
257, 37, 2, 3, 0, 0, 36.00%, 0, 0, 2, 320.44, 82840, 9
262, 39, 2, 3, 0, 0, 36.00%, 0, 0, 2, 321.91, 84508, 9
268, 40, 0, 3, 0, 0, 36.00%, 0, 0, 2, 321.88, 86179, 9
273, 40, 0, 3, 0, 0, 36.00%, 0, 0, 2, 321.21, 87831, 9
278, 40, 0, 3, 0, 0, 36.00%, 0, 0, 2, 321.75, 89483, 9
283, 41, 1, 3, 0, 0, 36.00%, 0, 0, 2, 321.43, 91144, 9
288, 43, 2, 3, 0, 0, 36.00%, 0, 0, 2, 321.53, 92803, 9
293, 44, 0, 3, 0, 0, 36.00%, 0, 0, 2, 321.01, 94465, 9
299, 44, 2, 3, 0, 0, 36.00%, 0, 0, 2, 320.86, 96117, 9
304, 45, 2, 3, 0, 0, 36.00%, 0, 0, 2, 316.44, 97755, 9
309, 47, 2, 3, 0, 0, 36.00%, 0, 0, 2, 319.91, 99363, 9
314, 48, 2, 3, 0, 0, 36.00%, 0, 0, 2, 321.35, 101028, 9
319, 49, 2, 3, 0, 0, 36.00%, 0, 0, 2, 321.63, 102693, 9
324, 50, 0, 3, 0, 0, 36.00%, 0, 0, 2, 321.13, 104352, 9
329, 50, 0, 3, 0, 0, 36.00%, 0, 0, 2, 321.39, 106001, 9
335, 51, 2, 3, 0, 0, 36.00%, 0, 0, 2, 322.48, 107661, 9
340, 52, 0, 3, 0, 0, 36.00%, 0, 0, 2, 321.39, 109323, 9
345, 52, 2, 3, 0, 0, 36.00%, 0, 0, 2, 318.54, 110969, 9
350, 53, 0, 3, 0, 0, 36.00%, 0, 0, 2, 320.72, 112615, 9
355, 54, 2, 3, 0, 0, 36.00%, 0, 0, 2, 320.87, 114267, 9
360, 54, 2, 3, 0, 0, 36.00%, 0, 0, 2, 322.04, 115919, 9
366, 55, 2, 3, 0, 0, 36.00%, 0, 0, 2, 321.85, 117586, 9
371, 56, 2, 3, 0, 0, 36.00%, 0, 0, 2, 320.52, 119248, 9
376, 56, 0, 3, 0, 0, 36.00%, 0, 0, 2, 321.01, 120904, 9
381, 57, 2, 3, 0, 0, 36.00%, 0, 0, 2, 321.19, 122562, 9
386, 59, 0, 3, 0, 0, 36.00%, 0, 0, 2, 320.59, 124224, 9
391, 59, 2, 3, 0, 0, 36.00%, 0, 0, 2, 320.35, 125876, 9
397, 60, 0, 3, 0, 0, 36.00%, 0, 0, 2, 321.65, 127532, 9
402, 61, 2, 3, 0, 0, 36.00%, 0, 0, 2, 322.52, 129196, 9
407, 62, 0, 3, 0, 0, 36.00%, 0, 0, 2, 320.57, 130852, 9
412, 63, 2, 3, 0, 0, 36.00%, 0, 0, 2, 322.01, 132519, 9
417, 64, 2, 3, 0, 0, 36.00%, 1, 0, 2, 314.56, 133976, 9
