# relative_time, cycles_done, cur_item, corpus_count, pending_total, pending_favs, map_size, saved_crashes, saved_hangs, max_depth, execs_per_sec, total_execs, edges_found
61, 5, 0, 1, 0, 0, 25.00%, 0, 0, 1, 325.15, 20163, 2
66, 6, 0, 1, 0, 0, 25.00%, 0, 0, 1, 325.92, 21841, 2
72, 6, 0, 1, 0, 0, 25.00%, 0, 0, 1, 326.92, 23520, 2
77, 7, 0, 1, 0, 0, 25.00%, 0, 0, 1, 327.33, 25204, 2
82, 7, 0, 1, 0, 0, 25.00%, 0, 0, 1, 326.48, 26883, 2
87, 8, 0, 1, 0, 0, 25.00%, 0, 0, 1, 327.04, 28573, 2
92, 8, 0, 1, 0, 0, 25.00%, 0, 0, 1, 326.57, 30228, 2
97, 9, 0, 1, 0, 0, 25.00%, 0, 0, 1, 326.29, 31889, 2
102, 9, 0, 1, 0, 0, 25.00%, 0, 0, 1, 326.78, 33567, 2
107, 10, 0, 1, 0, 0, 25.00%, 0, 0, 1, 325.69, 35246, 2
113, 10, 0, 1, 0, 0, 25.00%, 0, 0, 1, 326.99, 36912, 2
118, 11, 0, 1, 0, 0, 25.00%, 0, 0, 1, 326.09, 38579, 2
123, 11, 0, 1, 0, 0, 25.00%, 0, 0, 1, 325.41, 40239, 2
128, 12, 0, 1, 0, 0, 25.00%, 0, 0, 1, 326.03, 41912, 2
133, 12, 0, 1, 0, 0, 25.00%, 0, 0, 1, 326.40, 43585, 2
138, 13, 0, 1, 0, 0, 25.00%, 0, 0, 1, 326.28, 45257, 2
143, 13, 0, 1, 0, 0, 25.00%, 0, 0, 1, 322.64, 46906, 2
148, 14, 0, 1, 0, 0, 25.00%, 0, 0, 1, 324.90, 48566, 2
153, 14, 0, 1, 0, 0, 25.00%, 0, 0, 1, 326.17, 50227, 2
159, 14, 0, 1, 0, 0, 25.00%, 0, 0, 1, 324.91, 51888, 2
164, 15, 0, 1, 0, 0, 25.00%, 0, 0, 1, 325.56, 53572, 2
169, 15, 0, 1, 0, 0, 25.00%, 0, 0, 1, 326.17, 55251, 2
174, 16, 0, 1, 0, 0, 25.00%, 0, 0, 1, 325.69, 56935, 2
179, 16, 0, 1, 0, 0, 25.00%, 0, 0, 1, 325.60, 58608, 2
184, 17, 0, 1, 0, 0, 25.00%, 0, 0, 1, 318.67, 60250, 2
189, 17, 0, 1, 0, 0, 25.00%, 0, 0, 1, 321.47, 61893, 2
195, 18, 0, 1, 0, 0, 25.00%, 0, 0, 1, 325.20, 63554, 2
200, 18, 0, 1, 0, 0, 25.00%, 0, 0, 1, 326.66, 65226, 2
205, 19, 0, 1, 0, 0, 25.00%, 0, 0, 1, 325.93, 66887, 2
210, 19, 0, 1, 0, 0, 25.00%, 0, 0, 1, 327.00, 68565, 2
215, 20, 0, 1, 0, 0, 25.00%, 0, 0, 1, 325.20, 70220, 2
220, 20, 0, 1, 0, 0, 25.00%, 0, 0, 1, 322.25, 71887, 2
225, 21, 0, 1, 0, 0, 25.00%, 0, 0, 1, 324.36, 73559, 2
230, 21, 0, 1, 0, 0, 25.00%, 0, 0, 1, 325.68, 75244, 2
236, 22, 0, 1, 0, 0, 25.00%, 0, 0, 1, 326.67, 76904, 2
241, 22, 0, 1, 0, 0, 25.00%, 0, 0, 1, 326.04, 78565, 2
246, 23, 0, 1, 0, 0, 25.00%, 0, 0, 1, 324.79, 80237, 2
251, 23, 0, 1, 0, 0, 25.00%, 0, 0, 1, 324.97, 81898, 2
256, 23, 0, 1, 0, 0, 25.00%, 0, 0, 1, 325.00, 83553, 2
261, 24, 0, 1, 0, 0, 25.00%, 0, 0, 1, 326.99, 85237, 2
266, 24, 0, 1, 0, 0, 25.00%, 0, 0, 1, 326.88, 86916, 2
271, 25, 0, 1, 0, 0, 25.00%, 0, 0, 1, 326.59, 88582, 2
276, 25, 0, 1, 0, 0, 25.00%, 0, 0, 1, 326.03, 90243, 2
282, 26, 0, 1, 0, 0, 25.00%, 0, 0, 1, 324.88, 91898, 2
287, 26, 0, 1, 0, 0, 25.00%, 0, 0, 1, 326.60, 93576, 2
292, 27, 0, 1, 0, 0, 25.00%, 0, 0, 1, 325.26, 95243, 2
297, 27, 0, 1, 0, 0, 25.00%, 0, 0, 1, 325.75, 96909, 2
302, 28, 0, 1, 0, 0, 25.00%, 0, 0, 1, 325.69, 98576, 2
307, 28, 0, 1, 0, 0, 25.00%, 0, 0, 1, 320.76, 100242, 2
312, 29, 0, 1, 0, 0, 25.00%, 0, 0, 1, 325.41, 101903, 2
317, 29, 0, 1, 0, 0, 25.00%, 0, 0, 1, 324.02, 103552, 2
323, 30, 0, 1, 0, 0, 25.00%, 0, 0, 1, 322.88, 105224, 2
328, 30, 0, 1, 0, 0, 25.00%, 0, 0, 1, 325.33, 106891, 2
333, 31, 0, 1, 0, 0, 25.00%, 0, 0, 1, 325.11, 108551, 2
338, 31, 0, 1, 0, 0, 25.00%, 0, 0, 1, 324.83, 110224, 2
343, 32, 0, 1, 0, 0, 25.00%, 0, 0, 1, 326.17, 111902, 2
348, 32, 0, 1, 0, 0, 25.00%, 0, 0, 1, 325.44, 113563, 2
353, 32, 0, 1, 0, 0, 25.00%, 0, 0, 1, 324.25, 115230, 2
359, 33, 0, 1, 0, 0, 25.00%, 0, 0, 1, 319.71, 116884, 2
364, 33, 0, 1, 0, 0, 25.00%, 0, 0, 1, 322.61, 118527, 2
369, 34, 0, 1, 0, 0, 25.00%, 0, 0, 1, 325.32, 120205, 2
374, 34, 0, 1, 0, 0, 25.00%, 0, 0, 1, 326.32, 121884, 2
379, 35, 0, 1, 0, 0, 25.00%, 0, 0, 1, 325.90, 123551, 2
384, 35, 0, 1, 0, 0, 25.00%, 0, 0, 1, 324.17, 125217, 2
389, 36, 0, 1, 0, 0, 25.00%, 0, 0, 1, 325.86, 126890, 2
394, 36, 0, 1, 0, 0, 25.00%, 0, 0, 1, 325.72, 128562, 2
400, 37, 0, 1, 0, 0, 25.00%, 0, 0, 1, 326.91, 130229, 2
405, 37, 0, 1, 0, 0, 25.00%, 0, 0, 1, 326.16, 131901, 2
410, 38, 0, 1, 0, 0, 25.00%, 0, 0, 1, 325.55, 133562, 2
415, 38, 0, 1, 0, 0, 25.00%, 0, 0, 1, 326.37, 135241, 2
420, 39, 0, 1, 0, 0, 25.00%, 0, 0, 1, 326.23, 136913, 2
425, 39, 0, 1, 0, 0, 25.00%, 0, 0, 1, 326.36, 138586, 2
430, 40, 0, 1, 0, 0, 25.00%, 0, 0, 1, 325.78, 140252, 2
435, 40, 0, 1, 0, 0, 25.00%, 0, 0, 1, 326.10, 141919, 2
440, 40, 0, 1, 0, 0, 25.00%, 0, 0, 1, 325.06, 143574, 2
446, 41, 0, 1, 0, 0, 25.00%, 0, 0, 1, 324.69, 145228, 2
451, 41, 0, 1, 0, 0, 25.00%, 0, 0, 1, 326.35, 146895, 2
456, 42, 0, 1, 0, 0, 25.00%, 0, 0, 1, 325.10, 148555, 2
461, 42, 0, 1, 0, 0, 25.00%, 0, 0, 1, 325.47, 150222, 2
466, 43, 0, 1, 0, 0, 25.00%, 0, 0, 1, 328.12, 151912, 2
471, 43, 0, 1, 0, 0, 25.00%, 0, 0, 1, 324.65, 153567, 2
476, 44, 0, 1, 0, 0, 25.00%, 0, 0, 1, 322.87, 155210, 2
481, 44, 0, 1, 0, 0, 25.00%, 0, 0, 1, 325.25, 156864, 2
486, 45, 0, 1, 0, 0, 25.00%, 0, 0, 1, 322.16, 158507, 2
492, 45, 0, 1, 0, 0, 25.00%, 0, 0, 1, 326.67, 160179, 2
497, 46, 0, 1, 0, 0, 25.00%, 0, 0, 1, 326.62, 161852, 2
502, 46, 0, 1, 0, 0, 25.00%, 0, 0, 1, 325.24, 163519, 2
507, 47, 0, 1, 0, 0, 25.00%, 0, 0, 1, 326.35, 165179, 2
512, 47, 0, 1, 0, 0, 25.00%, 0, 0, 1, 325.67, 166840, 2
517, 48, 0, 1, 0, 0, 25.00%, 0, 0, 1, 325.88, 168494, 2
522, 48, 0, 1, 0, 0, 25.00%, 0, 0, 1, 325.17, 170143, 2
527, 48, 0, 1, 0, 0, 25.00%, 0, 0, 1, 324.80, 171804, 2
532, 49, 0, 1, 0, 0, 25.00%, 0, 0, 1, 325.75, 173470, 2
538, 49, 0, 1, 0, 0, 25.00%, 0, 0, 1, 326.01, 175143, 2
543, 50, 0, 1, 0, 0, 25.00%, 0, 0, 1, 325.89, 176803, 2
548, 50, 0, 1, 0, 0, 25.00%, 0, 0, 1, 326.36, 178464, 2
553, 51, 0, 1, 0, 0, 25.00%, 0, 0, 1, 325.21, 180130, 2
558, 51, 0, 1, 0, 0, 25.00%, 0, 0, 1, 326.85, 181821, 2
563, 52, 0, 1, 0, 0, 25.00%, 0, 0, 1, 325.92, 183500, 2
568, 52, 0, 1, 0, 0, 25.00%, 0, 0, 1, 325.05, 185154, 2
573, 53, 0, 1, 0, 0, 25.00%, 0, 0, 1, 326.49, 186839, 2
579, 53, 0, 1, 0, 0, 25.00%, 0, 0, 1, 325.30, 188511, 2
584, 54, 0, 1, 0, 0, 25.00%, 0, 0, 1, 325.46, 190178, 2
589, 54, 0, 1, 0, 0, 25.00%, 0, 0, 1, 326.87, 191856, 2
594, 55, 0, 1, 0, 0, 25.00%, 0, 0, 1, 326.33, 193535, 2
599, 55, 0, 1, 0, 0, 25.00%, 0, 0, 1, 325.31, 195190, 2
604, 56, 0, 1, 0, 0, 25.00%, 0, 0, 1, 323.98, 196844, 2
609, 56, 0, 1, 0, 0, 25.00%, 0, 0, 1, 325.20, 198493, 2
614, 57, 0, 1, 0, 0, 25.00%, 0, 0, 1, 324.76, 200147, 2
619, 57, 0, 1, 0, 0, 25.00%, 0, 0, 1, 324.66, 201802, 2
625, 57, 0, 1, 0, 0, 25.00%, 0, 0, 1, 324.13, 203451, 2
630, 58, 0, 1, 0, 0, 25.00%, 0, 0, 1, 325.24, 205099, 2
635, 58, 0, 1, 0, 0, 25.00%, 0, 0, 1, 324.84, 206760, 2
640, 59, 0, 1, 0, 0, 25.00%, 0, 0, 1, 324.28, 208432, 2
645, 59, 0, 1, 0, 0, 25.00%, 0, 0, 1, 325.01, 210087, 2
650, 60, 0, 1, 0, 0, 25.00%, 0, 0, 1, 324.00, 211742, 2
655, 60, 0, 1, 0, 0, 25.00%, 0, 0, 1, 324.76, 213396, 2
660, 61, 0, 1, 0, 0, 25.00%, 0, 0, 1, 322.53, 215051, 2
665, 61, 0, 1, 0, 0, 25.00%, 0, 0, 1, 324.82, 216711, 2
670, 62, 0, 1, 0, 0, 25.00%, 0, 0, 1, 323.45, 218360, 2
676, 62, 0, 1, 0, 0, 25.00%, 0, 0, 1, 323.23, 220020, 2
681, 63, 0, 1, 0, 0, 25.00%, 0, 0, 1, 324.29, 221681, 2
686, 63, 0, 1, 0, 0, 25.00%, 0, 0, 1, 324.33, 223330, 2
691, 64, 0, 1, 0, 0, 25.00%, 0, 0, 1, 326.03, 225002, 2
696, 64, 0, 1, 0, 0, 25.00%, 0, 0, 1, 324.27, 226651, 2
701, 65, 0, 1, 0, 0, 25.00%, 0, 0, 1, 324.68, 228299, 2
706, 65, 0, 1, 0, 0, 25.00%, 0, 0, 1, 324.51, 229948, 2
711, 65, 0, 1, 0, 0, 25.00%, 0, 0, 1, 324.38, 231603, 2
716, 66, 0, 1, 0, 0, 25.00%, 0, 0, 1, 324.51, 233257, 2
721, 66, 0, 1, 0, 0, 25.00%, 0, 0, 1, 325.63, 234912, 2
727, 67, 0, 1, 0, 0, 25.00%, 0, 0, 1, 325.07, 236572, 2
732, 67, 0, 1, 0, 0, 25.00%, 0, 0, 1, 324.25, 238227, 2
737, 68, 0, 1, 0, 0, 25.00%, 0, 0, 1, 324.27, 239888, 2
742, 68, 0, 1, 0, 0, 25.00%, 0, 0, 1, 324.38, 241554, 2
747, 69, 0, 1, 0, 0, 25.00%, 0, 0, 1, 324.15, 243209, 2
752, 69, 0, 1, 0, 0, 25.00%, 0, 0, 1, 324.48, 244869, 2
757, 70, 0, 1, 0, 0, 25.00%, 0, 0, 1, 324.08, 246518, 2
762, 70, 0, 1, 0, 0, 25.00%, 0, 0, 1, 324.95, 248185, 2
768, 71, 0, 1, 0, 0, 25.00%, 0, 0, 1, 323.86, 249833, 2
773, 71, 0, 1, 0, 0, 25.00%, 0, 0, 1, 323.99, 251494, 2
775, 71, 0, 1, 0, 0, 25.00%, 1, 0, 1, 52.98, 252227, 2
