# relative_time, cycles_done, cur_item, corpus_count, pending_total, pending_favs, map_size, saved_crashes, saved_hangs, max_depth, execs_per_sec, total_execs, edges_found
61, 12, 2, 3, 0, 0, 32.26%, 0, 0, 2, 327.12, 19999, 10
66, 13, 2, 3, 0, 0, 32.26%, 0, 0, 2, 330.07, 21715, 10
71, 14, 2, 3, 0, 0, 32.26%, 0, 0, 2, 327.95, 23419, 10
76, 15, 0, 3, 0, 0, 32.26%, 0, 0, 2, 322.18, 25075, 10
82, 16, 2, 3, 0, 0, 32.26%, 0, 0, 2, 324.19, 26748, 10
87, 18, 2, 3, 0, 0, 32.26%, 0, 0, 2, 327.22, 28446, 10
92, 19, 0, 3, 0, 0, 32.26%, 0, 0, 2, 326.66, 30138, 10
97, 19, 2, 3, 0, 0, 32.26%, 0, 0, 2, 323.67, 31796, 10
102, 21, 2, 3, 0, 0, 32.26%, 0, 0, 2, 326.52, 33488, 10
107, 22, 2, 3, 0, 0, 32.26%, 0, 0, 2, 327.91, 35180, 10
113, 23, 2, 3, 0, 0, 32.26%, 0, 0, 2, 327.01, 36863, 10
118, 24, 2, 3, 0, 0, 32.26%, 0, 0, 2, 329.02, 38555, 10
123, 25, 2, 3, 0, 0, 32.26%, 0, 0, 2, 327.11, 40247, 10
128, 26, 2, 3, 0, 0, 32.26%, 0, 0, 2, 325.09, 41918, 10
133, 28, 0, 3, 0, 0, 32.26%, 0, 0, 2, 325.03, 43619, 10
138, 28, 2, 3, 0, 0, 32.26%, 0, 0, 2, 324.26, 45292, 10
143, 29, 0, 3, 0, 0, 32.26%, 0, 0, 2, 323.04, 46918, 10
149, 29, 0, 3, 0, 0, 32.26%, 0, 0, 2, 319.79, 48567, 10
154, 31, 2, 3, 0, 0, 32.26%, 0, 0, 2, 325.10, 50243, 10
159, 32, 2, 3, 0, 0, 32.26%, 0, 0, 2, 326.81, 51941, 10
164, 33, 0, 3, 0, 0, 32.26%, 0, 0, 2, 325.72, 53636, 10
169, 34, 0, 3, 0, 0, 32.26%, 0, 0, 2, 322.78, 55285, 10
174, 34, 2, 3, 0, 0, 32.26%, 0, 0, 2, 324.59, 56951, 10
180, 36, 2, 3, 0, 0, 32.26%, 0, 0, 2, 326.83, 58641, 10
185, 37, 2, 3, 0, 0, 32.26%, 0, 0, 2, 327.24, 60333, 10
190, 38, 0, 3, 0, 0, 32.26%, 0, 0, 2, 323.07, 62004, 10
195, 38, 0, 3, 0, 0, 32.26%, 0, 0, 2, 321.72, 63662, 10
200, 39, 2, 3, 0, 0, 32.26%, 0, 0, 2, 325.17, 65350, 10
205, 40, 0, 3, 0, 0, 32.26%, 0, 0, 2, 325.42, 67027, 10
211, 40, 0, 3, 0, 0, 32.26%, 0, 0, 2, 319.11, 68670, 10
216, 41, 2, 3, 0, 0, 32.26%, 0, 0, 2, 318.99, 70318, 10
221, 41, 0, 3, 0, 0, 32.26%, 0, 0, 2, 319.79, 71980, 10
226, 43, 1, 3, 0, 0, 32.26%, 0, 0, 2, 325.15, 73668, 10
231, 43, 0, 3, 0, 0, 32.26%, 0, 0, 2, 320.04, 75324, 10
237, 44, 0, 3, 0, 0, 32.26%, 0, 0, 2, 321.04, 76985, 10
242, 45, 2, 3, 0, 0, 32.26%, 0, 0, 2, 326.16, 78676, 10
247, 46, 2, 3, 0, 0, 32.26%, 0, 0, 2, 328.26, 80374, 10
252, 47, 0, 3, 0, 0, 32.26%, 0, 0, 2, 322.25, 82036, 10
257, 48, 0, 3, 0, 0, 32.26%, 0, 0, 2, 321.03, 83697, 10
262, 49, 2, 3, 0, 0, 32.26%, 0, 0, 2, 325.56, 85382, 10
268, 49, 2, 3, 0, 0, 32.26%, 0, 0, 2, 322.45, 87037, 10
273, 50, 2, 3, 0, 0, 32.26%, 0, 0, 2, 321.73, 88695, 10
278, 51, 2, 3, 0, 0, 32.26%, 0, 0, 2, 326.45, 90393, 10
283, 52, 2, 3, 0, 0, 32.26%, 0, 0, 2, 328.20, 92097, 10
288, 53, 2, 3, 0, 0, 32.26%, 0, 0, 2, 328.15, 93789, 10
293, 54, 0, 3, 0, 0, 32.26%, 0, 0, 2, 322.75, 95451, 10
299, 55, 2, 3, 0, 0, 32.26%, 0, 0, 2, 321.52, 97120, 10
304, 56, 0, 3, 0, 0, 32.26%, 0, 0, 2, 324.35, 98800, 10
309, 56, 2, 3, 0, 0, 32.26%, 0, 0, 2, 324.62, 100464, 10
314, 58, 2, 3, 0, 0, 32.26%, 0, 0, 2, 323.55, 102147, 10
319, 59, 0, 3, 0, 0, 32.26%, 0, 0, 2, 321.94, 103821, 10
324, 59, 0, 3, 0, 0, 32.26%, 0, 0, 2, 321.92, 105482, 10
330, 60, 0, 3, 0, 0, 32.26%, 0, 0, 2, 317.33, 107134, 10
335, 60, 2, 3, 0, 0, 32.26%, 0, 0, 2, 318.13, 108776, 10
340, 61, 0, 3, 0, 0, 32.26%, 0, 0, 2, 323.30, 110453, 10
345, 62, 2, 3, 0, 0, 32.26%, 0, 0, 2, 321.17, 112108, 10
350, 63, 0, 3, 0, 0, 32.26%, 0, 0, 2, 323.27, 113791, 10
355, 63, 0, 3, 0, 0, 32.26%, 0, 0, 2, 324.80, 115461, 10
361, 64, 2, 3, 0, 0, 32.26%, 0, 0, 2, 322.78, 117113, 10
366, 64, 2, 3, 0, 0, 32.26%, 0, 0, 2, 321.81, 118786, 10
371, 65, 0, 3, 0, 0, 32.26%, 0, 0, 2, 321.15, 120463, 10
376, 66, 2, 3, 0, 0, 32.26%, 0, 0, 2, 324.38, 122130, 10
381, 67, 0, 3, 0, 0, 32.26%, 0, 0, 2, 324.75, 123819, 10
386, 68, 2, 3, 0, 0, 32.26%, 0, 0, 2, 325.40, 125486, 10
392, 69, 0, 3, 0, 0, 32.26%, 0, 0, 2, 319.77, 127133, 10
397, 69, 0, 3, 0, 0, 32.26%, 0, 0, 2, 319.58, 128791, 10
402, 70, 0, 3, 0, 0, 32.26%, 0, 0, 2, 322.29, 130464, 10
407, 71, 2, 3, 0, 0, 32.26%, 0, 0, 2, 325.57, 132128, 10
412, 72, 1, 3, 0, 0, 32.26%, 0, 0, 2, 327.44, 133826, 10
417, 73, 0, 3, 0, 0, 32.26%, 0, 0, 2, 323.25, 135503, 10
423, 73, 0, 3, 0, 0, 32.26%, 0, 0, 2, 321.81, 137176, 10
428, 74, 0, 3, 0, 0, 32.26%, 0, 0, 2, 321.87, 138843, 10
433, 74, 0, 3, 0, 0, 32.26%, 0, 0, 2, 318.94, 140492, 10
438, 75, 1, 3, 0, 0, 32.26%, 0, 0, 2, 318.54, 142149, 10
443, 75, 2, 3, 0, 0, 32.26%, 0, 0, 2, 322.80, 143819, 10
448, 76, 0, 3, 0, 0, 32.26%, 0, 0, 2, 321.56, 145439, 10
453, 77, 0, 3, 0, 0, 32.26%, 0, 0, 2, 320.02, 147082, 10
459, 78, 0, 3, 0, 0, 32.26%, 0, 0, 2, 324.91, 148764, 10
464, 78, 2, 3, 0, 0, 32.26%, 0, 0, 2, 325.19, 150440, 10
469, 79, 0, 3, 0, 0, 32.26%, 0, 0, 2, 323.87, 152123, 10
474, 80, 0, 3, 0, 0, 32.26%, 0, 0, 2, 321.15, 153781, 10
479, 80, 0, 3, 0, 0, 32.26%, 0, 0, 2, 319.86, 155445, 10
484, 81, 0, 3, 0, 0, 32.26%, 0, 0, 2, 322.33, 157109, 10
490, 82, 1, 3, 0, 0, 32.26%, 0, 0, 2, 325.03, 158779, 10
495, 83, 0, 3, 0, 0, 32.26%, 0, 0, 2, 323.67, 160444, 10
500, 84, 2, 3, 0, 0, 32.26%, 0, 0, 2, 325.34, 162120, 10
505, 85, 2, 3, 0, 0, 32.26%, 0, 0, 2, 327.17, 163764, 10
510, 86, 2, 3, 0, 0, 32.26%, 0, 0, 2, 326.39, 165465, 10
515, 87, 0, 3, 0, 0, 32.26%, 0, 0, 2, 321.55, 167124, 10
521, 88, 2, 3, 0, 0, 32.26%, 0, 0, 2, 326.61, 168824, 10
526, 89, 2, 3, 0, 0, 32.26%, 0, 0, 2, 327.45, 170525, 10
531, 90, 0, 3, 0, 0, 32.26%, 0, 0, 2, 325.10, 172211, 10
536, 91, 2, 3, 0, 0, 32.26%, 0, 0, 2, 324.32, 173884, 10
541, 92, 2, 3, 0, 0, 32.26%, 0, 0, 2, 326.93, 175573, 10
546, 93, 2, 3, 0, 0, 32.26%, 0, 0, 2, 327.28, 177265, 10
552, 95, 2, 3, 0, 0, 32.26%, 0, 0, 2, 328.00, 178963, 10
557, 96, 0, 3, 0, 0, 32.26%, 0, 0, 2, 325.22, 180640, 10
562, 96, 2, 3, 0, 0, 32.26%, 0, 0, 2, 323.55, 182301, 10
567, 98, 0, 3, 0, 0, 32.26%, 0, 0, 2, 327.29, 183993, 10
572, 98, 2, 3, 0, 0, 32.26%, 0, 0, 2, 323.76, 185657, 10
577, 99, 2, 3, 0, 0, 32.26%, 0, 0, 2, 323.06, 187318, 10
583, 99, 0, 3, 0, 0, 32.26%, 0, 0, 2, 320.36, 188976, 10
588, 99, 0, 3, 0, 0, 32.26%, 0, 0, 2, 320.83, 190628, 10
593, 100, 2, 3, 0, 0, 32.26%, 0, 0, 2, 325.07, 192322, 10
598, 101, 2, 3, 0, 0, 32.26%, 0, 0, 2, 326.70, 193999, 10
603, 102, 0, 3, 0, 0, 32.26%, 0, 0, 2, 321.45, 195664, 10
608, 103, 2, 3, 0, 0, 32.26%, 0, 0, 2, 324.41, 197346, 10
614, 104, 2, 3, 0, 0, 32.26%, 0, 0, 2, 323.66, 199017, 10
619, 106, 2, 3, 0, 0, 32.26%, 0, 0, 2, 325.50, 200697, 10
624, 106, 0, 3, 0, 0, 32.26%, 0, 0, 2, 320.24, 202368, 10
629, 107, 2, 3, 0, 0, 32.26%, 0, 0, 2, 320.10, 204022, 10
634, 107, 2, 3, 0, 0, 32.26%, 0, 0, 2, 320.39, 205677, 10
639, 108, 0, 3, 0, 0, 32.26%, 0, 0, 2, 321.22, 207333, 10
645, 109, 0, 3, 0, 0, 32.26%, 0, 0, 2, 318.32, 208976, 10
650, 110, 0, 3, 0, 0, 32.26%, 0, 0, 2, 321.40, 210643, 10
655, 110, 2, 3, 0, 0, 32.26%, 0, 0, 2, 319.29, 212292, 10
660, 112, 0, 3, 0, 0, 32.26%, 0, 0, 2, 324.08, 213963, 10
665, 112, 2, 3, 0, 0, 32.26%, 0, 0, 2, 322.89, 215627, 10
670, 114, 2, 3, 0, 0, 32.26%, 0, 0, 2, 322.92, 217247, 10
675, 114, 2, 3, 0, 0, 32.26%, 0, 0, 2, 320.48, 218899, 10
681, 115, 2, 3, 0, 0, 32.26%, 0, 0, 2, 320.92, 220560, 10
686, 115, 2, 3, 0, 0, 32.26%, 0, 0, 2, 319.66, 222212, 10
691, 116, 0, 3, 0, 0, 32.26%, 0, 0, 2, 320.38, 223874, 10
696, 117, 0, 3, 0, 0, 32.26%, 0, 0, 2, 322.19, 225538, 10
701, 118, 2, 3, 0, 0, 32.26%, 0, 0, 2, 319.08, 227187, 10
706, 119, 2, 3, 0, 0, 32.26%, 0, 0, 2, 325.28, 228867, 10
712, 120, 2, 3, 0, 0, 32.26%, 0, 0, 2, 326.31, 230550, 10
717, 121, 2, 3, 0, 0, 32.26%, 0, 0, 2, 324.61, 232227, 10
722, 122, 2, 3, 0, 0, 32.26%, 0, 0, 2, 325.72, 233907, 10
727, 123, 0, 3, 0, 0, 32.26%, 0, 0, 2, 321.42, 235566, 10
732, 123, 0, 3, 0, 0, 32.26%, 0, 0, 2, 317.31, 237214, 10
738, 124, 0, 3, 0, 0, 32.26%, 0, 0, 2, 321.31, 238875, 10
743, 125, 2, 3, 0, 0, 32.26%, 0, 0, 2, 322.03, 240521, 10
748, 125, 2, 3, 0, 0, 32.26%, 0, 0, 2, 318.91, 242176, 10
753, 126, 0, 3, 0, 0, 32.26%, 0, 0, 2, 320.51, 243838, 10
758, 127, 2, 3, 0, 0, 32.26%, 0, 0, 2, 324.51, 245508, 10
763, 128, 0, 3, 0, 0, 32.26%, 0, 0, 2, 321.31, 247185, 10
768, 129, 2, 3, 0, 0, 32.26%, 0, 0, 2, 323.21, 248840, 10
774, 130, 2, 3, 0, 0, 32.26%, 0, 0, 2, 324.72, 250520, 10
779, 131, 2, 3, 0, 0, 32.26%, 0, 0, 2, 327.00, 252197, 10
784, 132, 2, 3, 0, 0, 32.26%, 0, 0, 2, 322.39, 253858, 10
789, 132, 0, 3, 0, 0, 32.26%, 0, 0, 2, 320.72, 255523, 10
794, 134, 2, 3, 0, 0, 32.26%, 0, 0, 2, 324.65, 257217, 10
799, 135, 2, 3, 0, 0, 32.26%, 0, 0, 2, 326.02, 258888, 10
805, 135, 2, 3, 0, 0, 32.26%, 0, 0, 2, 321.44, 260543, 10
810, 136, 2, 3, 0, 0, 32.26%, 0, 0, 2, 325.64, 262223, 10
815, 137, 0, 3, 0, 0, 32.26%, 0, 0, 2, 322.22, 263882, 10
820, 138, 0, 3, 0, 0, 32.26%, 0, 0, 2, 320.63, 265543, 10
825, 139, 2, 3, 0, 0, 32.26%, 0, 0, 2, 325.36, 267216, 10
830, 139, 0, 3, 0, 0, 32.26%, 0, 0, 2, 323.15, 268887, 10
836, 140, 2, 3, 0, 0, 32.26%, 0, 0, 2, 319.86, 270535, 10
841, 141, 0, 3, 0, 0, 32.26%, 0, 0, 2, 318.47, 272185, 10
846, 142, 2, 3, 0, 0, 32.26%, 0, 0, 2, 324.13, 273846, 10
851, 143, 2, 3, 0, 0, 32.26%, 0, 0, 2, 329.67, 275556, 10
856, 144, 0, 3, 0, 0, 32.26%, 0, 0, 2, 335.04, 277248, 10
861, 144, 0, 3, 0, 0, 32.26%, 0, 0, 2, 332.41, 278966, 10
866, 145, 2, 3, 0, 0, 32.26%, 0, 0, 2, 334.66, 280696, 10
872, 146, 2, 3, 0, 0, 32.26%, 0, 0, 2, 335.77, 282403, 10
877, 147, 2, 3, 0, 0, 32.26%, 0, 0, 2, 329.94, 284052, 10
882, 148, 0, 3, 0, 0, 32.26%, 0, 0, 2, 323.07, 285732, 10
887, 149, 2, 3, 0, 0, 32.26%, 0, 0, 2, 323.60, 287396, 10
892, 150, 2, 3, 0, 0, 32.26%, 0, 0, 2, 324.74, 289061, 10
897, 151, 0, 3, 0, 0, 32.26%, 0, 0, 2, 324.92, 290741, 10
902, 152, 0, 3, 0, 0, 32.26%, 0, 0, 2, 322.35, 292396, 10
908, 152, 2, 3, 0, 0, 32.26%, 0, 0, 2, 322.51, 294054, 10
913, 153, 0, 3, 0, 0, 32.26%, 0, 0, 2, 318.99, 295706, 10
918, 153, 0, 3, 0, 0, 32.26%, 0, 0, 2, 312.21, 297301, 10
923, 154, 2, 3, 0, 0, 32.26%, 0, 0, 2, 322.93, 298986, 10
928, 155, 2, 3, 0, 0, 32.26%, 0, 0, 2, 325.12, 300672, 10
929, 155, 2, 3, 0, 0, 32.26%, 1, 0, 2, 316.26, 300853, 10
