# relative_time, cycles_done, cur_item, corpus_count, pending_total, pending_favs, map_size, saved_crashes, saved_hangs, max_depth, execs_per_sec, total_execs, edges_found
61, 8, 0, 3, 0, 0, 32.26%, 0, 0, 2, 322.39, 20096, 10
66, 9, 2, 3, 0, 0, 32.26%, 0, 0, 2, 327.08, 21790, 10
72, 9, 2, 3, 0, 0, 32.26%, 0, 0, 2, 323.58, 23469, 10
77, 10, 2, 3, 0, 0, 32.26%, 0, 0, 2, 330.14, 25137, 10
82, 11, 0, 3, 0, 0, 32.26%, 0, 0, 2, 325.40, 26823, 10
87, 11, 0, 3, 0, 0, 32.26%, 0, 0, 2, 321.91, 28472, 10
92, 13, 1, 3, 0, 0, 32.26%, 0, 0, 2, 328.29, 30129, 10
97, 14, 2, 3, 0, 0, 32.26%, 0, 0, 2, 328.53, 31825, 10
102, 15, 0, 3, 0, 0, 32.26%, 0, 0, 2, 325.56, 33499, 10
107, 16, 2, 3, 0, 0, 32.26%, 0, 0, 2, 327.50, 35196, 10
113, 16, 2, 3, 0, 0, 32.26%, 0, 0, 2, 323.83, 36842, 10
118, 17, 0, 3, 0, 0, 32.26%, 0, 0, 2, 323.87, 38509, 10
123, 17, 2, 3, 0, 0, 32.26%, 0, 0, 2, 325.24, 40182, 10
128, 18, 2, 3, 0, 0, 32.26%, 0, 0, 2, 326.77, 41874, 10
133, 19, 0, 3, 0, 0, 32.26%, 0, 0, 2, 323.61, 43551, 10
138, 20, 2, 3, 0, 0, 32.26%, 0, 0, 2, 327.87, 45248, 10
144, 21, 2, 3, 0, 0, 32.26%, 1, 0, 2, 313.91, 46897, 10
