# relative_time, cycles_done, cur_item, corpus_count, pending_total, pending_favs, map_size, saved_crashes, saved_hangs, max_depth, execs_per_sec, total_execs, edges_found
61, 5, 0, 1, 0, 0, 25.00%, 0, 0, 1, 326.16, 20085, 2
66, 6, 0, 1, 0, 0, 25.00%, 0, 0, 1, 326.63, 21757, 2
71, 6, 0, 1, 0, 0, 25.00%, 0, 0, 1, 326.44, 23442, 2
76, 7, 0, 1, 0, 0, 25.00%, 0, 0, 1, 326.32, 25120, 2
82, 7, 0, 1, 0, 0, 25.00%, 0, 0, 1, 325.97, 26781, 2
87, 8, 0, 1, 0, 0, 25.00%, 0, 0, 1, 325.83, 28454, 2
92, 8, 0, 1, 0, 0, 25.00%, 0, 0, 1, 326.24, 30144, 2
97, 9, 0, 1, 0, 0, 25.00%, 0, 0, 1, 325.06, 31805, 2
102, 9, 0, 1, 0, 0, 25.00%, 0, 0, 1, 324.89, 33465, 2
107, 10, 0, 1, 0, 0, 25.00%, 0, 0, 1, 325.01, 35132, 2
112, 10, 0, 1, 0, 0, 25.00%, 0, 0, 1, 326.09, 36810, 2
117, 11, 0, 1, 0, 0, 25.00%, 0, 0, 1, 325.97, 38471, 2
123, 11, 0, 1, 0, 0, 25.00%, 0, 0, 1, 325.44, 40138, 2
128, 12, 0, 1, 0, 0, 25.00%, 0, 0, 1, 326.82, 41804, 2
133, 12, 0, 1, 0, 0, 25.00%, 0, 0, 1, 326.47, 43465, 2
138, 13, 0, 1, 0, 0, 25.00%, 0, 0, 1, 325.95, 45137, 2
143, 13, 0, 1, 0, 0, 25.00%, 0, 0, 1, 326.51, 46804, 2
148, 14, 0, 1, 0, 0, 25.00%, 0, 0, 1, 326.22, 48470, 2
153, 14, 0, 1, 0, 0, 25.00%, 0, 0, 1, 324.51, 50137, 2
158, 14, 0, 1, 0, 0, 25.00%, 0, 0, 1, 326.42, 51798, 2
164, 15, 0, 1, 0, 0, 25.00%, 0, 0, 1, 325.89, 53470, 2
169, 15, 0, 1, 0, 0, 25.00%, 0, 0, 1, 325.57, 55131, 2
174, 16, 0, 1, 0, 0, 25.00%, 0, 0, 1, 324.92, 56791, 2
179, 16, 0, 1, 0, 0, 25.00%, 0, 0, 1, 325.33, 58446, 2
184, 17, 0, 1, 0, 0, 25.00%, 0, 0, 1, 324.24, 60101, 2
189, 17, 0, 1, 0, 0, 25.00%, 0, 0, 1, 326.27, 61767, 2
194, 18, 0, 1, 0, 0, 25.00%, 0, 0, 1, 326.55, 63428, 2
199, 18, 0, 1, 0, 0, 25.00%, 0, 0, 1, 314.55, 65040, 2
204, 19, 0, 1, 0, 0, 25.00%, 0, 0, 1, 323.04, 66713, 2
209, 19, 0, 1, 0, 0, 25.00%, 0, 0, 1, 324.74, 68368, 2
215, 20, 0, 1, 0, 0, 25.00%, 0, 0, 1, 324.39, 70040, 2
220, 20, 0, 1, 0, 0, 25.00%, 0, 0, 1, 325.49, 71701, 2
225, 21, 0, 1, 0, 0, 25.00%, 0, 0, 1, 325.52, 73355, 2
230, 21, 0, 1, 0, 0, 25.00%, 0, 0, 1, 324.41, 75016, 2
235, 22, 0, 1, 0, 0, 25.00%, 0, 0, 1, 325.68, 76670, 2
240, 22, 0, 1, 0, 0, 25.00%, 0, 0, 1, 325.89, 78325, 2
245, 22, 0, 1, 0, 0, 25.00%, 0, 0, 1, 325.31, 79992, 2
250, 23, 0, 1, 0, 0, 25.00%, 0, 0, 1, 325.73, 81658, 2
255, 23, 0, 1, 0, 0, 25.00%, 0, 0, 1, 325.55, 83319, 2
261, 24, 0, 1, 0, 0, 25.00%, 0, 0, 1, 323.96, 84979, 2
266, 24, 0, 1, 0, 0, 25.00%, 0, 0, 1, 323.95, 86634, 2
271, 25, 0, 1, 0, 0, 25.00%, 0, 0, 1, 326.18, 88301, 2
276, 25, 0, 1, 0, 0, 25.00%, 0, 0, 1, 324.72, 89961, 2
281, 26, 0, 1, 0, 0, 25.00%, 0, 0, 1, 324.30, 91628, 2
286, 26, 0, 1, 0, 0, 25.00%, 0, 0, 1, 326.63, 93306, 2
291, 27, 0, 1, 0, 0, 25.00%, 0, 0, 1, 324.75, 94955, 2
296, 27, 0, 1, 0, 0, 25.00%, 0, 0, 1, 325.69, 96633, 2
302, 28, 0, 1, 0, 0, 25.00%, 0, 0, 1, 326.85, 98312, 2
307, 28, 0, 1, 0, 0, 25.00%, 0, 0, 1, 325.54, 99967, 2
312, 29, 0, 1, 0, 0, 25.00%, 0, 0, 1, 324.55, 101633, 2
317, 29, 0, 1, 0, 0, 25.00%, 0, 0, 1, 325.75, 103294, 2
322, 30, 0, 1, 0, 0, 25.00%, 0, 0, 1, 325.14, 104948, 2
327, 30, 0, 1, 0, 0, 25.00%, 0, 0, 1, 325.18, 106603, 2
332, 30, 0, 1, 0, 0, 25.00%, 0, 0, 1, 325.73, 108258, 2
337, 31, 0, 1, 0, 0, 25.00%, 0, 0, 1, 324.49, 109924, 2
342, 31, 0, 1, 0, 0, 25.00%, 0, 0, 1, 324.83, 111585, 2
348, 32, 0, 1, 0, 0, 25.00%, 0, 0, 1, 325.18, 113263, 2
353, 32, 0, 1, 0, 0, 25.00%, 0, 0, 1, 325.48, 114930, 2
358, 33, 0, 1, 0, 0, 25.00%, 0, 0, 1, 325.29, 116585, 2
363, 33, 0, 1, 0, 0, 25.00%, 0, 0, 1, 324.50, 118239, 2
368, 34, 0, 1, 0, 0, 25.00%, 0, 0, 1, 326.29, 119900, 2
373, 34, 0, 1, 0, 0, 25.00%, 0, 0, 1, 325.69, 121554, 2
374, 34, 0, 1, 0, 0, 25.00%, 1, 0, 1, 316.47, 121671, 2
