# relative_time, cycles_done, cur_item, corpus_count, pending_total, pending_favs, map_size, saved_crashes, saved_hangs, max_depth, execs_per_sec, total_execs, edges_found
61, 8, 2, 3, 0, 0, 36.00%, 0, 0, 2, 322.13, 20078, 9
66, 8, 2, 3, 0, 0, 36.00%, 0, 0, 2, 323.89, 21736, 9
71, 9, 0, 3, 0, 0, 36.00%, 0, 0, 2, 323.81, 23415, 9
77, 10, 1, 3, 0, 0, 36.00%, 0, 0, 2, 326.45, 25100, 9
82, 11, 2, 3, 0, 0, 36.00%, 0, 0, 2, 329.81, 26753, 9
87, 11, 0, 3, 0, 0, 36.00%, 0, 0, 2, 325.06, 28418, 9
92, 12, 0, 3, 0, 0, 36.00%, 0, 0, 2, 323.29, 30091, 9
97, 14, 0, 3, 0, 0, 36.00%, 0, 0, 2, 325.56, 31767, 9
102, 14, 2, 3, 0, 0, 36.00%, 0, 0, 2, 326.49, 33449, 9
107, 15, 2, 3, 0, 0, 36.00%, 0, 0, 2, 324.93, 35122, 9
113, 16, 0, 3, 0, 0, 36.00%, 0, 0, 2, 323.79, 36799, 9
118, 16, 0, 3, 0, 0, 36.00%, 0, 0, 2, 322.11, 38469, 9
123, 17, 2, 3, 0, 0, 36.00%, 0, 0, 2, 326.82, 40142, 9
128, 18, 2, 3, 0, 0, 36.00%, 0, 0, 2, 324.76, 41815, 9
133, 19, 2, 3, 0, 0, 36.00%, 0, 0, 2, 328.21, 43525, 9
138, 20, 2, 3, 0, 0, 36.00%, 0, 0, 2, 324.56, 45189, 9
143, 20, 0, 3, 0, 0, 36.00%, 0, 0, 2, 323.24, 46866, 9
149, 21, 2, 3, 0, 0, 36.00%, 0, 0, 2, 322.89, 48526, 9
154, 21, 2, 3, 0, 0, 36.00%, 0, 0, 2, 325.60, 50205, 9
159, 22, 0, 3, 0, 0, 36.00%, 0, 0, 2, 323.02, 51870, 9
164, 23, 2, 3, 0, 0, 36.00%, 0, 0, 2, 326.84, 53555, 9
169, 24, 2, 3, 0, 0, 36.00%, 0, 0, 2, 328.21, 55196, 9
174, 26, 2, 3, 0, 0, 36.00%, 0, 0, 2, 328.67, 56900, 9
179, 27, 2, 3, 0, 0, 36.00%, 0, 0, 2, 329.24, 58598, 9
185, 27, 0, 3, 0, 0, 36.00%, 0, 0, 2, 323.51, 60272, 9
187, 28, 2, 3, 0, 0, 36.00%, 1, 0, 2, 0.00, 60868, 9
