# relative_time, cycles_done, cur_item, corpus_count, pending_total, pending_favs, map_size, saved_crashes, saved_hangs, max_depth, execs_per_sec, total_execs, edges_found
61, 9, 0, 3, 0, 0, 32.26%, 0, 0, 2, 324.17, 19891, 10
66, 10, 2, 3, 0, 0, 32.26%, 0, 0, 2, 325.60, 21579, 10
71, 11, 2, 3, 0, 0, 32.26%, 0, 0, 2, 328.87, 23286, 10
76, 12, 0, 3, 0, 0, 32.26%, 0, 0, 2, 323.14, 24957, 10
82, 12, 2, 3, 0, 0, 32.26%, 0, 0, 2, 330.14, 26674, 10
87, 14, 2, 3, 0, 0, 32.26%, 0, 0, 2, 338.92, 28384, 10
92, 15, 2, 3, 0, 0, 32.26%, 0, 0, 2, 339.55, 30085, 10
97, 16, 0, 3, 0, 0, 32.26%, 0, 0, 2, 339.94, 31789, 10
102, 17, 0, 3, 0, 0, 32.26%, 0, 0, 2, 328.84, 33474, 10
107, 17, 2, 3, 0, 0, 32.26%, 0, 0, 2, 325.42, 35150, 10
112, 18, 2, 3, 0, 0, 32.26%, 0, 0, 2, 328.93, 36800, 10
117, 19, 2, 3, 0, 0, 32.26%, 0, 0, 2, 324.26, 38464, 10
122, 20, 0, 3, 0, 0, 32.26%, 0, 0, 2, 325.94, 40159, 10
127, 21, 0, 3, 0, 0, 32.26%, 0, 0, 2, 327.75, 41841, 10
133, 21, 2, 3, 0, 0, 32.26%, 0, 0, 2, 325.50, 43517, 10
138, 22, 2, 3, 0, 0, 32.26%, 0, 0, 2, 329.14, 45227, 10
138, 22, 2, 3, 0, 0, 32.26%, 1, 0, 2, 0.00, 45293, 10
