# relative_time, cycles_done, cur_item, corpus_count, pending_total, pending_favs, map_size, saved_crashes, saved_hangs, max_depth, execs_per_sec, total_execs, edges_found
61, 11, 1, 2, 0, 0, 30.43%, 0, 0, 2, 325.52, 20010, 7
66, 12, 0, 2, 0, 0, 30.43%, 0, 0, 2, 324.46, 21687, 7
71, 13, 1, 2, 0, 0, 30.43%, 0, 0, 2, 330.22, 23357, 7
76, 14, 0, 2, 0, 0, 30.43%, 0, 0, 2, 327.17, 25067, 7
81, 15, 1, 2, 0, 0, 30.43%, 0, 0, 2, 324.02, 26743, 7
86, 17, 1, 2, 0, 0, 30.43%, 0, 0, 2, 324.49, 28339, 7
91, 18, 0, 2, 0, 0, 30.43%, 0, 0, 2, 324.55, 30028, 7
97, 18, 0, 2, 0, 0, 30.43%, 0, 0, 2, 323.45, 31704, 7
102, 19, 0, 2, 0, 0, 30.43%, 0, 0, 2, 326.15, 33347, 7
107, 20, 1, 2, 0, 0, 30.43%, 0, 0, 2, 328.99, 35053, 7
112, 21, 1, 2, 0, 0, 30.43%, 0, 0, 2, 322.26, 36657, 7
117, 22, 0, 2, 0, 0, 30.43%, 0, 0, 2, 322.23, 38280, 7
122, 22, 1, 2, 0, 0, 30.43%, 0, 0, 2, 321.50, 39934, 7
127, 23, 0, 2, 0, 0, 30.43%, 0, 0, 2, 324.74, 41629, 7
132, 24, 1, 2, 0, 0, 30.43%, 0, 0, 2, 327.74, 43323, 7
138, 25, 1, 2, 0, 0, 30.43%, 0, 0, 2, 325.68, 45002, 7
143, 27, 1, 2, 0, 0, 30.43%, 0, 0, 2, 329.70, 46718, 7
148, 27, 0, 2, 0, 0, 30.43%, 0, 0, 2, 325.83, 48392, 7
153, 28, 0, 2, 0, 0, 30.43%, 0, 0, 2, 321.99, 50065, 7
158, 29, 1, 2, 0, 0, 30.43%, 0, 0, 2, 320.91, 51722, 7
163, 30, 1, 2, 0, 0, 30.43%, 0, 0, 2, 329.29, 53381, 7
168, 31, 1, 2, 0, 0, 30.43%, 0, 0, 2, 329.03, 55085, 7
174, 32, 1, 2, 0, 0, 30.43%, 0, 0, 2, 326.47, 56764, 7
179, 34, 1, 2, 0, 0, 30.43%, 0, 0, 2, 329.49, 58426, 7
184, 34, 0, 2, 0, 0, 30.43%, 0, 0, 2, 326.05, 60061, 7
189, 36, 1, 2, 0, 0, 30.43%, 0, 0, 2, 329.31, 61764, 7
194, 37, 1, 2, 0, 0, 30.43%, 0, 0, 2, 331.61, 63420, 7
199, 38, 1, 2, 0, 0, 30.43%, 0, 0, 2, 325.71, 65105, 7
200, 38, 1, 2, 0, 0, 30.43%, 1, 0, 2, 314.45, 65405, 7
