# relative_time, cycles_done, cur_item, corpus_count, pending_total, pending_favs, map_size, saved_crashes, saved_hangs, max_depth, execs_per_sec, total_execs, edges_found
61, 8, 2, 3, 0, 0, 36.00%, 0, 0, 2, 322.98, 20038, 9
66, 9, 2, 3, 0, 0, 36.00%, 0, 0, 2, 319.96, 21681, 9
72, 9, 2, 3, 0, 0, 36.00%, 0, 0, 2, 313.45, 23324, 9
77, 10, 2, 3, 0, 0, 36.00%, 0, 0, 2, 323.61, 25001, 9
82, 11, 2, 3, 0, 0, 36.00%, 0, 0, 2, 322.29, 26674, 9
87, 12, 0, 3, 0, 0, 36.00%, 0, 0, 2, 320.19, 28345, 9
92, 13, 2, 3, 0, 0, 36.00%, 0, 0, 2, 325.79, 30036, 9
98, 14, 2, 3, 0, 0, 36.00%, 0, 0, 2, 326.98, 31731, 9
103, 15, 2, 3, 0, 0, 36.00%, 0, 0, 2, 323.55, 33398, 9
108, 15, 0, 3, 0, 0, 36.00%, 0, 0, 2, 322.17, 35063, 9
113, 16, 2, 3, 0, 0, 36.00%, 0, 0, 2, 327.15, 36700, 9
118, 18, 2, 3, 0, 0, 36.00%, 0, 0, 2, 325.68, 38395, 9
123, 19, 2, 3, 0, 0, 36.00%, 0, 0, 2, 327.99, 40093, 9
128, 20, 0, 3, 0, 0, 36.00%, 0, 0, 2, 324.47, 41785, 9
134, 21, 2, 3, 0, 0, 36.00%, 0, 0, 2, 326.12, 43461, 9
139, 22, 0, 3, 0, 0, 36.00%, 0, 0, 2, 322.00, 45120, 9
144, 23, 2, 3, 0, 0, 36.00%, 0, 0, 2, 325.64, 46799, 9
149, 23, 2, 3, 0, 0, 36.00%, 0, 0, 2, 322.31, 48460, 9
154, 24, 0, 3, 0, 0, 36.00%, 0, 0, 2, 320.85, 50127, 9
159, 24, 2, 3, 0, 0, 36.00%, 0, 0, 2, 323.33, 51785, 9
164, 25, 0, 3, 0, 0, 36.00%, 0, 0, 2, 326.88, 53429, 9
170, 26, 2, 3, 0, 0, 36.00%, 0, 0, 2, 325.91, 55114, 9
175, 27, 2, 3, 0, 0, 36.00%, 0, 0, 2, 328.50, 56821, 9
180, 28, 0, 3, 0, 0, 36.00%, 0, 0, 2, 321.89, 58476, 9
185, 28, 2, 3, 0, 0, 36.00%, 0, 0, 2, 324.11, 60143, 9
190, 30, 0, 3, 0, 0, 36.00%, 0, 0, 2, 324.50, 61820, 9
195, 30, 0, 3, 0, 0, 36.00%, 0, 0, 2, 321.72, 63478, 9
201, 31, 2, 3, 0, 0, 36.00%, 0, 0, 2, 326.41, 65175, 9
206, 32, 2, 3, 0, 0, 36.00%, 0, 0, 2, 327.51, 66867, 9
211, 33, 2, 3, 0, 0, 36.00%, 0, 0, 2, 327.76, 68550, 9
216, 34, 0, 3, 0, 0, 36.00%, 0, 0, 2, 321.85, 70223, 9
221, 34, 2, 3, 0, 0, 36.00%, 0, 0, 2, 324.35, 71896, 9
226, 35, 0, 3, 0, 0, 36.00%, 0, 0, 2, 319.82, 73549, 9
232, 36, 0, 3, 0, 0, 36.00%, 0, 0, 2, 324.68, 75228, 9
237, 37, 0, 3, 0, 0, 36.00%, 0, 0, 2, 322.50, 76892, 9
242, 37, 2, 3, 0, 0, 36.00%, 0, 0, 2, 325.05, 78565, 9
247, 38, 0, 3, 0, 0, 36.00%, 0, 0, 2, 323.26, 80220, 9
252, 38, 2, 3, 0, 0, 36.00%, 0, 0, 2, 325.54, 81896, 9
257, 39, 2, 3, 0, 0, 36.00%, 0, 0, 2, 328.33, 83606, 9
263, 40, 2, 3, 0, 0, 36.00%, 0, 0, 2, 321.06, 85267, 9
268, 41, 0, 3, 0, 0, 36.00%, 0, 0, 2, 325.54, 86965, 9
273, 42, 2, 3, 0, 0, 36.00%, 0, 0, 2, 324.07, 88638, 9
278, 43, 2, 3, 0, 0, 36.00%, 0, 0, 2, 328.16, 90345, 9
283, 44, 2, 3, 0, 0, 36.00%, 0, 0, 2, 326.96, 92025, 9
289, 45, 0, 3, 0, 0, 36.00%, 0, 0, 2, 321.98, 93687, 9
294, 45, 0, 3, 0, 0, 36.00%, 0, 0, 2, 319.83, 95335, 9
299, 46, 2, 3, 0, 0, 36.00%, 0, 0, 2, 324.34, 97008, 9
304, 47, 0, 3, 0, 0, 36.00%, 0, 0, 2, 326.83, 98712, 9
309, 48, 2, 3, 0, 0, 36.00%, 0, 0, 2, 323.80, 100376, 9
314, 49, 0, 3, 0, 0, 36.00%, 0, 0, 2, 321.79, 102053, 9
320, 49, 0, 3, 0, 0, 36.00%, 0, 0, 2, 320.84, 103711, 9
325, 50, 0, 3, 0, 0, 36.00%, 0, 0, 2, 320.47, 105384, 9
330, 50, 2, 3, 0, 0, 36.00%, 0, 0, 2, 319.53, 107038, 9
335, 51, 2, 3, 0, 0, 36.00%, 0, 0, 2, 321.49, 108699, 9
340, 52, 0, 3, 0, 0, 36.00%, 0, 0, 2, 324.21, 110394, 9
346, 53, 2, 3, 0, 0, 36.00%, 0, 0, 2, 323.95, 112061, 9
351, 54, 2, 3, 0, 0, 36.00%, 0, 0, 2, 327.60, 113756, 9
356, 55, 0, 3, 0, 0, 36.00%, 0, 0, 2, 324.83, 115436, 9
361, 56, 2, 3, 0, 0, 36.00%, 0, 0, 2, 324.72, 117103, 9
366, 57, 2, 3, 0, 0, 36.00%, 0, 0, 2, 327.01, 118786, 9
371, 58, 2, 3, 0, 0, 36.00%, 0, 0, 2, 322.22, 120447, 9
376, 59, 2, 3, 0, 0, 36.00%, 0, 0, 2, 327.75, 122094, 9
381, 59, 2, 3, 0, 0, 36.00%, 0, 0, 2, 323.93, 123755, 9
386, 61, 2, 3, 0, 0, 36.00%, 0, 0, 2, 326.65, 125396, 9
392, 62, 0, 3, 0, 0, 36.00%, 0, 0, 2, 327.20, 127088, 9
397, 62, 0, 3, 0, 0, 36.00%, 0, 0, 2, 322.73, 128746, 9
402, 63, 0, 3, 0, 0, 36.00%, 0, 0, 2, 319.79, 130395, 9
407, 64, 2, 3, 0, 0, 36.00%, 0, 0, 2, 320.67, 132056, 9
412, 64, 0, 3, 0, 0, 36.00%, 0, 0, 2, 324.13, 133754, 9
417, 65, 2, 3, 0, 0, 36.00%, 0, 0, 2, 325.34, 135424, 9
423, 67, 2, 3, 0, 0, 36.00%, 0, 0, 2, 327.52, 137128, 9
428, 68, 2, 3, 0, 0, 36.00%, 0, 0, 2, 328.84, 138835, 9
433, 68, 0, 3, 0, 0, 36.00%, 0, 0, 2, 320.26, 140481, 9
438, 69, 2, 3, 0, 0, 36.00%, 0, 0, 2, 324.28, 142154, 9
443, 70, 2, 3, 0, 0, 36.00%, 0, 0, 2, 324.11, 143827, 9
449, 70, 0, 3, 0, 0, 36.00%, 0, 0, 2, 319.96, 145492, 9
454, 71, 0, 3, 0, 0, 36.00%, 0, 0, 2, 321.86, 147153, 9
459, 71, 0, 3, 0, 0, 36.00%, 0, 0, 2, 319.97, 148800, 9
464, 73, 2, 3, 0, 0, 36.00%, 0, 0, 2, 325.04, 150490, 9
469, 73, 2, 3, 0, 0, 36.00%, 0, 0, 2, 323.25, 152157, 9
474, 74, 0, 3, 0, 0, 36.00%, 0, 0, 2, 320.26, 153809, 9
480, 74, 2, 3, 0, 0, 36.00%, 0, 0, 2, 323.14, 155482, 9
485, 75, 0, 3, 0, 0, 36.00%, 0, 0, 2, 324.18, 157171, 9
490, 76, 0, 3, 0, 0, 36.00%, 0, 0, 2, 320.89, 158829, 9
495, 76, 0, 3, 0, 0, 36.00%, 0, 0, 2, 320.40, 160478, 9
500, 76, 0, 3, 0, 0, 36.00%, 0, 0, 2, 321.04, 162136, 9
505, 78, 2, 3, 0, 0, 36.00%, 0, 0, 2, 324.57, 163830, 9
511, 78, 2, 3, 0, 0, 36.00%, 0, 0, 2, 321.34, 165503, 9
516, 79, 0, 3, 0, 0, 36.00%, 0, 0, 2, 319.12, 167159, 9
521, 79, 2, 3, 0, 0, 36.00%, 0, 0, 2, 319.46, 168810, 9
526, 80, 0, 3, 0, 0, 36.00%, 0, 0, 2, 321.93, 170489, 9
531, 80, 2, 3, 0, 0, 36.00%, 0, 0, 2, 323.48, 172135, 9
536, 81, 2, 3, 0, 0, 36.00%, 0, 0, 2, 321.54, 173808, 9
542, 82, 2, 3, 0, 0, 36.00%, 0, 0, 2, 327.23, 175518, 9
547, 83, 0, 3, 0, 0, 36.00%, 0, 0, 2, 323.18, 177141, 9
552, 84, 0, 3, 0, 0, 36.00%, 0, 0, 2, 320.57, 178799, 9
557, 84, 0, 3, 0, 0, 36.00%, 0, 0, 2, 320.99, 180451, 9
562, 85, 0, 3, 0, 0, 36.00%, 0, 0, 2, 322.44, 182133, 9
567, 85, 0, 3, 0, 0, 36.00%, 0, 0, 2, 318.14, 183782, 9
573, 87, 2, 3, 0, 0, 36.00%, 0, 0, 2, 323.99, 185473, 9
578, 87, 2, 3, 0, 0, 36.00%, 0, 0, 2, 322.23, 187134, 9
583, 88, 0, 3, 0, 0, 36.00%, 0, 0, 2, 324.09, 188814, 9
588, 89, 2, 3, 0, 0, 36.00%, 0, 0, 2, 326.59, 190502, 9
593, 89, 2, 3, 0, 0, 36.00%, 0, 0, 2, 323.03, 192163, 9
594, 90, 2, 3, 0, 0, 36.00%, 1, 0, 2, 311.79, 192463, 9
