# relative_time, cycles_done, cur_item, corpus_count, pending_total, pending_favs, map_size, saved_crashes, saved_hangs, max_depth, execs_per_sec, total_execs, edges_found
61, 8, 0, 3, 0, 0, 30.43%, 0, 0, 2, 327.85, 20410, 7
66, 9, 2, 3, 0, 0, 30.43%, 0, 0, 2, 332.86, 22089, 7
71, 9, 2, 3, 0, 0, 30.43%, 0, 0, 2, 334.24, 23781, 7
76, 10, 2, 3, 0, 0, 30.43%, 0, 0, 2, 333.76, 25469, 7
81, 11, 2, 3, 0, 0, 30.43%, 0, 0, 2, 333.50, 27157, 7
86, 12, 2, 3, 0, 0, 30.43%, 0, 0, 2, 334.99, 28861, 7
91, 13, 2, 3, 0, 0, 30.43%, 0, 0, 2, 334.44, 30555, 7
96, 14, 2, 3, 0, 0, 30.43%, 0, 0, 2, 334.90, 32243, 7
101, 14, 0, 3, 0, 0, 30.43%, 0, 0, 2, 329.92, 33959, 7
106, 15, 2, 3, 0, 0, 30.43%, 0, 0, 2, 332.50, 35618, 7
111, 16, 0, 3, 0, 0, 30.43%, 0, 0, 2, 330.85, 37280, 7
116, 16, 1, 3, 0, 0, 30.43%, 0, 0, 2, 330.70, 38927, 7
121, 17, 2, 3, 0, 0, 30.43%, 0, 0, 2, 333.21, 40613, 7
126, 18, 2, 3, 0, 0, 30.43%, 0, 0, 2, 333.42, 42307, 7
131, 19, 0, 3, 0, 0, 30.43%, 0, 0, 2, 330.29, 43969, 7
136, 20, 2, 3, 0, 0, 30.43%, 0, 0, 2, 332.15, 45688, 7
142, 20, 2, 3, 0, 0, 30.43%, 0, 0, 2, 333.66, 47368, 7
147, 21, 2, 3, 0, 0, 30.43%, 0, 0, 2, 336.26, 49062, 7
152, 21, 0, 3, 0, 0, 30.43%, 0, 0, 2, 327.18, 50725, 7
157, 22, 2, 3, 0, 0, 30.43%, 0, 0, 2, 331.11, 52444, 7
162, 23, 2, 3, 0, 0, 30.43%, 0, 0, 2, 333.72, 54124, 7
167, 23, 2, 3, 0, 0, 30.43%, 0, 0, 2, 334.01, 55806, 7
172, 24, 2, 3, 0, 0, 30.43%, 0, 0, 2, 335.47, 57506, 7
177, 25, 2, 3, 0, 0, 30.43%, 0, 0, 2, 334.41, 59200, 7
182, 25, 0, 3, 0, 0, 30.43%, 0, 0, 2, 328.69, 60902, 7
187, 26, 2, 3, 0, 0, 30.43%, 0, 0, 2, 332.18, 62575, 7
192, 27, 0, 3, 0, 0, 30.43%, 0, 0, 2, 330.46, 64239, 7
198, 27, 2, 3, 0, 0, 30.43%, 0, 0, 2, 330.44, 65944, 7
203, 28, 2, 3, 0, 0, 30.43%, 0, 0, 2, 333.80, 67626, 7
208, 29, 2, 3, 0, 0, 30.43%, 0, 0, 2, 329.13, 69325, 7
213, 29, 2, 3, 0, 0, 30.43%, 0, 0, 2, 334.43, 71037, 7
218, 30, 2, 3, 0, 0, 30.43%, 0, 0, 2, 333.47, 72725, 7
223, 31, 2, 3, 0, 0, 30.43%, 0, 0, 2, 333.53, 74399, 7
228, 32, 2, 3, 0, 0, 30.43%, 0, 0, 2, 333.55, 76069, 7
233, 32, 2, 3, 0, 0, 30.43%, 0, 0, 2, 333.64, 77751, 7
238, 33, 2, 3, 0, 0, 30.43%, 0, 0, 2, 333.76, 79433, 7
243, 34, 2, 3, 0, 0, 30.43%, 0, 0, 2, 334.01, 81125, 7
248, 35, 2, 3, 0, 0, 30.43%, 0, 0, 2, 333.14, 82795, 7
253, 36, 2, 3, 0, 0, 30.43%, 0, 0, 2, 332.98, 84483, 7
258, 37, 2, 3, 0, 0, 30.43%, 0, 0, 2, 333.47, 86183, 7
263, 37, 0, 3, 0, 0, 30.43%, 0, 0, 2, 330.23, 87845, 7
268, 38, 2, 3, 0, 0, 30.43%, 0, 0, 2, 331.64, 89498, 7
273, 38, 2, 3, 0, 0, 30.43%, 0, 0, 2, 334.74, 91202, 7
279, 39, 2, 3, 0, 0, 30.43%, 0, 0, 2, 331.50, 92926, 7
284, 40, 2, 3, 0, 0, 30.43%, 0, 0, 2, 332.24, 94602, 7
289, 41, 2, 3, 0, 0, 30.43%, 0, 0, 2, 333.38, 96296, 7
294, 42, 2, 3, 0, 0, 30.43%, 0, 0, 2, 333.24, 97978, 7
299, 42, 2, 3, 0, 0, 30.43%, 0, 0, 2, 333.48, 99664, 7
304, 43, 2, 3, 0, 0, 30.43%, 0, 0, 2, 333.49, 101358, 7
309, 44, 2, 3, 0, 0, 30.43%, 0, 0, 2, 333.73, 103046, 7
314, 45, 2, 3, 0, 0, 30.43%, 0, 0, 2, 333.77, 104734, 7
319, 46, 2, 3, 0, 0, 30.43%, 0, 0, 2, 332.28, 106420, 7
324, 47, 2, 3, 0, 0, 30.43%, 0, 0, 2, 327.64, 108102, 7
329, 47, 2, 3, 0, 0, 30.43%, 0, 0, 2, 328.55, 109801, 7
334, 48, 2, 3, 0, 0, 30.43%, 0, 0, 2, 332.82, 111483, 7
339, 49, 2, 3, 0, 0, 30.43%, 0, 0, 2, 332.08, 113159, 7
345, 49, 2, 3, 0, 0, 30.43%, 0, 0, 2, 328.43, 114846, 7
350, 50, 2, 3, 0, 0, 30.43%, 0, 0, 2, 335.15, 116546, 7
355, 51, 2, 3, 0, 0, 30.43%, 0, 0, 2, 334.47, 118238, 7
360, 52, 2, 3, 0, 0, 30.43%, 0, 0, 2, 333.90, 119920, 7
365, 53, 2, 3, 0, 0, 30.43%, 0, 0, 2, 335.03, 121614, 7
370, 53, 2, 3, 0, 0, 30.43%, 0, 0, 2, 334.50, 123302, 7
375, 54, 0, 3, 0, 0, 30.43%, 0, 0, 2, 328.09, 124983, 7
380, 54, 2, 3, 0, 0, 30.43%, 0, 0, 2, 329.14, 126682, 7
385, 55, 2, 3, 0, 0, 30.43%, 0, 0, 2, 332.74, 128358, 7
390, 56, 2, 3, 0, 0, 30.43%, 0, 0, 2, 335.46, 130052, 7
395, 57, 2, 3, 0, 0, 30.43%, 0, 0, 2, 334.65, 131758, 7
400, 57, 2, 3, 0, 0, 30.43%, 0, 0, 2, 333.88, 133456, 7
406, 58, 2, 3, 0, 0, 30.43%, 0, 0, 2, 335.12, 135156, 7
411, 59, 2, 3, 0, 0, 30.43%, 0, 0, 2, 333.97, 136850, 7
416, 60, 2, 3, 0, 0, 30.43%, 0, 0, 2, 334.86, 138544, 7
421, 61, 2, 3, 0, 0, 30.43%, 0, 0, 2, 333.29, 140250, 7
426, 61, 2, 3, 0, 0, 30.43%, 0, 0, 2, 331.52, 141912, 7
431, 62, 2, 3, 0, 0, 30.43%, 0, 0, 2, 334.67, 143606, 7
436, 63, 2, 3, 0, 0, 30.43%, 0, 0, 2, 334.60, 145288, 7
441, 64, 2, 3, 0, 0, 30.43%, 0, 0, 2, 334.72, 146980, 7
446, 65, 2, 3, 0, 0, 30.43%, 0, 0, 2, 334.60, 148674, 7
451, 65, 2, 3, 0, 0, 30.43%, 0, 0, 2, 329.87, 150369, 7
456, 66, 2, 3, 0, 0, 30.43%, 0, 0, 2, 333.19, 152049, 7
461, 67, 2, 3, 0, 0, 30.43%, 0, 0, 2, 333.60, 153743, 7
466, 67, 2, 3, 0, 0, 30.43%, 0, 0, 2, 330.23, 155436, 7
472, 68, 0, 3, 0, 0, 30.43%, 0, 0, 2, 330.94, 157160, 7
477, 68, 2, 3, 0, 0, 30.43%, 0, 0, 2, 330.50, 158865, 7
482, 69, 2, 3, 0, 0, 30.43%, 0, 0, 2, 334.79, 160559, 7
487, 70, 2, 3, 0, 0, 30.43%, 0, 0, 2, 334.22, 162253, 7
492, 70, 0, 3, 0, 0, 30.43%, 0, 0, 2, 329.63, 163955, 7
497, 71, 2, 3, 0, 0, 30.43%, 0, 0, 2, 332.94, 165634, 7
502, 72, 2, 3, 0, 0, 30.43%, 0, 0, 2, 318.59, 167172, 7
507, 72, 0, 3, 0, 0, 30.43%, 0, 0, 2, 328.57, 168840, 7
512, 73, 2, 3, 0, 0, 30.43%, 0, 0, 2, 318.86, 170377, 7
517, 74, 2, 3, 0, 0, 30.43%, 0, 0, 2, 329.50, 172053, 7
522, 75, 2, 3, 0, 0, 30.43%, 0, 0, 2, 333.07, 173746, 7
527, 75, 0, 3, 0, 0, 30.43%, 0, 0, 2, 321.09, 175307, 7
533, 76, 2, 3, 0, 0, 30.43%, 0, 0, 2, 329.10, 177006, 7
538, 77, 2, 3, 0, 0, 30.43%, 0, 0, 2, 333.10, 178742, 7
543, 78, 2, 3, 0, 0, 30.43%, 0, 0, 2, 333.50, 180424, 7
548, 78, 0, 3, 0, 0, 30.43%, 0, 0, 2, 329.05, 182132, 7
553, 79, 1, 3, 0, 0, 30.43%, 0, 0, 2, 331.39, 183811, 7
558, 80, 2, 3, 0, 0, 30.43%, 0, 0, 2, 333.83, 185485, 7
563, 80, 0, 3, 0, 0, 30.43%, 0, 0, 2, 327.21, 187175, 7
568, 81, 2, 3, 0, 0, 30.43%, 0, 0, 2, 332.80, 188860, 7
573, 82, 2, 3, 0, 0, 30.43%, 0, 0, 2, 333.83, 190530, 7
578, 83, 2, 3, 0, 0, 30.43%, 0, 0, 2, 333.90, 192224, 7
583, 83, 2, 3, 0, 0, 30.43%, 0, 0, 2, 335.21, 193930, 7
588, 84, 2, 3, 0, 0, 30.43%, 0, 0, 2, 333.20, 195604, 7
593, 85, 2, 3, 0, 0, 30.43%, 0, 0, 2, 334.35, 197298, 7
599, 86, 2, 3, 0, 0, 30.43%, 0, 0, 2, 333.09, 198968, 7
604, 87, 2, 3, 0, 0, 30.43%, 0, 0, 2, 331.74, 200648, 7
609, 87, 2, 3, 0, 0, 30.43%, 0, 0, 2, 332.87, 202330, 7
614, 88, 0, 3, 0, 0, 30.43%, 0, 0, 2, 332.07, 203994, 7
619, 89, 2, 3, 0, 0, 30.43%, 0, 0, 2, 328.60, 205669, 7
624, 90, 2, 3, 0, 0, 30.43%, 0, 0, 2, 329.87, 207327, 7
629, 90, 2, 3, 0, 0, 30.43%, 0, 0, 2, 331.07, 208989, 7
634, 91, 2, 3, 0, 0, 30.43%, 0, 0, 2, 333.33, 210683, 7
639, 92, 2, 3, 0, 0, 30.43%, 0, 0, 2, 331.26, 212389, 7
644, 93, 2, 3, 0, 0, 30.43%, 0, 0, 2, 330.93, 214107, 7
649, 94, 0, 3, 0, 0, 30.43%, 0, 0, 2, 329.21, 215817, 7
655, 94, 0, 3, 0, 0, 30.43%, 0, 0, 2, 330.35, 217524, 7
660, 95, 2, 3, 0, 0, 30.43%, 0, 0, 2, 328.53, 219199, 7
665, 96, 2, 3, 0, 0, 30.43%, 0, 0, 2, 333.01, 220885, 7
670, 96, 2, 3, 0, 0, 30.43%, 0, 0, 2, 332.55, 222555, 7
675, 97, 0, 3, 0, 0, 30.43%, 0, 0, 2, 329.75, 224277, 7
680, 98, 2, 3, 0, 0, 30.43%, 0, 0, 2, 330.34, 225978, 7
685, 98, 2, 3, 0, 0, 30.43%, 0, 0, 2, 332.86, 227666, 7
690, 99, 2, 3, 0, 0, 30.43%, 0, 0, 2, 332.85, 229348, 7
695, 100, 2, 3, 0, 0, 30.43%, 0, 0, 2, 328.68, 231035, 7
700, 100, 2, 3, 0, 0, 30.43%, 0, 0, 2, 332.11, 232717, 7
706, 101, 2, 3, 0, 0, 30.43%, 0, 0, 2, 332.80, 234393, 7
711, 102, 2, 3, 0, 0, 30.43%, 0, 0, 2, 333.31, 236085, 7
716, 103, 0, 3, 0, 0, 30.43%, 0, 0, 2, 327.08, 237777, 7
721, 103, 2, 3, 0, 0, 30.43%, 0, 0, 2, 329.87, 239484, 7
726, 104, 0, 3, 0, 0, 30.43%, 0, 0, 2, 327.33, 241188, 7
731, 104, 2, 3, 0, 0, 30.43%, 0, 0, 2, 331.03, 242865, 7
736, 105, 2, 3, 0, 0, 30.43%, 0, 0, 2, 328.45, 244552, 7
741, 106, 2, 3, 0, 0, 30.43%, 0, 0, 2, 331.45, 246216, 7
746, 106, 2, 3, 0, 0, 30.43%, 0, 0, 2, 332.72, 247910, 7
751, 107, 2, 3, 0, 0, 30.43%, 0, 0, 2, 333.73, 249598, 7
757, 108, 2, 3, 0, 0, 30.43%, 0, 0, 2, 332.37, 251262, 7
762, 109, 2, 3, 0, 0, 30.43%, 0, 0, 2, 331.91, 252932, 7
767, 109, 2, 3, 0, 0, 30.43%, 0, 0, 2, 332.52, 254618, 7
772, 110, 2, 3, 0, 0, 30.43%, 0, 0, 2, 331.64, 256342, 7
777, 111, 2, 3, 0, 0, 30.43%, 0, 0, 2, 333.18, 258024, 7
782, 112, 2, 3, 0, 0, 30.43%, 0, 0, 2, 334.27, 259704, 7
787, 113, 2, 3, 0, 0, 30.43%, 0, 0, 2, 333.73, 261386, 7
792, 114, 2, 3, 0, 0, 30.43%, 0, 0, 2, 332.17, 263044, 7
797, 115, 2, 3, 0, 0, 30.43%, 0, 0, 2, 331.95, 264708, 7
802, 115, 2, 3, 0, 0, 30.43%, 0, 0, 2, 333.06, 266382, 7
807, 116, 2, 3, 0, 0, 30.43%, 0, 0, 2, 328.57, 268059, 7
812, 116, 2, 3, 0, 0, 30.43%, 0, 0, 2, 327.74, 269769, 7
817, 117, 2, 3, 0, 0, 30.43%, 0, 0, 2, 331.59, 271451, 7
822, 118, 2, 3, 0, 0, 30.43%, 0, 0, 2, 329.90, 273115, 7
827, 119, 2, 3, 0, 0, 30.43%, 0, 0, 2, 332.64, 274797, 7
832, 120, 2, 3, 0, 0, 30.43%, 0, 0, 2, 332.09, 276459, 7
838, 120, 0, 3, 0, 0, 30.43%, 0, 0, 2, 327.91, 278145, 7
843, 121, 2, 3, 0, 0, 30.43%, 0, 0, 2, 330.61, 279810, 7
848, 121, 0, 3, 0, 0, 30.43%, 0, 0, 2, 326.49, 281500, 7
853, 122, 2, 3, 0, 0, 30.43%, 0, 0, 2, 331.86, 283221, 7
858, 123, 2, 3, 0, 0, 30.43%, 0, 0, 2, 331.77, 284939, 7
863, 124, 2, 3, 0, 0, 30.43%, 0, 0, 2, 332.36, 286609, 7
868, 124, 2, 3, 0, 0, 30.43%, 0, 0, 2, 326.37, 288290, 7
873, 125, 2, 3, 0, 0, 30.43%, 0, 0, 2, 331.61, 289966, 7
878, 126, 2, 3, 0, 0, 30.43%, 0, 0, 2, 332.13, 291628, 7
884, 126, 2, 3, 0, 0, 30.43%, 0, 0, 2, 329.13, 293317, 7
889, 127, 2, 3, 0, 0, 30.43%, 0, 0, 2, 331.96, 294997, 7
894, 128, 2, 3, 0, 0, 30.43%, 0, 0, 2, 332.36, 296661, 7
899, 129, 2, 3, 0, 0, 30.43%, 0, 0, 2, 332.52, 298343, 7
904, 130, 2, 3, 0, 0, 30.43%, 0, 0, 2, 333.57, 300025, 7
909, 130, 2, 3, 0, 0, 30.43%, 0, 0, 2, 333.78, 301705, 7
914, 131, 2, 3, 0, 0, 30.43%, 0, 0, 2, 333.60, 303387, 7
919, 132, 2, 3, 0, 0, 30.43%, 0, 0, 2, 332.23, 305117, 7
924, 133, 2, 3, 0, 0, 30.43%, 0, 0, 2, 331.22, 306775, 7
929, 134, 2, 3, 0, 0, 30.43%, 0, 0, 2, 332.95, 308469, 7
934, 134, 2, 3, 0, 0, 30.43%, 0, 0, 2, 332.97, 310155, 7
939, 135, 2, 3, 0, 0, 30.43%, 0, 0, 2, 324.64, 311838, 7
945, 136, 2, 3, 0, 0, 30.43%, 0, 0, 2, 330.42, 313566, 7
950, 136, 2, 3, 0, 0, 30.43%, 0, 0, 2, 332.79, 315248, 7
955, 137, 2, 3, 0, 0, 30.43%, 0, 0, 2, 330.84, 316912, 7
960, 138, 2, 3, 0, 0, 30.43%, 0, 0, 2, 332.09, 318580, 7
965, 139, 2, 3, 0, 0, 30.43%, 0, 0, 2, 332.20, 320244, 7
970, 140, 2, 3, 0, 0, 30.43%, 0, 0, 2, 332.46, 321926, 7
975, 141, 2, 3, 0, 0, 30.43%, 0, 0, 2, 333.30, 323608, 7
980, 141, 0, 3, 0, 0, 30.43%, 0, 0, 2, 327.17, 325310, 7
985, 142, 2, 3, 0, 0, 30.43%, 0, 0, 2, 330.89, 327031, 7
990, 142, 0, 3, 0, 0, 30.43%, 0, 0, 2, 327.66, 328735, 7
996, 143, 2, 3, 0, 0, 30.43%, 0, 0, 2, 329.68, 330442, 7
1001, 144, 2, 3, 0, 0, 30.43%, 0, 0, 2, 330.10, 332100, 7
1006, 145, 2, 3, 0, 0, 30.43%, 0, 0, 2, 330.71, 333768, 7
1011, 145, 0, 3, 0, 0, 30.43%, 0, 0, 2, 326.11, 335446, 7
1016, 146, 2, 3, 0, 0, 30.43%, 0, 0, 2, 329.53, 337101, 7
1021, 147, 1, 3, 0, 0, 30.43%, 0, 0, 2, 330.98, 338759, 7
1026, 148, 2, 3, 0, 0, 30.43%, 0, 0, 2, 334.10, 340457, 7
1031, 148, 2, 3, 0, 0, 30.43%, 0, 0, 2, 333.57, 342127, 7
1036, 149, 2, 3, 0, 0, 30.43%, 0, 0, 2, 333.23, 343809, 7
1038, 150, 2, 3, 0, 0, 30.43%, 1, 0, 2, 0.00, 344627, 7
