# relative_time, cycles_done, cur_item, corpus_count, pending_total, pending_favs, map_size, saved_crashes, saved_hangs, max_depth, execs_per_sec, total_execs, edges_found
61, 5, 0, 1, 0, 0, 25.00%, 0, 0, 1, 324.63, 19576, 2
66, 6, 0, 1, 0, 0, 25.00%, 0, 0, 1, 327.31, 21255, 2
71, 6, 0, 1, 0, 0, 25.00%, 0, 0, 1, 326.01, 22921, 2
76, 7, 0, 1, 0, 0, 25.00%, 0, 0, 1, 326.86, 24594, 2
81, 7, 0, 1, 0, 0, 25.00%, 0, 0, 1, 326.88, 26272, 2
86, 8, 0, 1, 0, 0, 25.00%, 0, 0, 1, 326.76, 27951, 2
92, 8, 0, 1, 0, 0, 25.00%, 0, 0, 1, 326.38, 29618, 2
97, 9, 0, 1, 0, 0, 25.00%, 0, 0, 1, 326.20, 31278, 2
102, 9, 0, 1, 0, 0, 25.00%, 0, 0, 1, 327.90, 32957, 2
107, 10, 0, 1, 0, 0, 25.00%, 0, 0, 1, 326.11, 34623, 2
112, 10, 0, 1, 0, 0, 25.00%, 0, 0, 1, 326.59, 36284, 2
117, 11, 0, 1, 0, 0, 25.00%, 0, 0, 1, 327.14, 37956, 2
122, 11, 0, 1, 0, 0, 25.00%, 0, 0, 1, 326.16, 39623, 2
127, 11, 0, 1, 0, 0, 25.00%, 0, 0, 1, 325.65, 41284, 2
132, 12, 0, 1, 0, 0, 25.00%, 0, 0, 1, 327.08, 42956, 2
138, 12, 0, 1, 0, 0, 25.00%, 0, 0, 1, 327.11, 44629, 2
143, 13, 0, 1, 0, 0, 25.00%, 0, 0, 1, 326.37, 46313, 2
148, 13, 0, 1, 0, 0, 25.00%, 0, 0, 1, 326.16, 47968, 2
153, 14, 0, 1, 0, 0, 25.00%, 0, 0, 1, 325.38, 49628, 2
158, 14, 0, 1, 0, 0, 25.00%, 0, 0, 1, 326.01, 51295, 2
163, 15, 0, 1, 0, 0, 25.00%, 0, 0, 1, 325.13, 52956, 2
168, 15, 0, 1, 0, 0, 25.00%, 0, 0, 1, 323.81, 54604, 2
173, 16, 0, 1, 0, 0, 25.00%, 0, 0, 1, 324.55, 56265, 2
179, 16, 0, 1, 0, 0, 25.00%, 0, 0, 1, 325.45, 57937, 2
184, 17, 0, 1, 0, 0, 25.00%, 0, 0, 1, 277.26, 59347, 2
189, 17, 0, 1, 0, 0, 25.00%, 0, 0, 1, 312.00, 60990, 2
194, 18, 0, 1, 0, 0, 25.00%, 0, 0, 1, 320.30, 62638, 2
199, 18, 0, 1, 0, 0, 25.00%, 0, 0, 1, 324.33, 64293, 2
204, 18, 0, 1, 0, 0, 25.00%, 0, 0, 1, 325.75, 65960, 2
209, 19, 0, 1, 0, 0, 25.00%, 0, 0, 1, 324.74, 67614, 2
214, 19, 0, 1, 0, 0, 25.00%, 0, 0, 1, 324.47, 69275, 2
219, 20, 0, 1, 0, 0, 25.00%, 0, 0, 1, 324.66, 70935, 2
225, 20, 0, 1, 0, 0, 25.00%, 0, 0, 1, 323.93, 72590, 2
230, 21, 0, 1, 0, 0, 25.00%, 0, 0, 1, 310.22, 74167, 2
235, 21, 0, 1, 0, 0, 25.00%, 0, 0, 1, 321.11, 75809, 2
240, 22, 0, 1, 0, 0, 25.00%, 0, 0, 1, 323.02, 77470, 2
245, 22, 0, 1, 0, 0, 25.00%, 0, 0, 1, 323.92, 79136, 2
250, 23, 0, 1, 0, 0, 25.00%, 0, 0, 1, 321.61, 80797, 2
255, 23, 0, 1, 0, 0, 25.00%, 0, 0, 1, 323.76, 82464, 2
261, 24, 0, 1, 0, 0, 25.00%, 0, 0, 1, 325.18, 84142, 2
265, 24, 0, 1, 0, 0, 25.00%, 1, 0, 1, 317.27, 85654, 2
