# relative_time, cycles_done, cur_item, corpus_count, pending_total, pending_favs, map_size, saved_crashes, saved_hangs, max_depth, execs_per_sec, total_execs, edges_found
61, 5, 0, 1, 0, 0, 25.00%, 0, 0, 1, 325.40, 20031, 2
66, 6, 0, 1, 0, 0, 25.00%, 0, 0, 1, 326.46, 21691, 2
71, 6, 0, 1, 0, 0, 25.00%, 0, 0, 1, 326.26, 23352, 2
76, 7, 0, 1, 0, 0, 25.00%, 0, 0, 1, 326.95, 25042, 2
81, 7, 0, 1, 0, 0, 25.00%, 0, 0, 1, 326.09, 26709, 2
87, 8, 0, 1, 0, 0, 25.00%, 0, 0, 1, 325.90, 28376, 2
92, 8, 0, 1, 0, 0, 25.00%, 0, 0, 1, 326.08, 30042, 2
97, 9, 0, 1, 0, 0, 25.00%, 0, 0, 1, 325.62, 31715, 2
102, 9, 0, 1, 0, 0, 25.00%, 0, 0, 1, 325.54, 33375, 2
107, 10, 0, 1, 0, 0, 25.00%, 0, 0, 1, 325.58, 35054, 2
112, 10, 0, 1, 0, 0, 25.00%, 0, 0, 1, 325.12, 36732, 2
117, 11, 0, 1, 0, 0, 25.00%, 0, 0, 1, 325.52, 38399, 2
122, 11, 0, 1, 0, 0, 25.00%, 0, 0, 1, 325.71, 40060, 2
128, 12, 0, 1, 0, 0, 25.00%, 0, 0, 1, 323.85, 41720, 2
133, 12, 0, 1, 0, 0, 25.00%, 0, 0, 1, 323.69, 43363, 2
138, 13, 0, 1, 0, 0, 25.00%, 0, 0, 1, 325.98, 45041, 2
143, 13, 0, 1, 0, 0, 25.00%, 0, 0, 1, 325.94, 46708, 2
148, 13, 0, 1, 0, 0, 25.00%, 0, 0, 1, 324.27, 48363, 2
153, 14, 0, 1, 0, 0, 25.00%, 0, 0, 1, 324.71, 50023, 2
158, 14, 0, 1, 0, 0, 25.00%, 0, 0, 1, 325.99, 51702, 2
163, 15, 0, 1, 0, 0, 25.00%, 0, 0, 1, 324.03, 53350, 2
168, 15, 0, 1, 0, 0, 25.00%, 0, 0, 1, 325.94, 55023, 2
174, 16, 0, 1, 0, 0, 25.00%, 0, 0, 1, 326.31, 56689, 2
179, 16, 0, 1, 0, 0, 25.00%, 0, 0, 1, 326.03, 58350, 2
184, 17, 0, 1, 0, 0, 25.00%, 0, 0, 1, 326.09, 60023, 2
189, 17, 0, 1, 0, 0, 25.00%, 0, 0, 1, 325.12, 61695, 2
194, 18, 0, 1, 0, 0, 25.00%, 0, 0, 1, 325.04, 63368, 2
199, 18, 0, 1, 0, 0, 25.00%, 0, 0, 1, 325.97, 65034, 2
204, 19, 0, 1, 0, 0, 25.00%, 0, 0, 1, 326.35, 66701, 2
209, 19, 0, 1, 0, 0, 25.00%, 0, 0, 1, 325.28, 68374, 2
215, 20, 0, 1, 0, 0, 25.00%, 0, 0, 1, 327.03, 70052, 2
220, 20, 0, 1, 0, 0, 25.00%, 0, 0, 1, 326.25, 71707, 2
225, 21, 0, 1, 0, 0, 25.00%, 0, 0, 1, 324.84, 73367, 2
230, 21, 0, 1, 0, 0, 25.00%, 0, 0, 1, 325.93, 75022, 2
235, 22, 0, 1, 0, 0, 25.00%, 0, 0, 1, 325.59, 76676, 2
240, 22, 0, 1, 0, 0, 25.00%, 0, 0, 1, 326.02, 78343, 2
245, 22, 0, 1, 0, 0, 25.00%, 0, 0, 1, 325.20, 80016, 2
250, 23, 0, 1, 0, 0, 25.00%, 0, 0, 1, 325.62, 81676, 2
255, 23, 0, 1, 0, 0, 25.00%, 0, 0, 1, 325.65, 83349, 2
261, 24, 0, 1, 0, 0, 25.00%, 0, 0, 1, 325.25, 85015, 2
266, 24, 0, 1, 0, 0, 25.00%, 0, 0, 1, 324.32, 86682, 2
271, 25, 0, 1, 0, 0, 25.00%, 0, 0, 1, 325.47, 88337, 2
276, 25, 0, 1, 0, 0, 25.00%, 0, 0, 1, 326.89, 90015, 2
281, 26, 0, 1, 0, 0, 25.00%, 0, 0, 1, 326.28, 91694, 2
286, 26, 0, 1, 0, 0, 25.00%, 0, 0, 1, 325.52, 93360, 2
291, 27, 0, 1, 0, 0, 25.00%, 0, 0, 1, 326.90, 95045, 2
296, 27, 0, 1, 0, 0, 25.00%, 0, 0, 1, 327.44, 96723, 2
302, 28, 0, 1, 0, 0, 25.00%, 0, 0, 1, 325.74, 98378, 2
307, 28, 0, 1, 0, 0, 25.00%, 0, 0, 1, 324.95, 100033, 2
312, 29, 0, 1, 0, 0, 25.00%, 0, 0, 1, 325.53, 101699, 2
317, 29, 0, 1, 0, 0, 25.00%, 0, 0, 1, 325.50, 103366, 2
322, 30, 0, 1, 0, 0, 25.00%, 0, 0, 1, 326.52, 105056, 2
327, 30, 0, 1, 0, 0, 25.00%, 0, 0, 1, 325.61, 106717, 2
332, 31, 0, 1, 0, 0, 25.00%, 0, 0, 1, 326.16, 108389, 2
337, 31, 0, 1, 0, 0, 25.00%, 0, 0, 1, 325.32, 110050, 2
343, 31, 0, 1, 0, 0, 25.00%, 0, 0, 1, 326.46, 111723, 2
348, 32, 0, 1, 0, 0, 25.00%, 0, 0, 1, 325.21, 113383, 2
353, 32, 0, 1, 0, 0, 25.00%, 0, 0, 1, 325.39, 115050, 2
358, 33, 0, 1, 0, 0, 25.00%, 0, 0, 1, 324.44, 116710, 2
363, 33, 0, 1, 0, 0, 25.00%, 0, 0, 1, 325.39, 118383, 2
368, 34, 0, 1, 0, 0, 25.00%, 0, 0, 1, 325.11, 120050, 2
373, 34, 0, 1, 0, 0, 25.00%, 0, 0, 1, 326.24, 121740, 2
378, 35, 0, 1, 0, 0, 25.00%, 0, 0, 1, 326.35, 123407, 2
383, 35, 0, 1, 0, 0, 25.00%, 0, 0, 1, 325.74, 125055, 2
389, 36, 0, 1, 0, 0, 25.00%, 0, 0, 1, 325.79, 126740, 2
394, 36, 0, 1, 0, 0, 25.00%, 0, 0, 1, 325.67, 128424, 2
399, 37, 0, 1, 0, 0, 25.00%, 0, 0, 1, 326.38, 130091, 2
404, 37, 0, 1, 0, 0, 25.00%, 0, 0, 1, 325.53, 131764, 2
409, 38, 0, 1, 0, 0, 25.00%, 0, 0, 1, 324.39, 133412, 2
414, 38, 0, 1, 0, 0, 25.00%, 1, 0, 1, 315.16, 134979, 2
