# relative_time, cycles_done, cur_item, corpus_count, pending_total, pending_favs, map_size, saved_crashes, saved_hangs, max_depth, execs_per_sec, total_execs, edges_found
61, 8, 0, 3, 0, 0, 36.00%, 0, 0, 2, 322.19, 20044, 9
66, 9, 2, 3, 0, 0, 36.00%, 0, 0, 2, 328.53, 21687, 9
71, 10, 2, 3, 0, 0, 36.00%, 0, 0, 2, 330.43, 23409, 9
77, 11, 0, 3, 0, 0, 36.00%, 0, 0, 2, 327.16, 25104, 9
82, 12, 2, 3, 0, 0, 36.00%, 0, 0, 2, 327.22, 26732, 9
87, 14, 2, 3, 0, 0, 36.00%, 0, 0, 2, 328.55, 28445, 9
92, 14, 0, 3, 0, 0, 36.00%, 0, 0, 2, 323.20, 30113, 9
97, 15, 2, 3, 0, 0, 36.00%, 0, 0, 2, 325.17, 31782, 9
102, 15, 0, 3, 0, 0, 36.00%, 0, 0, 2, 325.48, 33474, 9
107, 16, 0, 3, 0, 0, 36.00%, 0, 0, 2, 324.88, 35156, 9
113, 17, 2, 3, 0, 0, 36.00%, 0, 0, 2, 327.19, 36841, 9
118, 17, 0, 3, 0, 0, 36.00%, 0, 0, 2, 323.40, 38506, 9
123, 19, 2, 3, 0, 0, 36.00%, 0, 0, 2, 327.57, 40149, 9
128, 19, 0, 3, 0, 0, 36.00%, 0, 0, 2, 324.78, 41835, 9
133, 20, 1, 3, 0, 0, 36.00%, 0, 0, 2, 321.60, 43483, 9
138, 21, 2, 3, 0, 0, 36.00%, 0, 0, 2, 321.04, 45135, 9
143, 21, 0, 3, 0, 0, 36.00%, 0, 0, 2, 322.30, 46815, 9
149, 22, 0, 3, 0, 0, 36.00%, 0, 0, 2, 323.16, 48476, 9
154, 22, 2, 3, 0, 0, 36.00%, 0, 0, 2, 323.48, 50130, 9
159, 23, 0, 3, 0, 0, 36.00%, 0, 0, 2, 323.91, 51762, 9
164, 23, 0, 3, 0, 0, 36.00%, 0, 0, 2, 323.02, 53438, 9
169, 25, 2, 3, 0, 0, 36.00%, 0, 0, 2, 326.39, 55072, 9
174, 25, 0, 3, 0, 0, 36.00%, 0, 0, 2, 323.44, 56755, 9
179, 27, 2, 3, 0, 0, 36.00%, 0, 0, 2, 329.03, 58410, 9
184, 27, 2, 3, 0, 0, 36.00%, 0, 0, 2, 325.33, 60071, 9
189, 28, 2, 3, 0, 0, 36.00%, 0, 0, 2, 323.81, 61753, 9
195, 29, 2, 3, 0, 0, 36.00%, 0, 0, 2, 326.13, 63451, 9
200, 30, 0, 3, 0, 0, 36.00%, 0, 0, 2, 321.64, 65112, 9
205, 30, 2, 3, 0, 0, 36.00%, 0, 0, 2, 326.48, 66794, 9
210, 31, 2, 3, 0, 0, 36.00%, 0, 0, 2, 329.56, 68504, 9
215, 33, 2, 3, 0, 0, 36.00%, 0, 0, 2, 329.69, 70154, 9
220, 33, 0, 3, 0, 0, 36.00%, 0, 0, 2, 326.12, 71821, 9
225, 34, 2, 3, 0, 0, 36.00%, 0, 0, 2, 325.87, 73497, 9
230, 35, 2, 3, 0, 0, 36.00%, 0, 0, 2, 328.75, 75189, 9
236, 36, 1, 3, 0, 0, 36.00%, 0, 0, 2, 330.39, 76911, 9
241, 37, 0, 3, 0, 0, 36.00%, 0, 0, 2, 325.29, 78552, 9
246, 37, 2, 3, 0, 0, 36.00%, 0, 0, 2, 321.47, 80200, 9
251, 38, 0, 3, 0, 0, 36.00%, 0, 0, 2, 324.01, 81877, 9
256, 38, 0, 3, 0, 0, 36.00%, 0, 0, 2, 322.04, 83541, 9
261, 40, 2, 3, 0, 0, 36.00%, 0, 0, 2, 327.85, 85250, 9
266, 41, 0, 3, 0, 0, 36.00%, 0, 0, 2, 329.13, 86912, 9
272, 41, 0, 3, 0, 0, 36.00%, 0, 0, 2, 322.13, 88573, 9
277, 42, 0, 3, 0, 0, 36.00%, 0, 0, 2, 327.09, 90264, 9
282, 42, 2, 3, 0, 0, 36.00%, 0, 0, 2, 325.91, 91928, 9
287, 44, 2, 3, 0, 0, 36.00%, 0, 0, 2, 328.37, 93578, 9
292, 45, 0, 3, 0, 0, 36.00%, 0, 0, 2, 325.31, 95276, 9
297, 46, 2, 3, 0, 0, 36.00%, 0, 0, 2, 328.81, 96976, 9
302, 47, 0, 3, 0, 0, 36.00%, 0, 0, 2, 323.99, 98662, 9
308, 47, 2, 3, 0, 0, 36.00%, 0, 0, 2, 327.37, 100350, 9
313, 48, 2, 3, 0, 0, 36.00%, 0, 0, 2, 324.91, 102029, 9
318, 49, 2, 3, 0, 0, 36.00%, 0, 0, 2, 323.74, 103702, 9
323, 49, 0, 3, 0, 0, 36.00%, 0, 0, 2, 323.96, 105391, 9
328, 50, 2, 3, 0, 0, 36.00%, 0, 0, 2, 327.59, 107082, 9
334, 51, 0, 3, 0, 0, 36.00%, 0, 0, 2, 323.06, 108750, 9
339, 52, 0, 3, 0, 0, 36.00%, 0, 0, 2, 323.70, 110414, 9
344, 53, 2, 3, 0, 0, 36.00%, 0, 0, 2, 327.07, 112096, 9
349, 54, 0, 3, 0, 0, 36.00%, 0, 0, 2, 322.95, 113761, 9
354, 54, 0, 3, 0, 0, 36.00%, 0, 0, 2, 325.54, 115461, 9
359, 55, 0, 3, 0, 0, 36.00%, 0, 0, 2, 323.30, 117110, 9
364, 55, 2, 3, 0, 0, 36.00%, 0, 0, 2, 325.06, 118779, 9
369, 56, 2, 3, 0, 0, 36.00%, 0, 0, 2, 329.95, 120444, 9
374, 57, 2, 3, 0, 0, 36.00%, 0, 0, 2, 329.69, 122094, 9
380, 58, 1, 3, 0, 0, 36.00%, 0, 0, 2, 325.49, 123767, 9
385, 59, 0, 3, 0, 0, 36.00%, 0, 0, 2, 324.05, 125437, 9
390, 59, 0, 3, 0, 0, 36.00%, 0, 0, 2, 322.16, 127086, 9
395, 60, 0, 3, 0, 0, 36.00%, 0, 0, 2, 322.60, 128705, 9
400, 60, 0, 3, 0, 0, 36.00%, 0, 0, 2, 321.27, 130354, 9
405, 61, 0, 3, 0, 0, 36.00%, 0, 0, 2, 322.30, 132039, 9
410, 62, 2, 3, 0, 0, 36.00%, 0, 0, 2, 327.67, 133727, 9
416, 62, 0, 3, 0, 0, 36.00%, 0, 0, 2, 324.57, 135386, 9
421, 63, 2, 3, 0, 0, 36.00%, 0, 0, 2, 328.46, 137086, 9
426, 64, 2, 3, 0, 0, 36.00%, 0, 0, 2, 325.28, 138759, 9
431, 64, 2, 3, 0, 0, 36.00%, 0, 0, 2, 326.89, 140447, 9
436, 66, 0, 3, 0, 0, 36.00%, 0, 0, 2, 318.03, 142043, 9
441, 66, 2, 3, 0, 0, 36.00%, 0, 0, 2, 324.04, 143722, 9
446, 67, 2, 3, 0, 0, 36.00%, 0, 0, 2, 329.11, 145381, 9
451, 68, 2, 3, 0, 0, 36.00%, 0, 0, 2, 328.44, 147031, 9
456, 70, 2, 3, 0, 0, 36.00%, 0, 0, 2, 328.72, 148720, 9
462, 71, 2, 3, 0, 0, 36.00%, 0, 0, 2, 329.90, 150436, 9
467, 72, 0, 3, 0, 0, 36.00%, 0, 0, 2, 323.44, 152110, 9
472, 72, 1, 3, 0, 0, 36.00%, 0, 0, 2, 323.02, 153773, 9
477, 74, 2, 3, 0, 0, 36.00%, 0, 0, 2, 328.66, 155486, 9
482, 74, 2, 3, 0, 0, 36.00%, 0, 0, 2, 323.92, 157159, 9
487, 75, 2, 3, 0, 0, 36.00%, 0, 0, 2, 329.91, 158821, 9
493, 76, 0, 3, 0, 0, 36.00%, 0, 0, 2, 327.76, 160525, 9
498, 77, 0, 3, 0, 0, 36.00%, 0, 0, 2, 323.09, 162195, 9
503, 78, 2, 3, 0, 0, 36.00%, 0, 0, 2, 328.46, 163904, 9
508, 79, 0, 3, 0, 0, 36.00%, 0, 0, 2, 324.85, 165569, 9
513, 80, 0, 3, 0, 0, 36.00%, 0, 0, 2, 323.58, 167233, 9
518, 80, 0, 3, 0, 0, 36.00%, 0, 0, 2, 321.23, 168882, 9
524, 80, 2, 3, 0, 0, 36.00%, 0, 0, 2, 320.49, 170536, 9
529, 81, 0, 3, 0, 0, 36.00%, 0, 0, 2, 322.34, 172219, 9
534, 81, 0, 3, 0, 0, 36.00%, 0, 0, 2, 322.69, 173889, 9
539, 82, 0, 3, 0, 0, 36.00%, 0, 0, 2, 323.17, 175556, 9
544, 83, 0, 3, 0, 0, 36.00%, 0, 0, 2, 323.10, 177235, 9
549, 83, 2, 3, 0, 0, 36.00%, 0, 0, 2, 322.57, 178889, 9
555, 84, 0, 3, 0, 0, 36.00%, 0, 0, 2, 326.05, 180596, 9
560, 85, 2, 3, 0, 0, 36.00%, 0, 0, 2, 326.97, 182287, 9
563, 85, 0, 3, 0, 0, 36.00%, 1, 0, 2, 308.95, 183427, 9
