# relative_time, cycles_done, cur_item, corpus_count, pending_total, pending_favs, map_size, saved_crashes, saved_hangs, max_depth, execs_per_sec, total_execs, edges_found
61, 5, 0, 1, 0, 0, 25.00%, 0, 0, 1, 321.52, 19869, 2
66, 6, 0, 1, 0, 0, 25.00%, 0, 0, 1, 322.50, 21517, 2
71, 6, 0, 1, 0, 0, 25.00%, 0, 0, 1, 322.97, 23190, 2
76, 7, 0, 1, 0, 0, 25.00%, 0, 0, 1, 323.14, 24839, 2
81, 7, 0, 1, 0, 0, 25.00%, 0, 0, 1, 323.94, 26493, 2
87, 8, 0, 1, 0, 0, 25.00%, 0, 0, 1, 324.24, 28148, 2
92, 8, 0, 1, 0, 0, 25.00%, 0, 0, 1, 322.92, 29814, 2
97, 9, 0, 1, 0, 0, 25.00%, 0, 0, 1, 322.93, 31463, 2
102, 9, 0, 1, 0, 0, 25.00%, 0, 0, 1, 323.31, 33112, 2
107, 10, 0, 1, 0, 0, 25.00%, 0, 0, 1, 323.60, 34772, 2
112, 10, 0, 1, 0, 0, 25.00%, 0, 0, 1, 322.00, 36427, 2
117, 11, 0, 1, 0, 0, 25.00%, 0, 0, 1, 322.93, 38081, 2
122, 11, 0, 1, 0, 0, 25.00%, 0, 0, 1, 321.72, 39730, 2
128, 11, 0, 1, 0, 0, 25.00%, 0, 0, 1, 321.36, 41385, 2
133, 12, 0, 1, 0, 0, 25.00%, 0, 0, 1, 322.22, 43033, 2
138, 12, 0, 1, 0, 0, 25.00%, 0, 0, 1, 322.31, 44682, 2
143, 13, 0, 1, 0, 0, 25.00%, 0, 0, 1, 322.27, 46336, 2
148, 13, 0, 1, 0, 0, 25.00%, 0, 0, 1, 323.33, 47985, 2
153, 14, 0, 1, 0, 0, 25.00%, 0, 0, 1, 322.30, 49645, 2
158, 14, 0, 1, 0, 0, 25.00%, 0, 0, 1, 321.58, 51294, 2
163, 15, 0, 1, 0, 0, 25.00%, 0, 0, 1, 323.16, 52949, 2
169, 15, 0, 1, 0, 0, 25.00%, 0, 0, 1, 323.43, 54609, 2
174, 16, 0, 1, 0, 0, 25.00%, 0, 0, 1, 323.48, 56258, 2
179, 16, 0, 1, 0, 0, 25.00%, 0, 0, 1, 323.26, 57918, 2
184, 17, 0, 1, 0, 0, 25.00%, 0, 0, 1, 321.92, 59561, 2
189, 17, 0, 1, 0, 0, 25.00%, 0, 0, 1, 322.18, 61210, 2
194, 18, 0, 1, 0, 0, 25.00%, 0, 0, 1, 321.69, 62858, 2
199, 18, 0, 1, 0, 0, 25.00%, 0, 0, 1, 323.63, 64513, 2
204, 19, 0, 1, 0, 0, 25.00%, 0, 0, 1, 322.15, 66161, 2
209, 19, 0, 1, 0, 0, 25.00%, 0, 0, 1, 323.37, 67816, 2
215, 19, 0, 1, 0, 0, 25.00%, 0, 0, 1, 322.45, 69465, 2
220, 20, 0, 1, 0, 0, 25.00%, 0, 0, 1, 321.89, 71119, 2
225, 20, 0, 1, 0, 0, 25.00%, 0, 0, 1, 322.08, 72774, 2
230, 21, 0, 1, 0, 0, 25.00%, 0, 0, 1, 324.00, 74434, 2
235, 21, 0, 1, 0, 0, 25.00%, 0, 0, 1, 324.36, 76089, 2
240, 22, 0, 1, 0, 0, 25.00%, 0, 0, 1, 324.53, 77744, 2
245, 22, 0, 1, 0, 0, 25.00%, 0, 0, 1, 322.50, 79392, 2
250, 23, 0, 1, 0, 0, 25.00%, 0, 0, 1, 322.35, 81047, 2
254, 23, 0, 1, 0, 0, 25.00%, 1, 0, 1, 310.01, 82004, 2
