# relative_time, cycles_done, cur_item, corpus_count, pending_total, pending_favs, map_size, saved_crashes, saved_hangs, max_depth, execs_per_sec, total_execs, edges_found
61, 7, 2, 3, 0, 0, 30.43%, 0, 0, 2, 333.53, 20339, 7
66, 8, 0, 3, 0, 0, 30.43%, 0, 0, 2, 330.48, 22001, 7
71, 9, 2, 3, 0, 0, 30.43%, 0, 0, 2, 330.40, 23714, 7
76, 9, 0, 3, 0, 0, 30.43%, 0, 0, 2, 329.10, 25418, 7
81, 10, 2, 3, 0, 0, 30.43%, 0, 0, 2, 331.39, 27137, 7
86, 11, 2, 3, 0, 0, 30.43%, 0, 0, 2, 332.62, 28813, 7
91, 11, 2, 3, 0, 0, 30.43%, 0, 0, 2, 334.12, 30507, 7
96, 12, 2, 3, 0, 0, 30.43%, 0, 0, 2, 333.14, 32189, 7
102, 13, 2, 3, 0, 0, 30.43%, 0, 0, 2, 334.28, 33887, 7
107, 13, 2, 3, 0, 0, 30.43%, 0, 0, 2, 330.26, 35576, 7
112, 14, 2, 3, 0, 0, 30.43%, 0, 0, 2, 327.76, 37257, 7
117, 15, 1, 3, 0, 0, 30.43%, 0, 0, 2, 331.50, 38939, 7
122, 15, 2, 3, 0, 0, 30.43%, 0, 0, 2, 333.35, 40607, 7
127, 16, 0, 3, 0, 0, 30.43%, 0, 0, 2, 332.60, 42289, 7
132, 17, 2, 3, 0, 0, 30.43%, 0, 0, 2, 330.82, 43994, 7
137, 18, 2, 3, 0, 0, 30.43%, 0, 0, 2, 333.90, 45682, 7
142, 18, 2, 3, 0, 0, 30.43%, 0, 0, 2, 333.39, 47374, 7
147, 19, 2, 3, 0, 0, 30.43%, 0, 0, 2, 327.18, 49051, 7
152, 20, 2, 3, 0, 0, 30.43%, 0, 0, 2, 333.08, 50749, 7
157, 20, 2, 3, 0, 0, 30.43%, 0, 0, 2, 330.45, 52419, 7
163, 21, 0, 3, 0, 0, 30.43%, 0, 0, 2, 324.69, 54091, 7
168, 22, 2, 3, 0, 0, 30.43%, 0, 0, 2, 329.46, 55752, 7
173, 22, 2, 3, 0, 0, 30.43%, 0, 0, 2, 324.36, 57421, 7
178, 23, 1, 3, 0, 0, 30.43%, 0, 0, 2, 329.68, 59085, 7
183, 24, 2, 3, 0, 0, 30.43%, 0, 0, 2, 332.80, 60819, 7
185, 24, 2, 3, 0, 0, 30.43%, 1, 0, 2, 325.79, 61374, 7
