# relative_time, cycles_done, cur_item, corpus_count, pending_total, pending_favs, map_size, saved_crashes, saved_hangs, max_depth, execs_per_sec, total_execs, edges_found
60, 7, 2, 3, 0, 0, 30.43%, 0, 0, 2, 334.28, 20254, 7
66, 8, 2, 3, 0, 0, 30.43%, 0, 0, 2, 334.68, 21952, 7
71, 9, 0, 3, 0, 0, 30.43%, 0, 0, 2, 333.69, 23640, 7
76, 10, 2, 3, 0, 0, 30.43%, 0, 0, 2, 330.85, 25339, 7
81, 10, 0, 3, 0, 0, 30.43%, 0, 0, 2, 328.37, 27041, 7
86, 11, 2, 3, 0, 0, 30.43%, 0, 0, 2, 331.85, 28738, 7
91, 12, 2, 3, 0, 0, 30.43%, 0, 0, 2, 334.46, 30438, 7
96, 13, 2, 3, 0, 0, 30.43%, 0, 0, 2, 334.52, 32114, 7
101, 13, 2, 3, 0, 0, 30.43%, 0, 0, 2, 334.94, 33800, 7
106, 14, 0, 3, 0, 0, 30.43%, 0, 0, 2, 329.63, 35510, 7
111, 15, 2, 3, 0, 0, 30.43%, 0, 0, 2, 332.76, 37181, 7
116, 16, 0, 3, 0, 0, 30.43%, 0, 0, 2, 332.44, 38851, 7
121, 16, 2, 3, 0, 0, 30.43%, 0, 0, 2, 329.06, 40544, 7
127, 17, 2, 3, 0, 0, 30.43%, 0, 0, 2, 331.99, 42226, 7
132, 17, 2, 3, 0, 0, 30.43%, 0, 0, 2, 328.99, 43876, 7
137, 18, 2, 3, 0, 0, 30.43%, 0, 0, 2, 333.56, 45558, 7
142, 19, 2, 3, 0, 0, 30.43%, 0, 0, 2, 333.19, 47234, 7
147, 20, 2, 3, 0, 0, 30.43%, 0, 0, 2, 334.22, 48940, 7
152, 20, 0, 3, 0, 0, 30.43%, 0, 0, 2, 328.75, 50594, 7
157, 21, 2, 3, 0, 0, 30.43%, 0, 0, 2, 333.42, 52291, 7
162, 22, 2, 3, 0, 0, 30.43%, 0, 0, 2, 335.20, 53979, 7
167, 23, 2, 3, 0, 0, 30.43%, 0, 0, 2, 334.91, 55673, 7
172, 23, 2, 3, 0, 0, 30.43%, 0, 0, 2, 334.56, 57379, 7
177, 24, 2, 3, 0, 0, 30.43%, 0, 0, 2, 335.46, 59077, 7
182, 25, 2, 3, 0, 0, 30.43%, 0, 0, 2, 334.81, 60771, 7
187, 26, 2, 3, 0, 0, 30.43%, 0, 0, 2, 334.51, 62477, 7
192, 26, 2, 3, 0, 0, 30.43%, 0, 0, 2, 334.49, 64159, 7
197, 27, 2, 3, 0, 0, 30.43%, 0, 0, 2, 334.45, 65847, 7
202, 28, 2, 3, 0, 0, 30.43%, 0, 0, 2, 335.50, 67551, 7
207, 29, 2, 3, 0, 0, 30.43%, 0, 0, 2, 334.83, 69239, 7
212, 30, 2, 3, 0, 0, 30.43%, 0, 0, 2, 335.92, 70933, 7
218, 30, 2, 3, 0, 0, 30.43%, 0, 0, 2, 335.50, 72633, 7
223, 31, 2, 3, 0, 0, 30.43%, 0, 0, 2, 336.12, 74327, 7
226, 32, 2, 3, 0, 0, 30.43%, 1, 0, 2, 0.00, 75477, 7
