# relative_time, cycles_done, cur_item, corpus_count, pending_total, pending_favs, map_size, saved_crashes, saved_hangs, max_depth, execs_per_sec, total_execs, edges_found
61, 8, 2, 3, 0, 0, 30.43%, 0, 0, 2, 331.53, 20345, 7
66, 8, 2, 3, 0, 0, 30.43%, 0, 0, 2, 330.24, 22021, 7
71, 9, 2, 3, 0, 0, 30.43%, 0, 0, 2, 327.52, 23701, 7
76, 10, 2, 3, 0, 0, 30.43%, 0, 0, 2, 333.29, 25401, 7
81, 11, 2, 3, 0, 0, 30.43%, 0, 0, 2, 334.26, 27095, 7
86, 12, 2, 3, 0, 0, 30.43%, 0, 0, 2, 333.17, 28781, 7
91, 12, 1, 3, 0, 0, 30.43%, 0, 0, 2, 327.08, 30458, 7
96, 13, 2, 3, 0, 0, 30.43%, 0, 0, 2, 332.59, 32144, 7
101, 14, 2, 3, 0, 0, 30.43%, 0, 0, 2, 332.97, 33832, 7
107, 14, 0, 3, 0, 0, 30.43%, 0, 0, 2, 328.02, 35540, 7
112, 15, 2, 3, 0, 0, 30.43%, 0, 0, 2, 330.72, 37207, 7
117, 16, 2, 3, 0, 0, 30.43%, 0, 0, 2, 334.10, 38907, 7
122, 17, 0, 3, 0, 0, 30.43%, 0, 0, 2, 334.41, 40607, 7
127, 17, 0, 3, 0, 0, 30.43%, 0, 0, 2, 325.94, 42262, 7
132, 18, 2, 3, 0, 0, 30.43%, 0, 0, 2, 330.66, 43969, 7
137, 18, 0, 3, 0, 0, 30.43%, 0, 0, 2, 329.58, 45631, 7
142, 19, 2, 3, 0, 0, 30.43%, 0, 0, 2, 331.80, 47350, 7
147, 20, 2, 3, 0, 0, 30.43%, 0, 0, 2, 332.35, 49024, 7
152, 21, 2, 3, 0, 0, 30.43%, 0, 0, 2, 334.66, 50736, 7
157, 22, 1, 3, 0, 0, 30.43%, 0, 0, 2, 335.13, 52412, 7
163, 22, 2, 3, 0, 0, 30.43%, 0, 0, 2, 329.31, 54099, 7
168, 23, 2, 3, 0, 0, 30.43%, 0, 0, 2, 333.60, 55785, 7
173, 24, 2, 3, 0, 0, 30.43%, 0, 0, 2, 332.30, 57449, 7
178, 24, 2, 3, 0, 0, 30.43%, 0, 0, 2, 332.80, 59143, 7
183, 25, 2, 3, 0, 0, 30.43%, 0, 0, 2, 333.51, 60817, 7
188, 26, 0, 3, 0, 0, 30.43%, 0, 0, 2, 330.72, 62535, 7
193, 27, 2, 3, 0, 0, 30.43%, 0, 0, 2, 330.62, 64186, 7
198, 27, 2, 3, 0, 0, 30.43%, 0, 0, 2, 329.42, 65879, 7
203, 28, 2, 3, 0, 0, 30.43%, 0, 0, 2, 329.95, 67561, 7
208, 29, 0, 3, 0, 0, 30.43%, 0, 0, 2, 332.47, 69249, 7
213, 29, 2, 3, 0, 0, 30.43%, 0, 0, 2, 332.14, 70966, 7
218, 30, 2, 3, 0, 0, 30.43%, 0, 0, 2, 334.43, 72648, 7
224, 31, 0, 3, 0, 0, 30.43%, 0, 0, 2, 329.41, 74358, 7
229, 31, 2, 3, 0, 0, 30.43%, 0, 0, 2, 330.49, 76011, 7
234, 32, 2, 3, 0, 0, 30.43%, 0, 0, 2, 333.47, 77693, 7
239, 33, 2, 3, 0, 0, 30.43%, 0, 0, 2, 334.01, 79379, 7
244, 34, 2, 3, 0, 0, 30.43%, 0, 0, 2, 333.49, 81067, 7
249, 34, 2, 3, 0, 0, 30.43%, 0, 0, 2, 333.98, 82743, 7
254, 35, 0, 3, 0, 0, 30.43%, 0, 0, 2, 327.23, 84418, 7
259, 35, 2, 3, 0, 0, 30.43%, 0, 0, 2, 330.65, 86135, 7
264, 36, 2, 3, 0, 0, 30.43%, 0, 0, 2, 331.55, 87853, 7
269, 37, 2, 3, 0, 0, 30.43%, 0, 0, 2, 332.58, 89535, 7
275, 37, 0, 3, 0, 0, 30.43%, 0, 0, 2, 327.04, 91225, 7
280, 38, 2, 3, 0, 0, 30.43%, 0, 0, 2, 331.59, 92904, 7
285, 39, 2, 3, 0, 0, 30.43%, 0, 0, 2, 331.59, 94628, 7
290, 40, 2, 3, 0, 0, 30.43%, 0, 0, 2, 334.47, 96332, 7
295, 41, 2, 3, 0, 0, 30.43%, 0, 0, 2, 331.00, 98008, 7
300, 41, 2, 3, 0, 0, 30.43%, 0, 0, 2, 333.56, 99696, 7
305, 42, 2, 3, 0, 0, 30.43%, 0, 0, 2, 331.32, 101360, 7
310, 43, 2, 3, 0, 0, 30.43%, 0, 0, 2, 332.49, 103048, 7
315, 44, 2, 3, 0, 0, 30.43%, 0, 0, 2, 333.19, 104734, 7
320, 45, 2, 3, 0, 0, 30.43%, 0, 0, 2, 333.88, 106422, 7
325, 45, 0, 3, 0, 0, 30.43%, 0, 0, 2, 329.52, 108132, 7
331, 46, 2, 3, 0, 0, 30.43%, 0, 0, 2, 332.10, 109851, 7
336, 47, 0, 3, 0, 0, 30.43%, 0, 0, 2, 327.59, 111501, 7
341, 47, 0, 3, 0, 0, 30.43%, 0, 0, 2, 324.90, 113156, 7
346, 47, 2, 3, 0, 0, 30.43%, 0, 0, 2, 327.79, 114834, 7
351, 48, 2, 3, 0, 0, 30.43%, 0, 0, 2, 333.64, 116540, 7
356, 49, 2, 3, 0, 0, 30.43%, 0, 0, 2, 333.48, 118222, 7
361, 50, 2, 3, 0, 0, 30.43%, 0, 0, 2, 334.00, 119904, 7
366, 50, 2, 3, 0, 0, 30.43%, 0, 0, 2, 332.00, 121580, 7
371, 51, 2, 3, 0, 0, 30.43%, 0, 0, 2, 332.47, 123268, 7
376, 52, 0, 3, 0, 0, 30.43%, 0, 0, 2, 328.73, 124976, 7
381, 52, 2, 3, 0, 0, 30.43%, 0, 0, 2, 332.44, 126649, 7
386, 53, 2, 3, 0, 0, 30.43%, 0, 0, 2, 332.57, 128329, 7
391, 54, 2, 3, 0, 0, 30.43%, 0, 0, 2, 334.65, 130035, 7
396, 55, 2, 3, 0, 0, 30.43%, 0, 0, 2, 332.25, 131699, 7
402, 55, 2, 3, 0, 0, 30.43%, 0, 0, 2, 327.80, 133380, 7
407, 56, 2, 3, 0, 0, 30.43%, 0, 0, 2, 331.93, 135050, 7
412, 57, 2, 3, 0, 0, 30.43%, 0, 0, 2, 334.21, 136748, 7
417, 58, 2, 3, 0, 0, 30.43%, 0, 0, 2, 334.12, 138436, 7
422, 58, 2, 3, 0, 0, 30.43%, 0, 0, 2, 333.73, 140136, 7
427, 59, 0, 3, 0, 0, 30.43%, 0, 0, 2, 327.82, 141826, 7
432, 60, 2, 3, 0, 0, 30.43%, 0, 0, 2, 331.65, 143505, 7
437, 60, 2, 3, 0, 0, 30.43%, 0, 0, 2, 333.50, 145199, 7
442, 61, 2, 3, 0, 0, 30.43%, 0, 0, 2, 332.97, 146887, 7
447, 62, 2, 3, 0, 0, 30.43%, 0, 0, 2, 333.37, 148561, 7
452, 63, 2, 3, 0, 0, 30.43%, 0, 0, 2, 331.79, 150225, 7
457, 64, 2, 3, 0, 0, 30.43%, 0, 0, 2, 333.96, 151913, 7
462, 65, 0, 3, 0, 0, 30.43%, 0, 0, 2, 332.44, 153583, 7
467, 65, 2, 3, 0, 0, 30.43%, 0, 0, 2, 331.43, 155282, 7
473, 66, 0, 3, 0, 0, 30.43%, 0, 0, 2, 329.59, 156986, 7
478, 66, 2, 3, 0, 0, 30.43%, 0, 0, 2, 331.17, 158639, 7
483, 67, 2, 3, 0, 0, 30.43%, 0, 0, 2, 332.81, 160319, 7
488, 68, 2, 3, 0, 0, 30.43%, 0, 0, 2, 333.91, 162055, 7
493, 68, 0, 3, 0, 0, 30.43%, 0, 0, 2, 328.51, 163751, 7
498, 69, 2, 3, 0, 0, 30.43%, 0, 0, 2, 332.58, 165436, 7
503, 70, 0, 3, 0, 0, 30.43%, 0, 0, 2, 330.66, 167124, 7
508, 70, 2, 3, 0, 0, 30.43%, 0, 0, 2, 330.95, 168817, 7
513, 71, 1, 3, 0, 0, 30.43%, 0, 0, 2, 332.42, 170481, 7
519, 72, 0, 3, 0, 0, 30.43%, 0, 0, 2, 327.43, 172169, 7
524, 73, 2, 3, 0, 0, 30.43%, 0, 0, 2, 331.76, 173848, 7
529, 74, 2, 3, 0, 0, 30.43%, 0, 0, 2, 333.25, 175536, 7
534, 74, 0, 3, 0, 0, 30.43%, 0, 0, 2, 329.28, 177244, 7
539, 74, 2, 3, 0, 0, 30.43%, 0, 0, 2, 328.95, 178934, 7
544, 75, 2, 3, 0, 0, 30.43%, 0, 0, 2, 331.77, 180622, 7
549, 76, 2, 3, 0, 0, 30.43%, 0, 0, 2, 333.57, 182328, 7
554, 77, 0, 3, 0, 0, 30.43%, 0, 0, 2, 332.70, 183998, 7
559, 77, 2, 3, 0, 0, 30.43%, 0, 0, 2, 331.51, 185703, 7
564, 78, 2, 3, 0, 0, 30.43%, 0, 0, 2, 333.31, 187379, 7
569, 79, 0, 3, 0, 0, 30.43%, 0, 0, 2, 333.58, 189061, 7
575, 79, 2, 3, 0, 0, 30.43%, 0, 0, 2, 330.36, 190760, 7
580, 80, 2, 3, 0, 0, 30.43%, 0, 0, 2, 333.04, 192436, 7
585, 80, 2, 3, 0, 0, 30.43%, 0, 0, 2, 325.91, 194123, 7
590, 81, 2, 3, 0, 0, 30.43%, 0, 0, 2, 332.32, 195805, 7
595, 82, 2, 3, 0, 0, 30.43%, 0, 0, 2, 334.37, 197497, 7
600, 83, 2, 3, 0, 0, 30.43%, 0, 0, 2, 332.72, 199167, 7
605, 83, 0, 3, 0, 0, 30.43%, 0, 0, 2, 329.67, 200861, 7
610, 84, 2, 3, 0, 0, 30.43%, 0, 0, 2, 329.69, 202560, 7
615, 85, 2, 3, 0, 0, 30.43%, 0, 0, 2, 331.42, 204230, 7
620, 85, 2, 3, 0, 0, 30.43%, 0, 0, 2, 327.40, 205911, 7
626, 86, 0, 3, 0, 0, 30.43%, 0, 0, 2, 326.07, 207609, 7
631, 87, 2, 3, 0, 0, 30.43%, 0, 0, 2, 330.31, 209316, 7
636, 87, 2, 3, 0, 0, 30.43%, 0, 0, 2, 331.47, 211040, 7
641, 88, 2, 3, 0, 0, 30.43%, 0, 0, 2, 332.40, 212728, 7
646, 89, 2, 3, 0, 0, 30.43%, 0, 0, 2, 331.10, 214439, 7
651, 89, 2, 3, 0, 0, 30.43%, 0, 0, 2, 326.28, 216127, 7
656, 90, 0, 3, 0, 0, 30.43%, 0, 0, 2, 328.17, 217783, 7
662, 90, 0, 3, 0, 0, 30.43%, 0, 0, 2, 325.10, 219444, 7
667, 91, 2, 3, 0, 0, 30.43%, 0, 0, 2, 326.80, 221133, 7
672, 92, 2, 3, 0, 0, 30.43%, 0, 0, 2, 332.04, 222827, 7
677, 93, 2, 3, 0, 0, 30.43%, 0, 0, 2, 332.49, 224497, 7
682, 94, 2, 3, 0, 0, 30.43%, 0, 0, 2, 331.59, 226173, 7
687, 94, 2, 3, 0, 0, 30.43%, 0, 0, 2, 330.78, 227823, 7
692, 95, 2, 3, 0, 0, 30.43%, 0, 0, 2, 332.35, 229493, 7
697, 95, 2, 3, 0, 0, 30.43%, 0, 0, 2, 326.83, 231168, 7
702, 96, 2, 3, 0, 0, 30.43%, 0, 0, 2, 327.06, 232808, 7
707, 97, 2, 3, 0, 0, 30.43%, 0, 0, 2, 330.35, 234496, 7
712, 98, 2, 3, 0, 0, 30.43%, 0, 0, 2, 331.02, 236154, 7
717, 98, 2, 3, 0, 0, 30.43%, 0, 0, 2, 331.38, 237816, 7
722, 99, 2, 3, 0, 0, 30.43%, 0, 0, 2, 331.07, 239480, 7
727, 100, 2, 3, 0, 0, 30.43%, 0, 0, 2, 332.51, 241144, 7
732, 101, 2, 3, 0, 0, 30.43%, 0, 0, 2, 332.48, 242820, 7
737, 102, 2, 3, 0, 0, 30.43%, 0, 0, 2, 332.92, 244502, 7
742, 102, 2, 3, 0, 0, 30.43%, 0, 0, 2, 333.56, 246176, 7
747, 103, 2, 3, 0, 0, 30.43%, 0, 0, 2, 331.63, 247834, 7
752, 104, 2, 3, 0, 0, 30.43%, 0, 0, 2, 332.39, 249516, 7
757, 105, 2, 3, 0, 0, 30.43%, 0, 0, 2, 331.53, 251174, 7
762, 105, 2, 3, 0, 0, 30.43%, 0, 0, 2, 330.97, 252854, 7
768, 106, 2, 3, 0, 0, 30.43%, 0, 0, 2, 331.73, 254530, 7
773, 107, 0, 3, 0, 0, 30.43%, 0, 0, 2, 328.79, 256186, 7
778, 107, 2, 3, 0, 0, 30.43%, 0, 0, 2, 330.74, 257899, 7
783, 109, 0, 3, 0, 0, 30.43%, 0, 0, 2, 330.78, 259557, 7
788, 109, 2, 3, 0, 0, 30.43%, 0, 0, 2, 328.45, 261244, 7
793, 110, 2, 3, 0, 0, 30.43%, 0, 0, 2, 330.71, 262900, 7
798, 111, 2, 3, 0, 0, 30.43%, 0, 0, 2, 332.90, 264576, 7
803, 111, 2, 3, 0, 0, 30.43%, 0, 0, 2, 324.45, 266245, 7
808, 112, 0, 3, 0, 0, 30.43%, 0, 0, 2, 327.26, 267901, 7
813, 112, 2, 3, 0, 0, 30.43%, 0, 0, 2, 329.14, 269602, 7
818, 113, 2, 3, 0, 0, 30.43%, 0, 0, 2, 325.70, 271259, 7
824, 114, 0, 3, 0, 0, 30.43%, 0, 0, 2, 327.13, 272957, 7
829, 114, 2, 3, 0, 0, 30.43%, 0, 0, 2, 329.67, 274604, 7
834, 115, 2, 3, 0, 0, 30.43%, 0, 0, 2, 327.76, 276285, 7
839, 115, 2, 3, 0, 0, 30.43%, 0, 0, 2, 331.92, 277955, 7
844, 116, 0, 3, 0, 0, 30.43%, 0, 0, 2, 326.17, 279645, 7
849, 117, 2, 3, 0, 0, 30.43%, 0, 0, 2, 330.20, 281366, 7
854, 117, 2, 3, 0, 0, 30.43%, 0, 0, 2, 331.73, 283078, 7
859, 118, 2, 3, 0, 0, 30.43%, 0, 0, 2, 331.98, 284758, 7
864, 119, 2, 3, 0, 0, 30.43%, 0, 0, 2, 332.32, 286440, 7
870, 120, 2, 3, 0, 0, 30.43%, 0, 0, 2, 332.08, 288164, 7
875, 121, 2, 3, 0, 0, 30.43%, 0, 0, 2, 331.48, 289826, 7
880, 121, 0, 3, 0, 0, 30.43%, 0, 0, 2, 329.81, 291544, 7
885, 122, 2, 3, 0, 0, 30.43%, 0, 0, 2, 328.25, 293239, 7
890, 123, 2, 3, 0, 0, 30.43%, 0, 0, 2, 329.86, 294907, 7
895, 123, 2, 3, 0, 0, 30.43%, 0, 0, 2, 331.20, 296571, 7
900, 124, 2, 3, 0, 0, 30.43%, 0, 0, 2, 332.14, 298241, 7
905, 125, 0, 3, 0, 0, 30.43%, 0, 0, 2, 327.21, 299897, 7
910, 126, 2, 3, 0, 0, 30.43%, 0, 0, 2, 329.23, 301592, 7
915, 126, 2, 3, 0, 0, 30.43%, 0, 0, 2, 332.63, 303284, 7
920, 127, 2, 3, 0, 0, 30.43%, 0, 0, 2, 332.40, 304954, 7
926, 128, 0, 3, 0, 0, 30.43%, 0, 0, 2, 328.67, 306666, 7
931, 128, 2, 3, 0, 0, 30.43%, 0, 0, 2, 329.38, 308371, 7
936, 129, 2, 3, 0, 0, 30.43%, 0, 0, 2, 330.93, 310041, 7
941, 130, 2, 3, 0, 0, 30.43%, 0, 0, 2, 331.00, 311765, 7
946, 131, 2, 3, 0, 0, 30.43%, 0, 0, 2, 331.17, 313489, 7
951, 131, 2, 3, 0, 0, 30.43%, 0, 0, 2, 327.10, 315170, 7
957, 132, 0, 3, 0, 0, 30.43%, 0, 0, 2, 326.09, 316868, 7
962, 133, 2, 3, 0, 0, 30.43%, 0, 0, 2, 328.79, 318575, 7
967, 133, 2, 3, 0, 0, 30.43%, 0, 0, 2, 329.19, 320239, 7
972, 134, 2, 3, 0, 0, 30.43%, 0, 0, 2, 331.17, 321913, 7
977, 134, 2, 3, 0, 0, 30.43%, 0, 0, 2, 328.43, 323594, 7
982, 135, 0, 3, 0, 0, 30.43%, 0, 0, 2, 327.69, 325238, 7
987, 136, 2, 3, 0, 0, 30.43%, 0, 0, 2, 329.40, 326939, 7
992, 137, 2, 3, 0, 0, 30.43%, 0, 0, 2, 332.16, 328633, 7
997, 138, 2, 3, 0, 0, 30.43%, 0, 0, 2, 331.66, 330303, 7
1002, 138, 2, 3, 0, 0, 30.43%, 0, 0, 2, 329.93, 331959, 7
1007, 139, 2, 3, 0, 0, 30.43%, 0, 0, 2, 331.27, 333623, 7
1013, 140, 2, 3, 0, 0, 30.43%, 0, 0, 2, 327.08, 335304, 7
1018, 141, 2, 3, 0, 0, 30.43%, 0, 0, 2, 327.14, 336950, 7
1023, 141, 2, 3, 0, 0, 30.43%, 0, 0, 2, 326.38, 338631, 7
1028, 142, 2, 3, 0, 0, 30.43%, 0, 0, 2, 330.47, 340295, 7
1033, 142, 2, 3, 0, 0, 30.43%, 0, 0, 2, 334.13, 341999, 7
1038, 143, 2, 3, 0, 0, 30.43%, 0, 0, 2, 333.97, 343735, 7
1043, 144, 2, 3, 0, 0, 30.43%, 0, 0, 2, 330.62, 345393, 7
1048, 145, 2, 3, 0, 0, 30.43%, 0, 0, 2, 331.66, 347057, 7
1053, 146, 2, 3, 0, 0, 30.43%, 0, 0, 2, 331.86, 348725, 7
1058, 147, 2, 3, 0, 0, 30.43%, 0, 0, 2, 331.26, 350443, 7
1063, 147, 2, 3, 0, 0, 30.43%, 0, 0, 2, 333.43, 352125, 7
1068, 148, 0, 3, 0, 0, 30.43%, 0, 0, 2, 332.90, 353807, 7
1073, 149, 2, 3, 0, 0, 30.43%, 0, 0, 2, 328.52, 355482, 7
1079, 149, 2, 3, 0, 0, 30.43%, 0, 0, 2, 331.25, 357152, 7
1084, 150, 2, 3, 0, 0, 30.43%, 0, 0, 2, 332.81, 358834, 7
1089, 151, 2, 3, 0, 0, 30.43%, 0, 0, 2, 333.58, 360508, 7
1094, 151, 0, 3, 0, 0, 30.43%, 0, 0, 2, 326.52, 362165, 7
1099, 151, 0, 3, 0, 0, 30.43%, 0, 0, 2, 323.40, 363814, 7
1104, 152, 2, 3, 0, 0, 30.43%, 0, 0, 2, 328.61, 365475, 7
1109, 153, 2, 3, 0, 0, 30.43%, 0, 0, 2, 331.40, 367137, 7
1114, 154, 2, 3, 0, 0, 30.43%, 0, 0, 2, 331.11, 368801, 7
1119, 154, 2, 3, 0, 0, 30.43%, 0, 0, 2, 331.40, 370471, 7
1124, 155, 2, 3, 0, 0, 30.43%, 0, 0, 2, 331.94, 372201, 7
1129, 156, 2, 3, 0, 0, 30.43%, 0, 0, 2, 333.43, 373869, 7
1134, 157, 2, 3, 0, 0, 30.43%, 0, 0, 2, 333.08, 375563, 7
1139, 158, 2, 3, 0, 0, 30.43%, 0, 0, 2, 331.87, 377245, 7
1144, 158, 2, 3, 0, 0, 30.43%, 0, 0, 2, 332.00, 378909, 7
1149, 159, 2, 3, 0, 0, 30.43%, 0, 0, 2, 331.71, 380579, 7
1154, 160, 2, 3, 0, 0, 30.43%, 0, 0, 2, 331.06, 382255, 7
1159, 161, 2, 3, 0, 0, 30.43%, 0, 0, 2, 331.21, 383923, 7
1165, 161, 2, 3, 0, 0, 30.43%, 0, 0, 2, 327.96, 385604, 7
1170, 162, 2, 3, 0, 0, 30.43%, 0, 0, 2, 331.33, 387274, 7
1175, 163, 2, 3, 0, 0, 30.43%, 0, 0, 2, 331.90, 388950, 7
1180, 163, 2, 3, 0, 0, 30.43%, 0, 0, 2, 326.26, 390625, 7
1185, 164, 2, 3, 0, 0, 30.43%, 0, 0, 2, 329.98, 392287, 7
1190, 165, 2, 3, 0, 0, 30.43%, 0, 0, 2, 329.84, 393999, 7
1195, 166, 2, 3, 0, 0, 30.43%, 0, 0, 2, 330.75, 395675, 7
1200, 166, 2, 3, 0, 0, 30.43%, 0, 0, 2, 330.54, 397159, 7
