# relative_time, cycles_done, cur_item, corpus_count, pending_total, pending_favs, map_size, saved_crashes, saved_hangs, max_depth, execs_per_sec, total_execs, edges_found
61, 5, 0, 1, 0, 0, 25.00%, 0, 0, 1, 325.71, 19947, 2
66, 6, 0, 1, 0, 0, 25.00%, 0, 0, 1, 325.54, 21595, 2
71, 6, 0, 1, 0, 0, 25.00%, 0, 0, 1, 325.99, 23250, 2
76, 7, 0, 1, 0, 0, 25.00%, 0, 0, 1, 325.71, 24911, 2
81, 7, 0, 1, 0, 0, 25.00%, 0, 0, 1, 322.81, 26571, 2
87, 8, 0, 1, 0, 0, 25.00%, 0, 0, 1, 324.44, 28232, 2
92, 8, 0, 1, 0, 0, 25.00%, 0, 0, 1, 324.12, 29886, 2
97, 9, 0, 1, 0, 0, 25.00%, 0, 0, 1, 323.54, 31541, 2
102, 9, 0, 1, 0, 0, 25.00%, 0, 0, 1, 325.07, 33213, 2
107, 10, 0, 1, 0, 0, 25.00%, 0, 0, 1, 325.35, 34874, 2
112, 10, 0, 1, 0, 0, 25.00%, 0, 0, 1, 326.53, 36553, 2
117, 11, 0, 1, 0, 0, 25.00%, 0, 0, 1, 327.18, 38225, 2
122, 11, 0, 1, 0, 0, 25.00%, 0, 0, 1, 326.33, 39892, 2
127, 12, 0, 1, 0, 0, 25.00%, 0, 0, 1, 325.13, 41558, 2
133, 12, 0, 1, 0, 0, 25.00%, 0, 0, 1, 326.44, 43231, 2
138, 12, 0, 1, 0, 0, 25.00%, 0, 0, 1, 326.07, 44892, 2
143, 13, 0, 1, 0, 0, 25.00%, 0, 0, 1, 326.14, 46546, 2
148, 13, 0, 1, 0, 0, 25.00%, 0, 0, 1, 325.80, 48213, 2
153, 14, 0, 1, 0, 0, 25.00%, 0, 0, 1, 325.50, 49873, 2
158, 14, 0, 1, 0, 0, 25.00%, 0, 0, 1, 326.95, 51546, 2
163, 15, 0, 1, 0, 0, 25.00%, 0, 0, 1, 325.83, 53224, 2
168, 15, 0, 1, 0, 0, 25.00%, 0, 0, 1, 326.66, 54897, 2
173, 16, 0, 1, 0, 0, 25.00%, 0, 0, 1, 325.95, 56570, 2
179, 16, 0, 1, 0, 0, 25.00%, 0, 0, 1, 324.99, 58236, 2
184, 17, 0, 1, 0, 0, 25.00%, 0, 0, 1, 325.36, 59903, 2
189, 17, 0, 1, 0, 0, 25.00%, 0, 0, 1, 325.65, 61575, 2
194, 18, 0, 1, 0, 0, 25.00%, 0, 0, 1, 326.44, 63260, 2
199, 18, 0, 1, 0, 0, 25.00%, 0, 0, 1, 326.11, 64920, 2
204, 19, 0, 1, 0, 0, 25.00%, 0, 0, 1, 325.95, 66593, 2
209, 19, 0, 1, 0, 0, 25.00%, 0, 0, 1, 326.00, 68254, 2
214, 20, 0, 1, 0, 0, 25.00%, 0, 0, 1, 325.01, 69920, 2
220, 20, 0, 1, 0, 0, 25.00%, 0, 0, 1, 322.67, 71581, 2
225, 21, 0, 1, 0, 0, 25.00%, 0, 0, 1, 324.71, 73253, 2
230, 21, 0, 1, 0, 0, 25.00%, 0, 0, 1, 326.19, 74914, 2
235, 21, 0, 1, 0, 0, 25.00%, 0, 0, 1, 326.88, 76593, 2
240, 22, 0, 1, 0, 0, 25.00%, 0, 0, 1, 323.38, 78253, 2
245, 22, 0, 1, 0, 0, 25.00%, 0, 0, 1, 325.37, 79926, 2
250, 23, 0, 1, 0, 0, 25.00%, 0, 0, 1, 324.89, 81586, 2
256, 23, 0, 1, 0, 0, 25.00%, 0, 0, 1, 321.14, 83247, 2
261, 24, 0, 1, 0, 0, 25.00%, 0, 0, 1, 324.71, 84919, 2
266, 24, 0, 1, 0, 0, 25.00%, 0, 0, 1, 295.26, 86445, 2
271, 25, 0, 1, 0, 0, 25.00%, 0, 0, 1, 320.33, 88121, 2
276, 25, 0, 1, 0, 0, 25.00%, 0, 0, 1, 322.36, 89787, 2
281, 26, 0, 1, 0, 0, 25.00%, 0, 0, 1, 325.01, 91448, 2
286, 26, 0, 1, 0, 0, 25.00%, 0, 0, 1, 326.49, 93120, 2
289, 26, 0, 1, 0, 0, 25.00%, 1, 0, 1, 314.67, 94019, 2
