# relative_time, cycles_done, cur_item, corpus_count, pending_total, pending_favs, map_size, saved_crashes, saved_hangs, max_depth, execs_per_sec, total_execs, edges_found
61, 7, 2, 3, 0, 0, 36.00%, 0, 0, 2, 322.25, 19944, 9
66, 8, 0, 3, 0, 0, 36.00%, 0, 0, 2, 321.95, 21612, 9
72, 8, 0, 3, 0, 0, 36.00%, 0, 0, 2, 322.31, 23264, 9
77, 10, 2, 3, 0, 0, 36.00%, 0, 0, 2, 324.69, 24925, 9
82, 10, 2, 3, 0, 0, 36.00%, 0, 0, 2, 322.77, 26577, 9
87, 11, 0, 3, 0, 0, 36.00%, 0, 0, 2, 324.31, 28251, 9
92, 11, 0, 3, 0, 0, 36.00%, 0, 0, 2, 321.67, 29900, 9
97, 12, 2, 3, 0, 0, 36.00%, 0, 0, 2, 323.27, 31558, 9
102, 13, 0, 3, 0, 0, 36.00%, 0, 0, 2, 324.91, 33232, 9
108, 14, 0, 3, 0, 0, 36.00%, 0, 0, 2, 319.52, 34881, 9
113, 14, 0, 3, 0, 0, 36.00%, 0, 0, 2, 319.81, 36524, 9
118, 15, 2, 3, 0, 0, 36.00%, 0, 0, 2, 321.67, 38185, 9
123, 16, 2, 3, 0, 0, 36.00%, 0, 0, 2, 320.49, 39840, 9
128, 17, 0, 3, 0, 0, 36.00%, 0, 0, 2, 321.12, 41498, 9
133, 17, 2, 3, 0, 0, 36.00%, 0, 0, 2, 323.65, 43162, 9
138, 19, 0, 3, 0, 0, 36.00%, 0, 0, 2, 325.48, 44830, 9
144, 19, 1, 3, 0, 0, 36.00%, 0, 0, 2, 322.97, 46488, 9
149, 20, 2, 3, 0, 0, 36.00%, 0, 0, 2, 323.19, 48140, 9
154, 20, 2, 3, 0, 0, 36.00%, 0, 0, 2, 322.56, 49798, 9
159, 21, 0, 3, 0, 0, 36.00%, 0, 0, 2, 322.53, 51472, 9
164, 22, 0, 3, 0, 0, 36.00%, 0, 0, 2, 321.12, 53121, 9
169, 22, 2, 3, 0, 0, 36.00%, 0, 0, 2, 320.30, 54766, 9
174, 23, 0, 3, 0, 0, 36.00%, 0, 0, 2, 321.77, 56418, 9
180, 23, 0, 3, 0, 0, 36.00%, 0, 0, 2, 321.67, 58067, 9
185, 23, 0, 3, 0, 0, 36.00%, 0, 0, 2, 322.60, 59728, 9
190, 24, 0, 3, 0, 0, 36.00%, 0, 0, 2, 324.31, 61398, 9
195, 25, 2, 3, 0, 0, 36.00%, 0, 0, 2, 323.21, 63065, 9
200, 26, 0, 3, 0, 0, 36.00%, 0, 0, 2, 322.36, 64736, 9
205, 26, 2, 3, 0, 0, 36.00%, 0, 0, 2, 320.36, 66384, 9
210, 27, 2, 3, 0, 0, 36.00%, 0, 0, 2, 322.57, 68052, 9
216, 28, 2, 3, 0, 0, 36.00%, 0, 0, 2, 324.70, 69723, 9
221, 30, 2, 3, 0, 0, 36.00%, 0, 0, 2, 324.81, 71391, 9
226, 30, 2, 3, 0, 0, 36.00%, 0, 0, 2, 322.15, 73043, 9
231, 31, 0, 3, 0, 0, 36.00%, 0, 0, 2, 322.09, 74698, 9
236, 32, 2, 3, 0, 0, 36.00%, 0, 0, 2, 322.70, 76350, 9
241, 33, 2, 3, 0, 0, 36.00%, 0, 0, 2, 323.56, 78018, 9
247, 34, 2, 3, 0, 0, 36.00%, 0, 0, 2, 325.21, 79698, 9
252, 35, 2, 3, 0, 0, 36.00%, 0, 0, 2, 326.01, 81369, 9
257, 36, 2, 3, 0, 0, 36.00%, 0, 0, 2, 324.12, 83031, 9
262, 38, 2, 3, 0, 0, 36.00%, 0, 0, 2, 325.00, 84702, 9
267, 38, 0, 3, 0, 0, 36.00%, 0, 0, 2, 322.95, 86358, 9
272, 39, 0, 3, 0, 0, 36.00%, 0, 0, 2, 314.91, 87962, 9
277, 40, 2, 3, 0, 0, 36.00%, 0, 0, 2, 322.85, 89638, 9
281, 41, 2, 3, 0, 0, 36.00%, 1, 0, 2, 313.93, 90819, 9
