# relative_time, cycles_done, cur_item, corpus_count, pending_total, pending_favs, map_size, saved_crashes, saved_hangs, max_depth, execs_per_sec, total_execs, edges_found
61, 7, 2, 3, 0, 0, 30.43%, 0, 0, 2, 332.86, 20369, 7
66, 8, 2, 3, 0, 0, 30.43%, 0, 0, 2, 334.33, 22063, 7
71, 9, 1, 3, 0, 0, 30.43%, 0, 0, 2, 333.47, 23750, 7
76, 10, 2, 3, 0, 0, 30.43%, 0, 0, 2, 333.91, 25419, 7
81, 11, 2, 3, 0, 0, 30.43%, 0, 0, 2, 333.71, 27101, 7
86, 11, 2, 3, 0, 0, 30.43%, 0, 0, 2, 334.32, 28843, 7
91, 12, 2, 3, 0, 0, 30.43%, 0, 0, 2, 334.21, 30549, 7
96, 13, 2, 3, 0, 0, 30.43%, 0, 0, 2, 334.62, 32249, 7
102, 13, 2, 3, 0, 0, 30.43%, 0, 0, 2, 326.26, 33930, 7
107, 14, 2, 3, 0, 0, 30.43%, 0, 0, 2, 332.70, 35624, 7
112, 15, 2, 3, 0, 0, 30.43%, 0, 0, 2, 334.02, 37322, 7
117, 16, 2, 3, 0, 0, 30.43%, 0, 0, 2, 331.88, 38986, 7
122, 17, 2, 3, 0, 0, 30.43%, 0, 0, 2, 330.14, 40644, 7
127, 18, 2, 3, 0, 0, 30.43%, 0, 0, 2, 333.32, 42344, 7
132, 18, 2, 3, 0, 0, 30.43%, 0, 0, 2, 333.05, 44048, 7
137, 19, 2, 3, 0, 0, 30.43%, 0, 0, 2, 334.80, 45742, 7
142, 20, 2, 3, 0, 0, 30.43%, 0, 0, 2, 329.76, 47441, 7
147, 21, 2, 3, 0, 0, 30.43%, 0, 0, 2, 333.38, 49135, 7
152, 21, 2, 3, 0, 0, 30.43%, 0, 0, 2, 333.66, 50823, 7
157, 22, 2, 3, 0, 0, 30.43%, 0, 0, 2, 332.78, 52493, 7
162, 23, 2, 3, 0, 0, 30.43%, 0, 0, 2, 332.82, 54161, 7
167, 23, 0, 3, 0, 0, 30.43%, 0, 0, 2, 328.25, 55844, 7
173, 24, 2, 3, 0, 0, 30.43%, 0, 0, 2, 328.91, 57525, 7
178, 24, 2, 3, 0, 0, 30.43%, 0, 0, 2, 331.88, 59205, 7
183, 25, 2, 3, 0, 0, 30.43%, 0, 0, 2, 332.84, 60893, 7
188, 26, 2, 3, 0, 0, 30.43%, 0, 0, 2, 332.54, 62563, 7
193, 27, 2, 3, 0, 0, 30.43%, 0, 0, 2, 332.97, 64245, 7
198, 28, 2, 3, 0, 0, 30.43%, 0, 0, 2, 333.95, 65927, 7
203, 28, 2, 3, 0, 0, 30.43%, 0, 0, 2, 332.89, 67661, 7
208, 29, 2, 3, 0, 0, 30.43%, 0, 0, 2, 332.92, 69337, 7
213, 30, 0, 3, 0, 0, 30.43%, 1, 0, 2, 318.68, 70962, 7
