# relative_time, cycles_done, cur_item, corpus_count, pending_total, pending_favs, map_size, saved_crashes, saved_hangs, max_depth, execs_per_sec, total_execs, edges_found
61, 11, 2, 3, 0, 0, 36.00%, 0, 0, 2, 331.64, 20103, 9
66, 12, 0, 3, 0, 0, 36.00%, 0, 0, 2, 329.43, 21816, 9
71, 13, 2, 3, 0, 0, 36.00%, 0, 0, 2, 325.21, 23483, 9
76, 13, 2, 3, 0, 0, 36.00%, 0, 0, 2, 323.32, 25162, 9
82, 14, 0, 3, 0, 0, 36.00%, 0, 0, 2, 322.07, 26826, 9
87, 14, 2, 3, 0, 0, 36.00%, 0, 0, 2, 326.54, 28517, 9
92, 15, 2, 3, 0, 0, 36.00%, 0, 0, 2, 330.22, 30182, 9
97, 16, 0, 3, 0, 0, 36.00%, 0, 0, 2, 324.98, 31868, 9
102, 17, 2, 3, 0, 0, 36.00%, 0, 0, 2, 330.03, 33583, 9
107, 18, 0, 3, 0, 0, 36.00%, 0, 0, 2, 325.15, 35266, 9
112, 18, 2, 3, 0, 0, 36.00%, 0, 0, 2, 324.74, 36932, 9
118, 19, 0, 3, 0, 0, 36.00%, 0, 0, 2, 320.74, 38575, 9
123, 19, 0, 3, 0, 0, 36.00%, 0, 0, 2, 324.55, 40248, 9
128, 20, 2, 3, 0, 0, 36.00%, 0, 0, 2, 325.74, 41912, 9
133, 21, 2, 3, 0, 0, 36.00%, 0, 0, 2, 327.81, 43604, 9
138, 22, 0, 3, 0, 0, 36.00%, 0, 0, 2, 322.30, 45256, 9
143, 22, 0, 3, 0, 0, 36.00%, 0, 0, 2, 322.79, 46914, 9
148, 23, 0, 3, 0, 0, 36.00%, 0, 0, 2, 321.82, 48572, 9
154, 23, 2, 3, 0, 0, 36.00%, 0, 0, 2, 328.12, 50266, 9
159, 24, 0, 3, 0, 0, 36.00%, 0, 0, 2, 324.17, 51943, 9
164, 25, 0, 3, 0, 0, 36.00%, 0, 0, 2, 325.76, 53580, 9
165, 25, 0, 3, 0, 0, 36.00%, 1, 0, 2, 316.13, 54103, 9
