# relative_time, cycles_done, cur_item, corpus_count, pending_total, pending_favs, map_size, saved_crashes, saved_hangs, max_depth, execs_per_sec, total_execs, edges_found
61, 7, 0, 3, 0, 0, 36.00%, 0, 0, 2, 322.06, 20169, 9
67, 8, 1, 3, 0, 0, 36.00%, 0, 0, 2, 324.43, 21848, 9
72, 9, 1, 3, 0, 0, 36.00%, 0, 0, 2, 327.10, 23544, 9
77, 10, 1, 3, 0, 0, 36.00%, 0, 0, 2, 327.17, 25183, 9
82, 11, 0, 3, 0, 0, 36.00%, 0, 0, 2, 325.56, 26870, 9
87, 11, 0, 3, 0, 0, 36.00%, 0, 0, 2, 321.19, 28519, 9
92, 12, 1, 3, 0, 0, 36.00%, 0, 0, 2, 328.25, 30166, 9
97, 13, 2, 3, 0, 0, 36.00%, 0, 0, 2, 328.09, 31868, 9
102, 13, 0, 3, 0, 0, 36.00%, 0, 0, 2, 321.75, 33531, 9
108, 14, 0, 3, 0, 0, 36.00%, 0, 0, 2, 322.94, 35206, 9
113, 14, 1, 3, 0, 0, 36.00%, 0, 0, 2, 325.21, 36870, 9
118, 15, 0, 3, 0, 0, 36.00%, 0, 0, 2, 328.81, 38532, 9
123, 16, 1, 3, 0, 0, 36.00%, 0, 0, 2, 326.25, 40193, 9
128, 16, 0, 3, 0, 0, 36.00%, 0, 0, 2, 324.11, 41867, 9
133, 17, 0, 3, 0, 0, 36.00%, 0, 0, 2, 324.23, 43546, 9
138, 18, 2, 3, 0, 0, 36.00%, 0, 0, 2, 327.91, 45244, 9
143, 19, 1, 3, 0, 0, 36.00%, 0, 0, 2, 329.74, 46904, 9
149, 19, 0, 3, 0, 0, 36.00%, 0, 0, 2, 325.63, 48594, 9
154, 20, 2, 3, 0, 0, 36.00%, 0, 0, 2, 325.03, 50247, 9
159, 20, 1, 3, 0, 0, 36.00%, 0, 0, 2, 325.38, 51915, 9
164, 21, 1, 3, 0, 0, 36.00%, 0, 0, 2, 328.17, 53608, 9
169, 22, 1, 3, 0, 0, 36.00%, 0, 0, 2, 326.04, 55227, 9
174, 23, 1, 3, 0, 0, 36.00%, 0, 0, 2, 328.65, 56881, 9
179, 24, 1, 3, 0, 0, 36.00%, 0, 0, 2, 328.92, 58586, 9
184, 25, 1, 3, 0, 0, 36.00%, 0, 0, 2, 329.42, 60294, 9
189, 26, 1, 3, 0, 0, 36.00%, 0, 0, 2, 327.54, 61936, 9
195, 26, 2, 3, 0, 0, 36.00%, 0, 0, 2, 322.96, 63585, 9
200, 27, 1, 3, 0, 0, 36.00%, 0, 0, 2, 326.67, 65282, 9
205, 28, 2, 3, 0, 0, 36.00%, 0, 0, 2, 327.75, 66981, 9
210, 29, 1, 3, 0, 0, 36.00%, 0, 0, 2, 329.91, 68680, 9
215, 30, 2, 3, 0, 0, 36.00%, 0, 0, 2, 328.68, 70393, 9
220, 31, 1, 3, 0, 0, 36.00%, 0, 0, 2, 327.55, 72090, 9
226, 31, 1, 3, 0, 0, 36.00%, 0, 0, 2, 322.76, 73754, 9
231, 32, 0, 3, 0, 0, 36.00%, 0, 0, 2, 321.30, 75413, 9
236, 33, 1, 3, 0, 0, 36.00%, 0, 0, 2, 326.17, 77111, 9
241, 33, 2, 3, 0, 0, 36.00%, 0, 0, 2, 323.14, 78796, 9
246, 34, 2, 3, 0, 0, 36.00%, 0, 0, 2, 325.90, 80474, 9
251, 35, 0, 3, 0, 0, 36.00%, 0, 0, 2, 326.70, 82171, 9
257, 35, 1, 3, 0, 0, 36.00%, 0, 0, 2, 323.98, 83824, 9
262, 36, 2, 3, 0, 0, 36.00%, 0, 0, 2, 325.73, 85511, 9
267, 37, 2, 3, 0, 0, 36.00%, 0, 0, 2, 325.79, 87190, 9
272, 38, 2, 3, 0, 0, 36.00%, 0, 0, 2, 324.53, 88873, 9
277, 38, 1, 3, 0, 0, 36.00%, 0, 0, 2, 323.81, 90544, 9
282, 39, 1, 3, 0, 0, 36.00%, 0, 0, 2, 328.16, 92252, 9
288, 39, 1, 3, 0, 0, 36.00%, 0, 0, 2, 324.77, 93928, 9
292, 40, 1, 3, 0, 0, 36.00%, 1, 0, 2, 315.77, 95453, 9
