# relative_time, cycles_done, cur_item, corpus_count, pending_total, pending_favs, map_size, saved_crashes, saved_hangs, max_depth, execs_per_sec, total_execs, edges_found
61, 8, 0, 3, 0, 0, 36.00%, 0, 0, 2, 324.15, 20133, 9
66, 9, 0, 3, 0, 0, 36.00%, 0, 0, 2, 325.17, 21815, 9
72, 9, 2, 3, 0, 0, 36.00%, 0, 0, 2, 325.71, 23500, 9
77, 10, 0, 3, 0, 0, 36.00%, 0, 0, 2, 324.62, 25180, 9
82, 11, 0, 3, 0, 0, 36.00%, 0, 0, 2, 325.35, 26862, 9
87, 12, 2, 3, 0, 0, 36.00%, 0, 0, 2, 325.03, 28535, 9
92, 13, 0, 3, 0, 0, 36.00%, 0, 0, 2, 323.53, 30208, 9
97, 13, 2, 3, 0, 0, 36.00%, 0, 0, 2, 325.78, 31890, 9
103, 13, 0, 3, 0, 0, 36.00%, 0, 0, 2, 321.95, 33542, 9
108, 14, 2, 3, 0, 0, 36.00%, 0, 0, 2, 327.15, 35242, 9
113, 15, 0, 3, 0, 0, 36.00%, 0, 0, 2, 325.36, 36916, 9
118, 16, 2, 3, 0, 0, 36.00%, 0, 0, 2, 326.79, 38595, 9
123, 17, 0, 3, 0, 0, 36.00%, 0, 0, 2, 324.46, 40256, 9
128, 17, 0, 3, 0, 0, 36.00%, 0, 0, 2, 325.10, 41929, 9
134, 18, 2, 3, 0, 0, 36.00%, 0, 0, 2, 325.42, 43605, 9
139, 19, 2, 3, 0, 0, 36.00%, 0, 0, 2, 330.23, 45273, 9
144, 20, 0, 3, 0, 0, 36.00%, 0, 0, 2, 324.63, 46950, 9
149, 20, 2, 3, 0, 0, 36.00%, 0, 0, 2, 324.32, 48616, 9
154, 21, 0, 3, 0, 0, 36.00%, 0, 0, 2, 322.91, 50275, 9
159, 21, 0, 3, 0, 0, 36.00%, 0, 0, 2, 322.92, 51960, 9
164, 22, 1, 3, 0, 0, 36.00%, 0, 0, 2, 321.60, 53614, 9
169, 23, 2, 3, 0, 0, 36.00%, 0, 0, 2, 329.60, 55279, 9
175, 25, 2, 3, 0, 0, 36.00%, 0, 0, 2, 329.40, 56989, 9
180, 25, 2, 3, 0, 0, 36.00%, 0, 0, 2, 324.63, 58647, 9
185, 26, 2, 3, 0, 0, 36.00%, 0, 0, 2, 324.42, 60308, 9
190, 26, 2, 3, 0, 0, 36.00%, 0, 0, 2, 322.65, 61987, 9
195, 27, 2, 3, 0, 0, 36.00%, 0, 0, 2, 322.20, 63657, 9
200, 28, 0, 3, 0, 0, 36.00%, 0, 0, 2, 322.90, 65328, 9
206, 28, 0, 3, 0, 0, 36.00%, 0, 0, 2, 322.09, 66992, 9
211, 29, 2, 3, 0, 0, 36.00%, 0, 0, 2, 327.47, 68638, 9
216, 30, 0, 3, 0, 0, 36.00%, 0, 0, 2, 325.24, 70333, 9
221, 31, 0, 3, 0, 0, 36.00%, 0, 0, 2, 327.38, 72024, 9
226, 32, 0, 3, 0, 0, 36.00%, 0, 0, 2, 321.71, 73673, 9
231, 32, 0, 3, 0, 0, 36.00%, 0, 0, 2, 322.44, 75337, 9
236, 33, 0, 3, 0, 0, 36.00%, 0, 0, 2, 325.05, 77013, 9
242, 33, 2, 3, 0, 0, 36.00%, 0, 0, 2, 326.50, 78698, 9
247, 34, 0, 3, 0, 0, 36.00%, 0, 0, 2, 325.18, 80384, 9
252, 35, 0, 3, 0, 0, 36.00%, 0, 0, 2, 322.17, 82045, 9
257, 36, 2, 3, 0, 0, 36.00%, 0, 0, 2, 326.68, 83739, 9
262, 37, 2, 3, 0, 0, 36.00%, 0, 0, 2, 329.94, 85455, 9
267, 38, 2, 3, 0, 0, 36.00%, 0, 0, 2, 328.36, 87099, 9
273, 39, 0, 3, 0, 0, 36.00%, 0, 0, 2, 326.23, 88803, 9
278, 40, 2, 3, 0, 0, 36.00%, 0, 0, 2, 328.88, 90491, 9
283, 41, 0, 3, 0, 0, 36.00%, 0, 0, 2, 326.62, 92132, 9
288, 42, 2, 3, 0, 0, 36.00%, 0, 0, 2, 326.08, 93814, 9
293, 42, 2, 3, 0, 0, 36.00%, 0, 0, 2, 324.91, 95484, 9
298, 43, 0, 3, 0, 0, 36.00%, 0, 0, 2, 326.77, 97191, 9
303, 44, 2, 3, 0, 0, 36.00%, 0, 0, 2, 327.96, 98873, 9
309, 45, 0, 3, 0, 0, 36.00%, 0, 0, 2, 327.11, 100568, 9
314, 46, 2, 3, 0, 0, 36.00%, 0, 0, 2, 325.62, 102235, 9
319, 47, 0, 3, 0, 0, 36.00%, 0, 0, 2, 325.95, 103891, 9
324, 47, 0, 3, 0, 0, 36.00%, 0, 0, 2, 321.88, 105540, 9
329, 48, 2, 3, 0, 0, 36.00%, 0, 0, 2, 326.90, 107246, 9
334, 50, 0, 3, 0, 0, 36.00%, 0, 0, 2, 328.38, 108893, 9
339, 50, 2, 3, 0, 0, 36.00%, 0, 0, 2, 326.31, 110563, 9
344, 51, 0, 3, 0, 0, 36.00%, 0, 0, 2, 328.38, 112213, 9
349, 52, 0, 3, 0, 0, 36.00%, 0, 0, 2, 324.66, 113883, 9
355, 52, 2, 3, 0, 0, 36.00%, 0, 0, 2, 327.73, 115574, 9
360, 53, 2, 3, 0, 0, 36.00%, 0, 0, 2, 324.99, 117206, 9
365, 54, 0, 3, 0, 0, 36.00%, 0, 0, 2, 325.04, 118892, 9
370, 55, 0, 3, 0, 0, 36.00%, 0, 0, 2, 327.05, 120571, 9
375, 55, 0, 3, 0, 0, 36.00%, 0, 0, 2, 320.60, 122220, 9
380, 56, 0, 3, 0, 0, 36.00%, 0, 0, 2, 326.72, 123908, 9
385, 57, 2, 3, 0, 0, 36.00%, 0, 0, 2, 325.72, 125578, 9
391, 58, 0, 3, 0, 0, 36.00%, 0, 0, 2, 326.62, 127276, 9
396, 59, 2, 3, 0, 0, 36.00%, 0, 0, 2, 326.96, 128949, 9
401, 60, 2, 3, 0, 0, 36.00%, 0, 0, 2, 329.80, 130617, 9
406, 60, 0, 3, 0, 0, 36.00%, 0, 0, 2, 324.06, 132297, 9
411, 61, 2, 3, 0, 0, 36.00%, 0, 0, 2, 324.73, 133960, 9
416, 61, 0, 3, 0, 0, 36.00%, 0, 0, 2, 323.74, 135634, 9
421, 62, 2, 3, 0, 0, 36.00%, 0, 0, 2, 324.44, 137297, 9
427, 63, 0, 3, 0, 0, 36.00%, 0, 0, 2, 323.17, 138980, 9
427, 63, 0, 3, 0, 0, 36.00%, 1, 0, 2, 310.83, 139139, 9
