# relative_time, cycles_done, cur_item, corpus_count, pending_total, pending_favs, map_size, saved_crashes, saved_hangs, max_depth, execs_per_sec, total_execs, edges_found
61, 5, 0, 1, 0, 0, 25.00%, 0, 0, 1, 327.04, 20019, 2
66, 6, 0, 1, 0, 0, 25.00%, 0, 0, 1, 324.89, 21679, 2
71, 6, 0, 1, 0, 0, 25.00%, 0, 0, 1, 325.69, 23346, 2
76, 7, 0, 1, 0, 0, 25.00%, 0, 0, 1, 325.90, 25018, 2
81, 7, 0, 1, 0, 0, 25.00%, 0, 0, 1, 324.40, 26679, 2
87, 8, 0, 1, 0, 0, 25.00%, 0, 0, 1, 326.22, 28340, 2
92, 8, 0, 1, 0, 0, 25.00%, 0, 0, 1, 326.07, 30006, 2
97, 9, 0, 1, 0, 0, 25.00%, 0, 0, 1, 325.66, 31667, 2
102, 9, 0, 1, 0, 0, 25.00%, 0, 0, 1, 325.85, 33339, 2
107, 10, 0, 1, 0, 0, 25.00%, 0, 0, 1, 325.53, 35006, 2
112, 10, 0, 1, 0, 0, 25.00%, 0, 0, 1, 326.12, 36679, 2
117, 11, 0, 1, 0, 0, 25.00%, 0, 0, 1, 325.84, 38357, 2
122, 11, 0, 1, 0, 0, 25.00%, 0, 0, 1, 326.03, 40024, 2
127, 12, 0, 1, 0, 0, 25.00%, 0, 0, 1, 325.58, 41678, 2
133, 12, 0, 1, 0, 0, 25.00%, 0, 0, 1, 324.17, 43333, 2
138, 13, 0, 1, 0, 0, 25.00%, 0, 0, 1, 324.95, 44993, 2
143, 13, 0, 1, 0, 0, 25.00%, 0, 0, 1, 325.45, 46660, 2
148, 13, 0, 1, 0, 0, 25.00%, 0, 0, 1, 325.24, 48321, 2
153, 14, 0, 1, 0, 0, 25.00%, 0, 0, 1, 325.91, 49975, 2
158, 14, 0, 1, 0, 0, 25.00%, 0, 0, 1, 324.91, 51636, 2
163, 15, 0, 1, 0, 0, 25.00%, 0, 0, 1, 326.24, 53302, 2
168, 15, 0, 1, 0, 0, 25.00%, 0, 0, 1, 324.12, 54969, 2
173, 16, 0, 1, 0, 0, 25.00%, 0, 0, 1, 325.07, 56636, 2
179, 16, 0, 1, 0, 0, 25.00%, 0, 0, 1, 326.75, 58302, 2
184, 17, 0, 1, 0, 0, 25.00%, 0, 0, 1, 325.36, 59963, 2
189, 17, 0, 1, 0, 0, 25.00%, 0, 0, 1, 326.01, 61617, 2
194, 18, 0, 1, 0, 0, 25.00%, 0, 0, 1, 326.49, 63290, 2
199, 18, 0, 1, 0, 0, 25.00%, 0, 0, 1, 326.49, 64956, 2
204, 19, 0, 1, 0, 0, 25.00%, 0, 0, 1, 326.44, 66623, 2
209, 19, 0, 1, 0, 0, 25.00%, 0, 0, 1, 326.30, 68284, 2
214, 20, 0, 1, 0, 0, 25.00%, 0, 0, 1, 325.52, 69944, 2
219, 20, 0, 1, 0, 0, 25.00%, 0, 0, 1, 326.26, 71611, 2
225, 21, 0, 1, 0, 0, 25.00%, 0, 0, 1, 326.01, 73277, 2
230, 21, 0, 1, 0, 0, 25.00%, 0, 0, 1, 325.73, 74938, 2
235, 21, 0, 1, 0, 0, 25.00%, 0, 0, 1, 326.71, 76611, 2
240, 22, 0, 1, 0, 0, 25.00%, 0, 0, 1, 325.91, 78277, 2
245, 22, 0, 1, 0, 0, 25.00%, 0, 0, 1, 324.73, 79932, 2
250, 23, 0, 1, 0, 0, 25.00%, 0, 0, 1, 324.95, 81598, 2
255, 23, 0, 1, 0, 0, 25.00%, 0, 0, 1, 324.74, 83265, 2
260, 24, 0, 1, 0, 0, 25.00%, 0, 0, 1, 326.04, 84925, 2
265, 24, 0, 1, 0, 0, 25.00%, 0, 0, 1, 326.56, 86592, 2
271, 25, 0, 1, 0, 0, 25.00%, 0, 0, 1, 326.00, 88265, 2
276, 25, 0, 1, 0, 0, 25.00%, 0, 0, 1, 325.41, 89937, 2
281, 26, 0, 1, 0, 0, 25.00%, 0, 0, 1, 324.94, 91586, 2
286, 26, 0, 1, 0, 0, 25.00%, 0, 0, 1, 326.25, 93258, 2
291, 27, 0, 1, 0, 0, 25.00%, 0, 0, 1, 324.81, 94907, 2
296, 27, 0, 1, 0, 0, 25.00%, 0, 0, 1, 325.95, 96562, 2
301, 28, 0, 1, 0, 0, 25.00%, 0, 0, 1, 326.57, 98234, 2
306, 28, 0, 1, 0, 0, 25.00%, 0, 0, 1, 324.00, 99895, 2
311, 29, 0, 1, 0, 0, 25.00%, 0, 0, 1, 325.36, 101561, 2
316, 29, 0, 1, 0, 0, 25.00%, 0, 0, 1, 325.85, 103210, 2
322, 30, 0, 1, 0, 0, 25.00%, 0, 0, 1, 325.47, 104882, 2
327, 30, 0, 1, 0, 0, 25.00%, 0, 0, 1, 325.95, 106537, 2
332, 30, 0, 1, 0, 0, 25.00%, 0, 0, 1, 325.99, 108210, 2
337, 31, 0, 1, 0, 0, 25.00%, 0, 0, 1, 325.87, 109882, 2
342, 31, 0, 1, 0, 0, 25.00%, 0, 0, 1, 325.84, 111537, 2
347, 32, 0, 1, 0, 0, 25.00%, 0, 0, 1, 322.23, 113179, 2
352, 32, 0, 1, 0, 0, 25.00%, 0, 0, 1, 323.26, 114828, 2
357, 33, 0, 1, 0, 0, 25.00%, 0, 0, 1, 325.52, 116495, 2
362, 33, 0, 1, 0, 0, 25.00%, 0, 0, 1, 324.62, 118143, 2
367, 34, 0, 1, 0, 0, 25.00%, 0, 0, 1, 325.77, 119804, 2
373, 34, 0, 1, 0, 0, 25.00%, 0, 0, 1, 325.81, 121458, 2
378, 35, 0, 1, 0, 0, 25.00%, 0, 0, 1, 326.22, 123119, 2
383, 35, 0, 1, 0, 0, 25.00%, 0, 0, 1, 325.12, 124768, 2
388, 36, 0, 1, 0, 0, 25.00%, 0, 0, 1, 325.40, 126440, 2
393, 36, 0, 1, 0, 0, 25.00%, 0, 0, 1, 325.79, 128101, 2
398, 37, 0, 1, 0, 0, 25.00%, 0, 0, 1, 325.81, 129755, 2
403, 37, 0, 1, 0, 0, 25.00%, 0, 0, 1, 326.08, 131422, 2
408, 38, 0, 1, 0, 0, 25.00%, 0, 0, 1, 325.82, 133088, 2
413, 38, 0, 1, 0, 0, 25.00%, 0, 0, 1, 325.28, 134761, 2
418, 38, 0, 1, 0, 0, 25.00%, 0, 0, 1, 325.92, 136416, 2
424, 39, 0, 1, 0, 0, 25.00%, 0, 0, 1, 324.04, 138070, 2
429, 39, 0, 1, 0, 0, 25.00%, 0, 0, 1, 325.63, 139737, 2
434, 40, 0, 1, 0, 0, 25.00%, 0, 0, 1, 326.60, 141409, 2
439, 40, 0, 1, 0, 0, 25.00%, 0, 0, 1, 325.60, 143058, 2
444, 41, 0, 1, 0, 0, 25.00%, 0, 0, 1, 324.76, 144725, 2
449, 41, 0, 1, 0, 0, 25.00%, 0, 0, 1, 325.65, 146403, 2
454, 42, 0, 1, 0, 0, 25.00%, 0, 0, 1, 325.17, 148064, 2
459, 42, 0, 1, 0, 0, 25.00%, 0, 0, 1, 325.18, 149730, 2
465, 43, 0, 1, 0, 0, 25.00%, 0, 0, 1, 325.76, 151397, 2
470, 43, 0, 1, 0, 0, 25.00%, 0, 0, 1, 325.14, 153057, 2
475, 44, 0, 1, 0, 0, 25.00%, 0, 0, 1, 321.83, 154706, 2
480, 44, 0, 1, 0, 0, 25.00%, 0, 0, 1, 324.23, 156373, 2
485, 45, 0, 1, 0, 0, 25.00%, 0, 0, 1, 322.30, 158027, 2
490, 45, 0, 1, 0, 0, 25.00%, 0, 0, 1, 325.01, 159688, 2
495, 46, 0, 1, 0, 0, 25.00%, 0, 0, 1, 324.66, 161354, 2
500, 46, 0, 1, 0, 0, 25.00%, 0, 0, 1, 324.70, 163021, 2
505, 46, 0, 1, 0, 0, 25.00%, 0, 0, 1, 325.22, 164682, 2
511, 47, 0, 1, 0, 0, 25.00%, 0, 0, 1, 324.56, 166336, 2
516, 47, 0, 1, 0, 0, 25.00%, 0, 0, 1, 325.24, 168003, 2
521, 48, 0, 1, 0, 0, 25.00%, 0, 0, 1, 326.04, 169663, 2
526, 48, 0, 1, 0, 0, 25.00%, 0, 0, 1, 325.97, 171330, 2
531, 49, 0, 1, 0, 0, 25.00%, 0, 0, 1, 326.90, 173008, 2
536, 49, 0, 1, 0, 0, 25.00%, 0, 0, 1, 325.06, 174675, 2
541, 50, 0, 1, 0, 0, 25.00%, 0, 0, 1, 325.94, 176348, 2
546, 50, 0, 1, 0, 0, 25.00%, 0, 0, 1, 324.77, 178008, 2
552, 51, 0, 1, 0, 0, 25.00%, 0, 0, 1, 324.36, 179663, 2
557, 51, 0, 1, 0, 0, 25.00%, 0, 0, 1, 325.03, 181329, 2
562, 52, 0, 1, 0, 0, 25.00%, 0, 0, 1, 325.13, 182984, 2
567, 52, 0, 1, 0, 0, 25.00%, 0, 0, 1, 325.76, 184651, 2
572, 53, 0, 1, 0, 0, 25.00%, 0, 0, 1, 325.50, 186311, 2
577, 53, 0, 1, 0, 0, 25.00%, 0, 0, 1, 325.01, 187972, 2
582, 54, 0, 1, 0, 0, 25.00%, 0, 0, 1, 326.48, 189650, 2
587, 54, 0, 1, 0, 0, 25.00%, 0, 0, 1, 325.86, 191311, 2
592, 55, 0, 1, 0, 0, 25.00%, 0, 0, 1, 324.94, 192977, 2
598, 55, 0, 1, 0, 0, 25.00%, 0, 0, 1, 326.21, 194644, 2
603, 55, 0, 1, 0, 0, 25.00%, 0, 0, 1, 324.26, 196299, 2
608, 56, 0, 1, 0, 0, 25.00%, 0, 0, 1, 324.18, 197953, 2
613, 56, 0, 1, 0, 0, 25.00%, 0, 0, 1, 324.37, 199608, 2
618, 57, 0, 1, 0, 0, 25.00%, 0, 0, 1, 324.00, 201262, 2
623, 57, 0, 1, 0, 0, 25.00%, 0, 0, 1, 325.36, 202917, 2
628, 58, 0, 1, 0, 0, 25.00%, 0, 0, 1, 324.47, 204572, 2
633, 58, 0, 1, 0, 0, 25.00%, 0, 0, 1, 325.14, 206244, 2
638, 59, 0, 1, 0, 0, 25.00%, 0, 0, 1, 325.82, 207905, 2
644, 59, 0, 1, 0, 0, 25.00%, 0, 0, 1, 325.96, 209583, 2
649, 60, 0, 1, 0, 0, 25.00%, 0, 0, 1, 317.23, 211208, 2
654, 60, 0, 1, 0, 0, 25.00%, 0, 0, 1, 322.72, 212857, 2
659, 61, 0, 1, 0, 0, 25.00%, 0, 0, 1, 324.30, 214517, 2
664, 61, 0, 1, 0, 0, 25.00%, 0, 0, 1, 321.61, 216166, 2
669, 62, 0, 1, 0, 0, 25.00%, 0, 0, 1, 325.21, 217838, 2
674, 62, 0, 1, 0, 0, 25.00%, 0, 0, 1, 325.12, 219487, 2
679, 62, 0, 1, 0, 0, 25.00%, 0, 0, 1, 325.21, 221142, 2
684, 63, 0, 1, 0, 0, 25.00%, 0, 0, 1, 325.60, 222814, 2
690, 63, 0, 1, 0, 0, 25.00%, 0, 0, 1, 324.34, 224475, 2
695, 64, 0, 1, 0, 0, 25.00%, 0, 0, 1, 325.35, 226135, 2
700, 64, 0, 1, 0, 0, 25.00%, 0, 0, 1, 325.26, 227802, 2
705, 65, 0, 1, 0, 0, 25.00%, 0, 0, 1, 324.36, 229456, 2
710, 65, 0, 1, 0, 0, 25.00%, 0, 0, 1, 324.87, 231123, 2
715, 66, 0, 1, 0, 0, 25.00%, 0, 0, 1, 322.34, 232784, 2
720, 66, 0, 1, 0, 0, 25.00%, 0, 0, 1, 322.32, 234444, 2
725, 67, 0, 1, 0, 0, 25.00%, 0, 0, 1, 324.04, 236111, 2
731, 67, 0, 1, 0, 0, 25.00%, 0, 0, 1, 324.58, 237759, 2
736, 68, 0, 1, 0, 0, 25.00%, 0, 0, 1, 324.24, 239414, 2
741, 68, 0, 1, 0, 0, 25.00%, 0, 0, 1, 323.67, 241075, 2
746, 69, 0, 1, 0, 0, 25.00%, 0, 0, 1, 323.67, 242729, 2
751, 69, 0, 1, 0, 0, 25.00%, 0, 0, 1, 324.20, 244390, 2
756, 70, 0, 1, 0, 0, 25.00%, 0, 0, 1, 323.88, 246038, 2
761, 70, 0, 1, 0, 0, 25.00%, 0, 0, 1, 324.37, 247699, 2
766, 71, 0, 1, 0, 0, 25.00%, 0, 0, 1, 325.40, 249365, 2
771, 71, 0, 1, 0, 0, 25.00%, 0, 0, 1, 325.07, 251026, 2
777, 71, 0, 1, 0, 0, 25.00%, 0, 0, 1, 323.51, 252681, 2
782, 72, 0, 1, 0, 0, 25.00%, 0, 0, 1, 324.18, 254329, 2
787, 72, 0, 1, 0, 0, 25.00%, 0, 0, 1, 323.28, 255984, 2
792, 73, 0, 1, 0, 0, 25.00%, 0, 0, 1, 322.95, 257626, 2
797, 73, 0, 1, 0, 0, 25.00%, 0, 0, 1, 324.70, 259281, 2
802, 74, 0, 1, 0, 0, 25.00%, 0, 0, 1, 323.06, 260930, 2
807, 74, 0, 1, 0, 0, 25.00%, 0, 0, 1, 325.15, 262584, 2
812, 75, 0, 1, 0, 0, 25.00%, 0, 0, 1, 323.67, 264239, 2
817, 75, 0, 1, 0, 0, 25.00%, 0, 0, 1, 323.40, 265893, 2
823, 76, 0, 1, 0, 0, 25.00%, 0, 0, 1, 324.80, 267548, 2
828, 76, 0, 1, 0, 0, 25.00%, 0, 0, 1, 324.41, 269203, 2
833, 77, 0, 1, 0, 0, 25.00%, 0, 0, 1, 323.92, 270857, 2
838, 77, 0, 1, 0, 0, 25.00%, 0, 0, 1, 325.06, 272506, 2
843, 78, 0, 1, 0, 0, 25.00%, 0, 0, 1, 323.97, 274160, 2
848, 78, 0, 1, 0, 0, 25.00%, 0, 0, 1, 323.97, 275815, 2
853, 78, 0, 1, 0, 0, 25.00%, 0, 0, 1, 325.61, 277482, 2
858, 79, 0, 1, 0, 0, 25.00%, 0, 0, 1, 325.53, 279136, 2
863, 79, 0, 1, 0, 0, 25.00%, 0, 0, 1, 324.34, 280803, 2
869, 80, 0, 1, 0, 0, 25.00%, 0, 0, 1, 324.56, 282463, 2
874, 80, 0, 1, 0, 0, 25.00%, 0, 0, 1, 323.33, 284118, 2
879, 81, 0, 1, 0, 0, 25.00%, 0, 0, 1, 325.01, 285785, 2
884, 81, 0, 1, 0, 0, 25.00%, 0, 0, 1, 324.56, 287433, 2
889, 82, 0, 1, 0, 0, 25.00%, 0, 0, 1, 324.76, 289094, 2
894, 82, 0, 1, 0, 0, 25.00%, 0, 0, 1, 324.69, 290754, 2
899, 83, 0, 1, 0, 0, 25.00%, 0, 0, 1, 324.86, 292415, 2
904, 83, 0, 1, 0, 0, 25.00%, 0, 0, 1, 323.07, 294063, 2
909, 84, 0, 1, 0, 0, 25.00%, 0, 0, 1, 323.75, 295718, 2
915, 84, 0, 1, 0, 0, 25.00%, 0, 0, 1, 324.49, 297391, 2
920, 85, 0, 1, 0, 0, 25.00%, 0, 0, 1, 323.25, 299045, 2
925, 85, 0, 1, 0, 0, 25.00%, 0, 0, 1, 324.40, 300706, 2
930, 86, 0, 1, 0, 0, 25.00%, 0, 0, 1, 325.54, 302372, 2
935, 86, 0, 1, 0, 0, 25.00%, 0, 0, 1, 324.16, 304033, 2
940, 86, 0, 1, 0, 0, 25.00%, 0, 0, 1, 326.13, 305700, 2
945, 87, 0, 1, 0, 0, 25.00%, 0, 0, 1, 323.39, 307354, 2
950, 87, 0, 1, 0, 0, 25.00%, 0, 0, 1, 324.67, 309027, 2
955, 88, 0, 1, 0, 0, 25.00%, 0, 0, 1, 324.93, 310675, 2
961, 88, 0, 1, 0, 0, 25.00%, 0, 0, 1, 324.31, 312336, 2
966, 89, 0, 1, 0, 0, 25.00%, 0, 0, 1, 323.41, 313990, 2
971, 89, 0, 1, 0, 0, 25.00%, 0, 0, 1, 324.32, 315645, 2
976, 90, 0, 1, 0, 0, 25.00%, 0, 0, 1, 322.73, 317294, 2
981, 90, 0, 1, 0, 0, 25.00%, 0, 0, 1, 325.55, 318954, 2
986, 91, 0, 1, 0, 0, 25.00%, 0, 0, 1, 325.65, 320615, 2
991, 91, 0, 1, 0, 0, 25.00%, 0, 0, 1, 325.07, 322275, 2
996, 92, 0, 1, 0, 0, 25.00%, 0, 0, 1, 324.71, 323930, 2
1001, 92, 0, 1, 0, 0, 25.00%, 0, 0, 1, 323.63, 325585, 2
1007, 93, 0, 1, 0, 0, 25.00%, 0, 0, 1, 321.65, 327233, 2
1012, 93, 0, 1, 0, 0, 25.00%, 0, 0, 1, 323.70, 328888, 2
1017, 94, 0, 1, 0, 0, 25.00%, 1, 0, 1, 310.88, 330496, 2
