# relative_time, cycles_done, cur_item, corpus_count, pending_total, pending_favs, map_size, saved_crashes, saved_hangs, max_depth, execs_per_sec, total_execs, edges_found
61, 5, 0, 1, 0, 0, 25.00%, 0, 0, 1, 325.88, 20067, 2
66, 6, 0, 1, 0, 0, 25.00%, 0, 0, 1, 325.51, 21745, 2
71, 6, 0, 1, 0, 0, 25.00%, 0, 0, 1, 326.37, 23418, 2
76, 7, 0, 1, 0, 0, 25.00%, 0, 0, 1, 327.15, 25084, 2
82, 7, 0, 1, 0, 0, 25.00%, 0, 0, 1, 323.51, 26745, 2
87, 8, 0, 1, 0, 0, 25.00%, 0, 0, 1, 322.59, 28388, 2
92, 8, 0, 1, 0, 0, 25.00%, 0, 0, 1, 325.52, 30060, 2
97, 9, 0, 1, 0, 0, 25.00%, 0, 0, 1, 324.76, 31721, 2
102, 9, 0, 1, 0, 0, 25.00%, 0, 0, 1, 326.26, 33393, 2
107, 10, 0, 1, 0, 0, 25.00%, 0, 0, 1, 326.61, 35066, 2
112, 10, 0, 1, 0, 0, 25.00%, 0, 0, 1, 326.89, 36738, 2
117, 11, 0, 1, 0, 0, 25.00%, 0, 0, 1, 327.31, 38417, 2
123, 11, 0, 1, 0, 0, 25.00%, 0, 0, 1, 325.83, 40096, 2
128, 12, 0, 1, 0, 0, 25.00%, 0, 0, 1, 325.98, 41780, 2
133, 12, 0, 1, 0, 0, 25.00%, 0, 0, 1, 326.74, 43459, 2
138, 13, 0, 1, 0, 0, 25.00%, 0, 0, 1, 325.22, 45119, 2
143, 13, 0, 1, 0, 0, 25.00%, 0, 0, 1, 325.30, 46774, 2
148, 14, 0, 1, 0, 0, 25.00%, 0, 0, 1, 327.06, 48452, 2
153, 14, 0, 1, 0, 0, 25.00%, 0, 0, 1, 325.77, 50125, 2
158, 14, 0, 1, 0, 0, 25.00%, 0, 0, 1, 324.71, 51780, 2
164, 15, 0, 1, 0, 0, 25.00%, 0, 0, 1, 325.57, 53458, 2
169, 15, 0, 1, 0, 0, 25.00%, 0, 0, 1, 325.60, 55131, 2
174, 16, 0, 1, 0, 0, 25.00%, 0, 0, 1, 324.82, 56797, 2
179, 16, 0, 1, 0, 0, 25.00%, 0, 0, 1, 325.37, 58458, 2
184, 17, 0, 1, 0, 0, 25.00%, 0, 0, 1, 325.62, 60125, 2
189, 17, 0, 1, 0, 0, 25.00%, 0, 0, 1, 325.39, 61809, 2
194, 18, 0, 1, 0, 0, 25.00%, 0, 0, 1, 326.17, 63476, 2
199, 18, 0, 1, 0, 0, 25.00%, 0, 0, 1, 324.60, 65130, 2
205, 19, 0, 1, 0, 0, 25.00%, 0, 0, 1, 325.96, 66803, 2
207, 19, 0, 1, 0, 0, 25.00%, 1, 0, 1, 0.00, 67642, 2
