# relative_time, cycles_done, cur_item, corpus_count, pending_total, pending_favs, map_size, saved_crashes, saved_hangs, max_depth, execs_per_sec, total_execs, edges_found
60, 9, 2, 3, 0, 0, 30.43%, 0, 0, 2, 332.27, 20266, 7
66, 9, 2, 3, 0, 0, 30.43%, 0, 0, 2, 325.75, 21935, 7
71, 10, 2, 3, 0, 0, 30.43%, 0, 0, 2, 330.29, 23611, 7
76, 11, 2, 3, 0, 0, 30.43%, 0, 0, 2, 332.56, 25347, 7
81, 12, 0, 3, 0, 0, 30.43%, 0, 0, 2, 331.32, 27017, 7
86, 12, 2, 3, 0, 0, 30.43%, 0, 0, 2, 328.30, 28698, 7
91, 13, 2, 3, 0, 0, 30.43%, 0, 0, 2, 332.31, 30386, 7
96, 14, 2, 3, 0, 0, 30.43%, 0, 0, 2, 332.19, 32062, 7
101, 14, 2, 3, 0, 0, 30.43%, 0, 0, 2, 331.69, 33724, 7
106, 15, 2, 3, 0, 0, 30.43%, 0, 0, 2, 331.41, 35442, 7
111, 16, 0, 3, 0, 0, 30.43%, 0, 0, 2, 330.84, 37112, 7
117, 16, 2, 3, 0, 0, 30.43%, 0, 0, 2, 329.19, 38811, 7
122, 17, 2, 3, 0, 0, 30.43%, 0, 0, 2, 332.33, 40541, 7
127, 18, 2, 3, 0, 0, 30.43%, 0, 0, 2, 332.08, 42223, 7
132, 19, 2, 3, 0, 0, 30.43%, 0, 0, 2, 332.23, 43885, 7
137, 20, 2, 3, 0, 0, 30.43%, 0, 0, 2, 331.67, 45549, 7
142, 20, 2, 3, 0, 0, 30.43%, 0, 0, 2, 332.53, 47237, 7
147, 21, 2, 3, 0, 0, 30.43%, 0, 0, 2, 332.02, 48961, 7
152, 22, 0, 3, 0, 0, 30.43%, 0, 0, 2, 327.11, 50663, 7
157, 22, 2, 3, 0, 0, 30.43%, 0, 0, 2, 332.18, 52342, 7
163, 23, 0, 3, 0, 0, 30.43%, 0, 0, 2, 325.65, 54026, 7
168, 24, 2, 3, 0, 0, 30.43%, 0, 0, 2, 330.30, 55705, 7
173, 24, 2, 3, 0, 0, 30.43%, 0, 0, 2, 332.47, 57393, 7
178, 25, 2, 3, 0, 0, 30.43%, 0, 0, 2, 328.33, 59098, 7
183, 26, 0, 3, 0, 0, 30.43%, 0, 0, 2, 327.56, 60808, 7
188, 26, 2, 3, 0, 0, 30.43%, 0, 0, 2, 327.91, 62503, 7
193, 27, 0, 3, 0, 0, 30.43%, 0, 0, 2, 326.50, 64193, 7
198, 27, 2, 3, 0, 0, 30.43%, 0, 0, 2, 330.23, 65848, 7
203, 28, 2, 3, 0, 0, 30.43%, 0, 0, 2, 332.82, 67535, 7
209, 29, 0, 3, 0, 0, 30.43%, 0, 0, 2, 328.50, 69226, 7
214, 29, 2, 3, 0, 0, 30.43%, 0, 0, 2, 331.13, 70897, 7
219, 30, 2, 3, 0, 0, 30.43%, 0, 0, 2, 334.60, 72597, 7
224, 31, 0, 3, 0, 0, 30.43%, 0, 0, 2, 330.86, 74309, 7
229, 31, 2, 3, 0, 0, 30.43%, 0, 0, 2, 329.29, 76002, 7
234, 32, 2, 3, 0, 0, 30.43%, 0, 0, 2, 332.87, 77684, 7
239, 32, 2, 3, 0, 0, 30.43%, 0, 0, 2, 328.82, 79359, 7
244, 33, 2, 3, 0, 0, 30.43%, 0, 0, 2, 331.15, 81083, 7
249, 34, 2, 3, 0, 0, 30.43%, 0, 0, 2, 331.94, 82753, 7
254, 35, 2, 3, 0, 0, 30.43%, 0, 0, 2, 332.17, 84415, 7
260, 36, 2, 3, 0, 0, 30.43%, 0, 0, 2, 332.27, 86085, 7
265, 37, 2, 3, 0, 0, 30.43%, 0, 0, 2, 333.87, 87779, 7
270, 38, 2, 3, 0, 0, 30.43%, 0, 0, 2, 333.16, 89449, 7
275, 38, 2, 3, 0, 0, 30.43%, 0, 0, 2, 333.61, 91141, 7
280, 39, 2, 3, 0, 0, 30.43%, 0, 0, 2, 332.96, 92823, 7
285, 40, 1, 3, 0, 0, 30.43%, 0, 0, 2, 331.43, 94541, 7
290, 41, 2, 3, 0, 0, 30.43%, 0, 0, 2, 332.11, 96269, 7
295, 42, 2, 3, 0, 0, 30.43%, 0, 0, 2, 331.32, 97927, 7
300, 43, 2, 3, 0, 0, 30.43%, 0, 0, 2, 333.36, 99609, 7
305, 43, 2, 3, 0, 0, 30.43%, 0, 0, 2, 328.17, 101302, 7
311, 44, 2, 3, 0, 0, 30.43%, 0, 0, 2, 331.97, 103038, 7
316, 45, 2, 3, 0, 0, 30.43%, 0, 0, 2, 331.90, 104708, 7
321, 46, 2, 3, 0, 0, 30.43%, 0, 0, 2, 333.49, 106402, 7
326, 46, 2, 3, 0, 0, 30.43%, 0, 0, 2, 333.35, 108136, 7
331, 47, 2, 3, 0, 0, 30.43%, 0, 0, 2, 332.63, 109806, 7
336, 48, 2, 3, 0, 0, 30.43%, 0, 0, 2, 332.59, 111488, 7
341, 49, 2, 3, 0, 0, 30.43%, 0, 0, 2, 332.51, 113152, 7
346, 49, 2, 3, 0, 0, 30.43%, 0, 0, 2, 326.65, 114839, 7
351, 50, 0, 3, 0, 0, 30.43%, 0, 0, 2, 326.00, 116535, 7
356, 50, 2, 3, 0, 0, 30.43%, 0, 0, 2, 330.65, 118214, 7
361, 51, 2, 3, 0, 0, 30.43%, 0, 0, 2, 334.15, 119908, 7
366, 52, 2, 3, 0, 0, 30.43%, 0, 0, 2, 332.83, 121588, 7
372, 53, 0, 3, 0, 0, 30.43%, 0, 0, 2, 328.28, 123246, 7
377, 53, 2, 3, 0, 0, 30.43%, 0, 0, 2, 328.73, 124945, 7
382, 54, 2, 3, 0, 0, 30.43%, 0, 0, 2, 331.42, 126609, 7
387, 55, 0, 3, 0, 0, 30.43%, 0, 0, 2, 327.31, 128305, 7
392, 55, 2, 3, 0, 0, 30.43%, 0, 0, 2, 331.54, 129978, 7
397, 56, 2, 3, 0, 0, 30.43%, 0, 0, 2, 332.80, 131648, 7
402, 57, 2, 3, 0, 0, 30.43%, 0, 0, 2, 330.00, 133298, 7
407, 58, 2, 3, 0, 0, 30.43%, 0, 0, 2, 331.94, 134968, 7
412, 58, 2, 3, 0, 0, 30.43%, 0, 0, 2, 331.65, 136644, 7
417, 59, 2, 3, 0, 0, 30.43%, 0, 0, 2, 331.93, 138308, 7
422, 60, 2, 3, 0, 0, 30.43%, 0, 0, 2, 326.59, 139977, 7
427, 61, 0, 3, 0, 0, 30.43%, 0, 0, 2, 329.75, 141641, 7
432, 61, 2, 3, 0, 0, 30.43%, 0, 0, 2, 329.60, 143346, 7
437, 62, 2, 3, 0, 0, 30.43%, 0, 0, 2, 333.01, 145028, 7
443, 62, 2, 3, 0, 0, 30.43%, 0, 0, 2, 328.07, 146715, 7
448, 63, 2, 3, 0, 0, 30.43%, 0, 0, 2, 331.77, 148403, 7
453, 64, 2, 3, 0, 0, 30.43%, 0, 0, 2, 333.97, 150085, 7
458, 65, 2, 3, 0, 0, 30.43%, 0, 0, 2, 332.24, 151761, 7
463, 65, 2, 3, 0, 0, 30.43%, 0, 0, 2, 332.23, 153425, 7
468, 66, 2, 3, 0, 0, 30.43%, 0, 0, 2, 331.70, 155087, 7
473, 67, 2, 3, 0, 0, 30.43%, 0, 0, 2, 328.45, 156776, 7
478, 67, 2, 3, 0, 0, 30.43%, 0, 0, 2, 331.27, 158462, 7
483, 68, 2, 3, 0, 0, 30.43%, 0, 0, 2, 326.24, 160139, 7
488, 68, 0, 3, 0, 0, 30.43%, 0, 0, 2, 328.99, 161801, 7
493, 69, 2, 3, 0, 0, 30.43%, 0, 0, 2, 330.00, 163502, 7
498, 70, 2, 3, 0, 0, 30.43%, 0, 0, 2, 328.80, 165158, 7
504, 70, 2, 3, 0, 0, 30.43%, 0, 0, 2, 327.01, 166845, 7
509, 71, 2, 3, 0, 0, 30.43%, 0, 0, 2, 331.34, 168515, 7
514, 72, 2, 3, 0, 0, 30.43%, 0, 0, 2, 331.48, 170179, 7
519, 73, 0, 3, 0, 0, 30.43%, 0, 0, 2, 328.93, 171883, 7
524, 73, 0, 3, 0, 0, 30.43%, 0, 0, 2, 326.53, 173546, 7
529, 74, 2, 3, 0, 0, 30.43%, 0, 0, 2, 328.58, 175235, 7
534, 75, 2, 3, 0, 0, 30.43%, 0, 0, 2, 331.30, 176897, 7
539, 75, 2, 3, 0, 0, 30.43%, 0, 0, 2, 332.31, 178585, 7
544, 76, 2, 3, 0, 0, 30.43%, 0, 0, 2, 331.31, 180267, 7
549, 77, 2, 3, 0, 0, 30.43%, 0, 0, 2, 333.46, 181949, 7
554, 78, 2, 3, 0, 0, 30.43%, 0, 0, 2, 333.60, 183641, 7
559, 78, 2, 3, 0, 0, 30.43%, 0, 0, 2, 333.66, 185323, 7
564, 79, 2, 3, 0, 0, 30.43%, 0, 0, 2, 333.73, 187011, 7
570, 80, 2, 3, 0, 0, 30.43%, 0, 0, 2, 333.11, 188687, 7
575, 80, 2, 3, 0, 0, 30.43%, 0, 0, 2, 326.12, 190356, 7
580, 81, 2, 3, 0, 0, 30.43%, 0, 0, 2, 332.51, 192056, 7
585, 82, 2, 3, 0, 0, 30.43%, 0, 0, 2, 332.05, 193726, 7
590, 83, 2, 3, 0, 0, 30.43%, 0, 0, 2, 329.89, 195388, 7
595, 83, 2, 3, 0, 0, 30.43%, 0, 0, 2, 331.00, 197046, 7
600, 84, 2, 3, 0, 0, 30.43%, 0, 0, 2, 333.41, 198716, 7
605, 85, 0, 3, 0, 0, 30.43%, 0, 0, 2, 316.04, 200352, 7
610, 86, 2, 3, 0, 0, 30.43%, 0, 0, 2, 326.50, 202043, 7
615, 86, 2, 3, 0, 0, 30.43%, 0, 0, 2, 329.36, 203743, 7
620, 87, 2, 3, 0, 0, 30.43%, 0, 0, 2, 324.99, 205418, 7
626, 87, 2, 3, 0, 0, 30.43%, 0, 0, 2, 324.00, 207087, 7
631, 88, 2, 3, 0, 0, 30.43%, 0, 0, 2, 330.37, 208769, 7
636, 89, 2, 3, 0, 0, 30.43%, 0, 0, 2, 329.54, 210479, 7
641, 89, 1, 3, 0, 0, 30.43%, 0, 0, 2, 325.31, 212156, 7
646, 90, 0, 3, 0, 0, 30.43%, 0, 0, 2, 327.48, 213854, 7
651, 90, 2, 3, 0, 0, 30.43%, 0, 0, 2, 327.83, 215547, 7
656, 91, 2, 3, 0, 0, 30.43%, 0, 0, 2, 324.86, 217224, 7
662, 92, 0, 3, 0, 0, 30.43%, 0, 0, 2, 328.09, 218940, 7
667, 92, 2, 3, 0, 0, 30.43%, 0, 0, 2, 328.24, 220633, 7
672, 93, 2, 3, 0, 0, 30.43%, 0, 0, 2, 329.43, 222351, 7
677, 94, 2, 3, 0, 0, 30.43%, 0, 0, 2, 330.05, 224075, 7
682, 95, 0, 3, 0, 0, 30.43%, 0, 0, 2, 328.30, 225775, 7
688, 95, 2, 3, 0, 0, 30.43%, 0, 0, 2, 327.41, 227462, 7
693, 96, 2, 3, 0, 0, 30.43%, 0, 0, 2, 329.78, 229130, 7
698, 97, 2, 3, 0, 0, 30.43%, 0, 0, 2, 330.04, 230848, 7
703, 98, 0, 3, 0, 0, 30.43%, 0, 0, 2, 329.03, 232554, 7
708, 98, 2, 3, 0, 0, 30.43%, 0, 0, 2, 327.72, 234241, 7
713, 99, 2, 3, 0, 0, 30.43%, 0, 0, 2, 329.21, 235959, 7
719, 100, 2, 3, 0, 0, 30.43%, 0, 0, 2, 330.46, 237675, 7
724, 101, 2, 3, 0, 0, 30.43%, 0, 0, 2, 329.58, 239375, 7
729, 101, 2, 3, 0, 0, 30.43%, 0, 0, 2, 327.83, 241068, 7
734, 102, 2, 3, 0, 0, 30.43%, 0, 0, 2, 330.41, 242738, 7
739, 103, 0, 3, 0, 0, 30.43%, 0, 0, 2, 329.59, 244396, 7
744, 103, 2, 3, 0, 0, 30.43%, 0, 0, 2, 329.08, 246089, 7
749, 104, 2, 3, 0, 0, 30.43%, 0, 0, 2, 331.09, 247759, 7
754, 105, 0, 3, 0, 0, 30.43%, 0, 0, 2, 327.64, 249463, 7
760, 106, 0, 3, 0, 0, 30.43%, 0, 0, 2, 326.17, 251132, 7
765, 106, 2, 3, 0, 0, 30.43%, 0, 0, 2, 327.83, 252803, 7
770, 107, 2, 3, 0, 0, 30.43%, 0, 0, 2, 329.92, 254521, 7
775, 108, 2, 3, 0, 0, 30.43%, 0, 0, 2, 331.27, 256201, 7
780, 109, 2, 3, 0, 0, 30.43%, 0, 0, 2, 329.96, 257871, 7
785, 110, 0, 3, 0, 0, 30.43%, 0, 0, 2, 326.43, 259509, 7
790, 110, 2, 3, 0, 0, 30.43%, 0, 0, 2, 328.97, 261196, 7
795, 111, 2, 3, 0, 0, 30.43%, 0, 0, 2, 330.66, 262920, 7
801, 112, 2, 3, 0, 0, 30.43%, 0, 0, 2, 330.37, 264626, 7
806, 113, 2, 3, 0, 0, 30.43%, 0, 0, 2, 332.98, 266314, 7
811, 113, 2, 3, 0, 0, 30.43%, 0, 0, 2, 331.57, 267994, 7
816, 114, 2, 3, 0, 0, 30.43%, 0, 0, 2, 329.62, 269688, 7
821, 115, 2, 3, 0, 0, 30.43%, 0, 0, 2, 329.63, 271340, 7
826, 116, 0, 3, 0, 0, 30.43%, 0, 0, 2, 321.81, 273018, 7
831, 116, 2, 3, 0, 0, 30.43%, 0, 0, 2, 312.64, 274541, 7
836, 116, 0, 3, 0, 0, 30.43%, 0, 0, 2, 316.36, 276171, 7
841, 117, 2, 3, 0, 0, 30.43%, 0, 0, 2, 324.31, 277800, 7
846, 118, 2, 3, 0, 0, 30.43%, 0, 0, 2, 322.00, 279446, 7
852, 119, 2, 3, 0, 0, 30.43%, 0, 0, 2, 319.03, 281108, 7
857, 120, 2, 3, 0, 0, 30.43%, 0, 0, 2, 320.42, 282754, 7
862, 120, 2, 3, 0, 0, 30.43%, 0, 0, 2, 323.92, 284388, 7
867, 121, 2, 3, 0, 0, 30.43%, 0, 0, 2, 328.81, 286106, 7
872, 122, 2, 3, 0, 0, 30.43%, 0, 0, 2, 325.41, 287769, 7
877, 122, 2, 3, 0, 0, 30.43%, 0, 0, 2, 329.52, 289487, 7
882, 123, 2, 3, 0, 0, 30.43%, 0, 0, 2, 330.52, 291193, 7
887, 124, 2, 3, 0, 0, 30.43%, 0, 0, 2, 327.13, 292849, 7
893, 124, 2, 3, 0, 0, 30.43%, 0, 0, 2, 325.42, 294532, 7
898, 125, 0, 3, 0, 0, 30.43%, 0, 0, 2, 325.95, 296228, 7
903, 126, 2, 3, 0, 0, 30.43%, 0, 0, 2, 326.01, 297905, 7
908, 126, 2, 3, 0, 0, 30.43%, 0, 0, 2, 331.94, 299587, 7
913, 127, 2, 3, 0, 0, 30.43%, 0, 0, 2, 331.76, 301245, 7
918, 128, 2, 3, 0, 0, 30.43%, 0, 0, 2, 329.97, 302903, 7
923, 128, 2, 3, 0, 0, 30.43%, 0, 0, 2, 325.80, 304584, 7
928, 129, 2, 3, 0, 0, 30.43%, 0, 0, 2, 330.58, 306260, 7
933, 130, 2, 3, 0, 0, 30.43%, 0, 0, 2, 329.79, 307910, 7
938, 131, 2, 3, 0, 0, 30.43%, 0, 0, 2, 331.03, 309574, 7
943, 131, 2, 3, 0, 0, 30.43%, 0, 0, 2, 331.95, 311232, 7
948, 132, 2, 3, 0, 0, 30.43%, 0, 0, 2, 329.88, 312944, 7
954, 133, 2, 3, 0, 0, 30.43%, 0, 0, 2, 331.46, 314662, 7
959, 134, 2, 3, 0, 0, 30.43%, 0, 0, 2, 330.68, 316378, 7
964, 135, 2, 3, 0, 0, 30.43%, 0, 0, 2, 329.42, 318090, 7
969, 136, 2, 3, 0, 0, 30.43%, 0, 0, 2, 331.39, 319814, 7
974, 136, 2, 3, 0, 0, 30.43%, 0, 0, 2, 331.67, 321478, 7
979, 137, 2, 3, 0, 0, 30.43%, 0, 0, 2, 331.08, 323136, 7
984, 138, 0, 3, 0, 0, 30.43%, 0, 0, 2, 327.86, 324834, 7
990, 138, 2, 3, 0, 0, 30.43%, 0, 0, 2, 329.12, 326535, 7
995, 139, 2, 3, 0, 0, 30.43%, 0, 0, 2, 329.92, 328245, 7
1000, 140, 0, 3, 0, 0, 30.43%, 0, 0, 2, 324.15, 329917, 7
1005, 140, 1, 3, 0, 0, 30.43%, 0, 0, 2, 324.53, 331579, 7
1010, 141, 2, 3, 0, 0, 30.43%, 0, 0, 2, 330.00, 333241, 7
1013, 141, 2, 3, 0, 0, 30.43%, 1, 0, 2, 311.28, 334057, 7
