# relative_time, cycles_done, cur_item, corpus_count, pending_total, pending_favs, map_size, saved_crashes, saved_hangs, max_depth, execs_per_sec, total_execs, edges_found
61, 7, 2, 3, 0, 0, 30.43%, 0, 0, 2, 329.88, 20254, 7
66, 8, 2, 3, 0, 0, 30.43%, 0, 0, 2, 332.96, 21990, 7
71, 9, 2, 3, 0, 0, 30.43%, 0, 0, 2, 332.60, 23672, 7
76, 9, 2, 3, 0, 0, 30.43%, 0, 0, 2, 331.01, 25342, 7
81, 10, 2, 3, 0, 0, 30.43%, 0, 0, 2, 331.87, 27004, 7
86, 11, 2, 3, 0, 0, 30.43%, 0, 0, 2, 331.79, 28674, 7
91, 12, 2, 3, 0, 0, 30.43%, 0, 0, 2, 330.69, 30332, 7
96, 13, 2, 3, 0, 0, 30.43%, 0, 0, 2, 331.58, 32008, 7
101, 13, 2, 3, 0, 0, 30.43%, 0, 0, 2, 332.24, 33682, 7
106, 14, 2, 3, 0, 0, 30.43%, 0, 0, 2, 330.05, 35346, 7
111, 15, 2, 3, 0, 0, 30.43%, 0, 0, 2, 331.28, 37064, 7
117, 16, 2, 3, 0, 0, 30.43%, 0, 0, 2, 331.74, 38734, 7
122, 16, 2, 3, 0, 0, 30.43%, 0, 0, 2, 333.07, 40408, 7
127, 17, 0, 3, 0, 0, 30.43%, 0, 0, 2, 329.78, 42120, 7
132, 18, 2, 3, 0, 0, 30.43%, 0, 0, 2, 329.11, 43821, 7
137, 19, 2, 3, 0, 0, 30.43%, 0, 0, 2, 330.10, 45483, 7
142, 19, 2, 3, 0, 0, 30.43%, 0, 0, 2, 332.57, 47153, 7
147, 20, 0, 3, 0, 0, 30.43%, 0, 0, 2, 329.08, 48809, 7
152, 21, 2, 3, 0, 0, 30.43%, 0, 0, 2, 328.73, 50504, 7
157, 21, 2, 3, 0, 0, 30.43%, 0, 0, 2, 330.54, 52166, 7
162, 22, 2, 3, 0, 0, 30.43%, 0, 0, 2, 333.17, 53842, 7
167, 23, 2, 3, 0, 0, 30.43%, 0, 0, 2, 333.34, 55506, 7
172, 24, 2, 3, 0, 0, 30.43%, 0, 0, 2, 333.06, 57170, 7
177, 24, 0, 3, 0, 0, 30.43%, 0, 0, 2, 329.37, 58868, 7
183, 25, 2, 3, 0, 0, 30.43%, 0, 0, 2, 330.11, 60575, 7
188, 26, 0, 3, 0, 0, 30.43%, 0, 0, 2, 329.57, 62249, 7
193, 26, 2, 3, 0, 0, 30.43%, 0, 0, 2, 327.76, 63938, 7
198, 27, 2, 3, 0, 0, 30.43%, 0, 0, 2, 331.06, 65666, 7
203, 28, 2, 3, 0, 0, 30.43%, 0, 0, 2, 331.47, 67336, 7
208, 29, 2, 3, 0, 0, 30.43%, 0, 0, 2, 329.22, 69036, 7
213, 29, 2, 3, 0, 0, 30.43%, 0, 0, 2, 332.15, 70718, 7
218, 30, 2, 3, 0, 0, 30.43%, 0, 0, 2, 332.60, 72400, 7
223, 31, 2, 3, 0, 0, 30.43%, 0, 0, 2, 331.95, 74062, 7
229, 32, 2, 3, 0, 0, 30.43%, 0, 0, 2, 327.59, 75743, 7
234, 32, 2, 3, 0, 0, 30.43%, 0, 0, 2, 330.53, 77467, 7
239, 33, 2, 3, 0, 0, 30.43%, 0, 0, 2, 331.31, 79137, 7
244, 34, 2, 3, 0, 0, 30.43%, 0, 0, 2, 332.05, 80801, 7
249, 35, 2, 3, 0, 0, 30.43%, 0, 0, 2, 332.43, 82475, 7
254, 36, 2, 3, 0, 0, 30.43%, 0, 0, 2, 331.89, 84157, 7
259, 36, 2, 3, 0, 0, 30.43%, 0, 0, 2, 332.17, 85833, 7
264, 37, 2, 3, 0, 0, 30.43%, 0, 0, 2, 332.33, 87521, 7
269, 38, 2, 3, 0, 0, 30.43%, 0, 0, 2, 331.01, 89191, 7
274, 39, 0, 3, 0, 0, 30.43%, 0, 0, 2, 329.64, 90847, 7
279, 39, 0, 3, 0, 0, 30.43%, 0, 0, 2, 329.01, 92542, 7
284, 40, 2, 3, 0, 0, 30.43%, 0, 0, 2, 325.77, 94211, 7
289, 40, 2, 3, 0, 0, 30.43%, 0, 0, 2, 331.84, 95903, 7
294, 41, 2, 3, 0, 0, 30.43%, 0, 0, 2, 331.25, 97573, 7
300, 42, 2, 3, 0, 0, 30.43%, 0, 0, 2, 332.44, 99303, 7
305, 43, 2, 3, 0, 0, 30.43%, 0, 0, 2, 332.04, 100967, 7
310, 44, 2, 3, 0, 0, 30.43%, 0, 0, 2, 332.13, 102641, 7
313, 44, 2, 3, 0, 0, 30.43%, 1, 0, 2, 322.04, 103804, 7
