# relative_time, cycles_done, cur_item, corpus_count, pending_total, pending_favs, map_size, saved_crashes, saved_hangs, max_depth, execs_per_sec, total_execs, edges_found
61, 5, 0, 1, 0, 0, 25.00%, 0, 0, 1, 325.52, 20121, 2
66, 6, 0, 1, 0, 0, 25.00%, 0, 0, 1, 326.37, 21805, 2
72, 6, 0, 1, 0, 0, 25.00%, 0, 0, 1, 325.09, 23478, 2
77, 7, 0, 1, 0, 0, 25.00%, 0, 0, 1, 324.96, 25144, 2
82, 7, 0, 1, 0, 0, 25.00%, 0, 0, 1, 325.71, 26811, 2
87, 8, 0, 1, 0, 0, 25.00%, 0, 0, 1, 326.71, 28483, 2
92, 8, 0, 1, 0, 0, 25.00%, 0, 0, 1, 326.45, 30168, 2
97, 9, 0, 1, 0, 0, 25.00%, 0, 0, 1, 327.29, 31841, 2
102, 9, 0, 1, 0, 0, 25.00%, 0, 0, 1, 326.56, 33513, 2
107, 10, 0, 1, 0, 0, 25.00%, 0, 0, 1, 325.94, 35174, 2
113, 10, 0, 1, 0, 0, 25.00%, 0, 0, 1, 325.50, 36828, 2
118, 11, 0, 1, 0, 0, 25.00%, 0, 0, 1, 324.27, 38495, 2
123, 11, 0, 1, 0, 0, 25.00%, 0, 0, 1, 325.12, 40162, 2
128, 12, 0, 1, 0, 0, 25.00%, 0, 0, 1, 324.85, 41822, 2
133, 12, 0, 1, 0, 0, 25.00%, 0, 0, 1, 326.16, 43483, 2
138, 13, 0, 1, 0, 0, 25.00%, 0, 0, 1, 325.87, 45137, 2
143, 13, 0, 1, 0, 0, 25.00%, 0, 0, 1, 325.85, 46798, 2
148, 14, 0, 1, 0, 0, 25.00%, 0, 0, 1, 325.26, 48458, 2
153, 14, 0, 1, 0, 0, 25.00%, 0, 0, 1, 326.68, 50131, 2
159, 14, 0, 1, 0, 0, 25.00%, 0, 0, 1, 326.99, 51810, 2
164, 15, 0, 1, 0, 0, 25.00%, 0, 0, 1, 327.63, 53488, 2
169, 15, 0, 1, 0, 0, 25.00%, 0, 0, 1, 326.97, 55155, 2
174, 16, 0, 1, 0, 0, 25.00%, 0, 0, 1, 326.20, 56821, 2
175, 16, 0, 1, 0, 0, 25.00%, 1, 0, 1, 316.23, 57257, 2
