# relative_time, cycles_done, cur_item, corpus_count, pending_total, pending_favs, map_size, saved_crashes, saved_hangs, max_depth, execs_per_sec, total_execs, edges_found
61, 10, 2, 3, 0, 0, 36.00%, 0, 0, 2, 326.85, 20169, 9
66, 11, 2, 3, 0, 0, 36.00%, 0, 0, 2, 328.84, 21831, 9
72, 12, 2, 3, 0, 0, 36.00%, 0, 0, 2, 329.27, 23547, 9
77, 13, 2, 3, 0, 0, 36.00%, 0, 0, 2, 329.32, 25200, 9
82, 14, 2, 3, 0, 0, 36.00%, 0, 0, 2, 326.90, 26879, 9
87, 15, 0, 3, 0, 0, 36.00%, 0, 0, 2, 324.19, 28552, 9
92, 15, 0, 3, 0, 0, 36.00%, 0, 0, 2, 321.93, 30210, 9
97, 16, 0, 3, 0, 0, 36.00%, 0, 0, 2, 324.59, 31877, 9
102, 16, 2, 3, 0, 0, 36.00%, 0, 0, 2, 325.93, 33502, 9
107, 17, 0, 3, 0, 0, 36.00%, 0, 0, 2, 323.89, 35197, 9
113, 18, 2, 3, 0, 0, 36.00%, 0, 0, 2, 328.55, 36900, 9
118, 19, 0, 3, 0, 0, 36.00%, 0, 0, 2, 322.65, 38567, 9
123, 19, 2, 3, 0, 0, 36.00%, 0, 0, 2, 325.12, 40237, 9
128, 20, 2, 3, 0, 0, 36.00%, 0, 0, 2, 328.19, 41941, 9
133, 22, 2, 3, 0, 0, 36.00%, 0, 0, 2, 328.98, 43588, 9
138, 22, 0, 3, 0, 0, 36.00%, 0, 0, 2, 326.21, 45226, 9
143, 23, 2, 3, 0, 0, 36.00%, 0, 0, 2, 327.74, 46920, 9
149, 24, 0, 3, 0, 0, 36.00%, 0, 0, 2, 321.63, 48566, 9
154, 24, 0, 3, 0, 0, 36.00%, 0, 0, 2, 320.34, 50215, 9
159, 24, 0, 3, 0, 0, 36.00%, 0, 0, 2, 321.96, 51885, 9
164, 25, 0, 3, 0, 0, 36.00%, 0, 0, 2, 324.50, 53567, 9
169, 25, 0, 3, 0, 0, 36.00%, 0, 0, 2, 321.68, 55216, 9
174, 27, 2, 3, 0, 0, 36.00%, 0, 0, 2, 328.54, 56910, 9
179, 28, 2, 3, 0, 0, 36.00%, 0, 0, 2, 329.56, 58620, 9
185, 29, 2, 3, 0, 0, 36.00%, 0, 0, 2, 328.49, 60324, 9
190, 30, 2, 3, 0, 0, 36.00%, 0, 0, 2, 324.28, 61997, 9
195, 30, 2, 3, 0, 0, 36.00%, 0, 0, 2, 322.89, 63655, 9
200, 31, 2, 3, 0, 0, 36.00%, 0, 0, 2, 326.27, 65347, 9
205, 33, 2, 3, 0, 0, 36.00%, 0, 0, 2, 326.91, 67048, 9
210, 33, 0, 3, 0, 0, 36.00%, 0, 0, 2, 323.62, 68709, 9
216, 34, 2, 3, 0, 0, 36.00%, 0, 0, 2, 323.90, 70361, 9
219, 35, 2, 3, 0, 0, 36.00%, 1, 0, 2, 0.00, 71519, 9
