# relative_time, cycles_done, cur_item, corpus_count, pending_total, pending_favs, map_size, saved_crashes, saved_hangs, max_depth, execs_per_sec, total_execs, edges_found
61, 7, 0, 3, 0, 0, 36.00%, 0, 0, 2, 321.94, 19899, 9
66, 7, 0, 3, 0, 0, 36.00%, 0, 0, 2, 322.15, 21548, 9
72, 8, 1, 3, 0, 0, 36.00%, 0, 0, 2, 322.33, 23216, 9
77, 9, 2, 3, 0, 0, 36.00%, 0, 0, 2, 322.32, 24882, 9
82, 9, 1, 3, 0, 0, 36.00%, 0, 0, 2, 321.60, 26535, 9
87, 10, 0, 3, 0, 0, 36.00%, 0, 0, 2, 320.74, 28188, 9
92, 11, 1, 3, 0, 0, 36.00%, 0, 0, 2, 322.15, 29855, 9
97, 12, 1, 3, 0, 0, 36.00%, 0, 0, 2, 322.47, 31523, 9
102, 13, 0, 3, 0, 0, 36.00%, 0, 0, 2, 322.36, 33178, 9
108, 13, 0, 3, 0, 0, 36.00%, 0, 0, 2, 322.07, 34827, 9
113, 14, 1, 3, 0, 0, 36.00%, 0, 0, 2, 323.28, 36483, 9
118, 14, 1, 3, 0, 0, 36.00%, 0, 0, 2, 321.63, 38129, 9
123, 15, 1, 3, 0, 0, 36.00%, 0, 0, 2, 322.23, 39795, 9
128, 16, 0, 3, 0, 0, 36.00%, 0, 0, 2, 320.60, 41450, 9
133, 16, 2, 3, 0, 0, 36.00%, 0, 0, 2, 322.59, 43099, 9
138, 17, 2, 3, 0, 0, 36.00%, 0, 0, 2, 322.33, 44758, 9
144, 17, 1, 3, 0, 0, 36.00%, 0, 0, 2, 321.96, 46414, 9
149, 18, 2, 3, 0, 0, 36.00%, 0, 0, 2, 322.88, 48076, 9
154, 19, 1, 3, 0, 0, 36.00%, 0, 0, 2, 321.32, 49743, 9
159, 20, 1, 3, 0, 0, 36.00%, 0, 0, 2, 321.88, 51409, 9
164, 20, 2, 3, 0, 0, 36.00%, 0, 0, 2, 319.77, 53049, 9
169, 21, 2, 3, 0, 0, 36.00%, 0, 0, 2, 321.76, 54704, 9
175, 22, 0, 3, 0, 0, 36.00%, 0, 0, 2, 321.78, 56364, 9
180, 22, 1, 3, 0, 0, 36.00%, 0, 0, 2, 321.61, 58017, 9
185, 23, 2, 3, 0, 0, 36.00%, 0, 0, 2, 321.13, 59682, 9
190, 24, 0, 3, 0, 0, 36.00%, 1, 0, 2, 305.37, 61283, 9
