# relative_time, cycles_done, cur_item, corpus_count, pending_total, pending_favs, map_size, saved_crashes, saved_hangs, max_depth, execs_per_sec, total_execs, edges_found
61, 5, 1, 2, 0, 0, 36.00%, 0, 0, 2, 324.06, 19941, 9
66, 5, 1, 2, 0, 0, 36.00%, 0, 0, 2, 325.09, 21593, 9
71, 6, 1, 2, 0, 0, 36.00%, 0, 0, 2, 325.99, 23257, 9
76, 6, 0, 2, 0, 0, 36.00%, 0, 0, 2, 324.98, 24915, 9
81, 7, 0, 2, 0, 0, 36.00%, 0, 0, 2, 320.45, 26552, 9
87, 7, 1, 2, 0, 0, 36.00%, 0, 0, 2, 323.53, 28214, 9
92, 7, 1, 2, 0, 0, 36.00%, 0, 0, 2, 324.08, 29883, 9
97, 8, 1, 2, 0, 0, 36.00%, 0, 0, 2, 325.03, 31535, 9
99, 8, 1, 2, 0, 0, 36.00%, 1, 0, 2, 315.42, 32239, 9
