# relative_time, cycles_done, cur_item, corpus_count, pending_total, pending_favs, map_size, saved_crashes, saved_hangs, max_depth, execs_per_sec, total_execs, edges_found
61, 9, 0, 3, 0, 0, 36.00%, 0, 0, 2, 325.38, 20058, 9
66, 9, 2, 3, 0, 0, 36.00%, 0, 0, 2, 324.02, 21719, 9
71, 10, 0, 3, 0, 0, 36.00%, 0, 0, 2, 320.82, 23375, 9
76, 10, 0, 3, 0, 0, 36.00%, 0, 0, 2, 307.84, 24940, 9
82, 11, 2, 3, 0, 0, 36.00%, 0, 0, 2, 320.21, 26606, 9
87, 11, 2, 3, 0, 0, 36.00%, 0, 0, 2, 320.48, 28273, 9
92, 12, 0, 3, 0, 0, 36.00%, 0, 0, 2, 322.89, 29953, 9
97, 13, 1, 3, 0, 0, 36.00%, 0, 0, 2, 321.89, 31628, 9
102, 13, 0, 3, 0, 0, 36.00%, 0, 0, 2, 323.11, 33305, 9
107, 14, 0, 3, 0, 0, 36.00%, 0, 0, 2, 320.11, 34960, 9
112, 15, 2, 3, 0, 0, 36.00%, 0, 0, 2, 327.77, 36606, 9
118, 16, 2, 3, 0, 0, 36.00%, 0, 0, 2, 323.31, 38279, 9
123, 17, 1, 3, 0, 0, 36.00%, 0, 0, 2, 328.56, 39977, 9
128, 17, 0, 3, 0, 0, 36.00%, 0, 0, 2, 324.01, 41663, 9
133, 18, 0, 3, 0, 0, 36.00%, 0, 0, 2, 323.67, 43348, 9
138, 19, 2, 3, 0, 0, 36.00%, 0, 0, 2, 328.54, 45054, 9
144, 20, 0, 3, 0, 0, 36.00%, 0, 0, 2, 324.73, 46728, 9
149, 21, 0, 3, 0, 0, 36.00%, 0, 0, 2, 324.55, 48413, 9
154, 21, 0, 3, 0, 0, 36.00%, 0, 0, 2, 323.82, 50065, 9
159, 21, 0, 3, 0, 0, 36.00%, 0, 0, 2, 321.39, 51720, 9
164, 22, 2, 3, 0, 0, 36.00%, 0, 0, 2, 329.11, 53444, 9
169, 23, 0, 3, 0, 0, 36.00%, 0, 0, 2, 323.92, 55127, 9
175, 24, 0, 3, 0, 0, 36.00%, 0, 0, 2, 325.33, 56821, 9
180, 25, 0, 3, 0, 0, 36.00%, 0, 0, 2, 323.69, 58488, 9
185, 25, 0, 3, 0, 0, 36.00%, 0, 0, 2, 322.94, 60158, 9
190, 26, 0, 3, 0, 0, 36.00%, 0, 0, 2, 323.62, 61831, 9
195, 27, 2, 3, 0, 0, 36.00%, 0, 0, 2, 326.83, 63510, 9
200, 27, 2, 3, 0, 0, 36.00%, 0, 0, 2, 324.31, 65183, 9
206, 29, 2, 3, 0, 0, 36.00%, 0, 0, 2, 328.41, 66893, 9
211, 30, 0, 3, 0, 0, 36.00%, 0, 0, 2, 323.33, 68555, 9
216, 30, 2, 3, 0, 0, 36.00%, 0, 0, 2, 327.59, 70243, 9
221, 31, 2, 3, 0, 0, 36.00%, 0, 0, 2, 324.06, 71916, 9
226, 32, 0, 3, 0, 0, 36.00%, 0, 0, 2, 328.18, 73632, 9
231, 33, 0, 3, 0, 0, 36.00%, 0, 0, 2, 323.83, 75284, 9
237, 33, 0, 3, 0, 0, 36.00%, 0, 0, 2, 322.89, 76960, 9
242, 34, 0, 3, 0, 0, 36.00%, 0, 0, 2, 322.79, 78618, 9
247, 35, 2, 3, 0, 0, 36.00%, 0, 0, 2, 320.63, 80255, 9
252, 35, 0, 3, 0, 0, 36.00%, 0, 0, 2, 323.36, 81932, 9
257, 36, 0, 3, 0, 0, 36.00%, 0, 0, 2, 323.43, 83602, 9
262, 37, 0, 3, 0, 0, 36.00%, 0, 0, 2, 323.75, 85281, 9
268, 38, 0, 3, 0, 0, 36.00%, 0, 0, 2, 324.30, 86957, 9
273, 39, 2, 3, 0, 0, 36.00%, 0, 0, 2, 326.07, 88648, 9
278, 40, 2, 3, 0, 0, 36.00%, 0, 0, 2, 328.80, 90358, 9
283, 41, 0, 3, 0, 0, 36.00%, 0, 0, 2, 327.67, 92047, 9
288, 41, 0, 3, 0, 0, 36.00%, 0, 0, 2, 322.32, 93696, 9
293, 42, 2, 3, 0, 0, 36.00%, 0, 0, 2, 327.87, 95345, 9
298, 43, 0, 3, 0, 0, 36.00%, 0, 0, 2, 327.34, 97052, 9
304, 44, 0, 3, 0, 0, 36.00%, 0, 0, 2, 321.89, 98698, 9
309, 44, 0, 3, 0, 0, 36.00%, 0, 0, 2, 321.28, 100368, 9
314, 45, 2, 3, 0, 0, 36.00%, 0, 0, 2, 326.35, 102050, 9
319, 46, 0, 3, 0, 0, 36.00%, 0, 0, 2, 324.20, 103739, 9
324, 47, 0, 3, 0, 0, 36.00%, 0, 0, 2, 324.09, 105415, 9
330, 48, 2, 3, 0, 0, 36.00%, 0, 0, 2, 327.57, 107121, 9
335, 48, 0, 3, 0, 0, 36.00%, 0, 0, 2, 323.63, 108786, 9
340, 49, 0, 3, 0, 0, 36.00%, 0, 0, 2, 322.81, 110453, 9
345, 50, 2, 3, 0, 0, 36.00%, 0, 0, 2, 326.88, 112144, 9
350, 51, 0, 3, 0, 0, 36.00%, 0, 0, 2, 322.70, 113811, 9
355, 51, 2, 3, 0, 0, 36.00%, 0, 0, 2, 325.10, 115481, 9
360, 52, 0, 3, 0, 0, 36.00%, 0, 0, 2, 323.48, 117164, 9
366, 53, 0, 3, 0, 0, 36.00%, 0, 0, 2, 323.94, 118849, 9
371, 53, 0, 3, 0, 0, 36.00%, 0, 0, 2, 322.85, 120519, 9
373, 53, 0, 3, 0, 0, 36.00%, 1, 0, 2, 306.25, 121193, 9
