# relative_time, cycles_done, cur_item, corpus_count, pending_total, pending_favs, map_size, saved_crashes, saved_hangs, max_depth, execs_per_sec, total_execs, edges_found
60, 8, 0, 3, 0, 0, 30.43%, 0, 0, 2, 327.70, 20359, 7
66, 9, 2, 3, 0, 0, 30.43%, 0, 0, 2, 332.94, 22044, 7
71, 9, 2, 3, 0, 0, 30.43%, 0, 0, 2, 332.86, 23742, 7
76, 10, 2, 3, 0, 0, 30.43%, 0, 0, 2, 333.28, 25436, 7
81, 11, 2, 3, 0, 0, 30.43%, 0, 0, 2, 334.29, 27130, 7
86, 12, 2, 3, 0, 0, 30.43%, 0, 0, 2, 332.71, 28806, 7
91, 12, 1, 3, 0, 0, 30.43%, 0, 0, 2, 333.84, 30499, 7
96, 13, 2, 3, 0, 0, 30.43%, 0, 0, 2, 334.06, 32198, 7
101, 14, 2, 3, 0, 0, 30.43%, 0, 0, 2, 333.88, 33880, 7
106, 15, 2, 3, 0, 0, 30.43%, 0, 0, 2, 332.48, 35548, 7
111, 16, 2, 3, 0, 0, 30.43%, 0, 0, 2, 332.61, 37218, 7
116, 17, 2, 3, 0, 0, 30.43%, 0, 0, 2, 333.97, 38918, 7
121, 18, 2, 3, 0, 0, 30.43%, 0, 0, 2, 333.67, 40600, 7
126, 18, 2, 3, 0, 0, 30.43%, 0, 0, 2, 329.65, 42299, 7
132, 18, 0, 3, 0, 0, 30.43%, 0, 0, 2, 328.15, 44001, 7
137, 19, 0, 3, 0, 0, 30.43%, 0, 0, 2, 326.20, 45694, 7
142, 19, 0, 3, 0, 0, 30.43%, 0, 0, 2, 326.84, 47375, 7
147, 20, 2, 3, 0, 0, 30.43%, 0, 0, 2, 331.03, 49036, 7
152, 21, 2, 3, 0, 0, 30.43%, 0, 0, 2, 332.95, 50712, 7
157, 22, 2, 3, 0, 0, 30.43%, 0, 0, 2, 334.48, 52398, 7
162, 23, 2, 3, 0, 0, 30.43%, 0, 0, 2, 333.21, 54074, 7
167, 23, 2, 3, 0, 0, 30.43%, 0, 0, 2, 333.83, 55774, 7
172, 24, 2, 3, 0, 0, 30.43%, 0, 0, 2, 333.63, 57438, 7
177, 25, 2, 3, 0, 0, 30.43%, 0, 0, 2, 333.06, 59106, 7
182, 26, 2, 3, 0, 0, 30.43%, 0, 0, 2, 329.28, 60805, 7
187, 27, 2, 3, 0, 0, 30.43%, 0, 0, 2, 331.50, 62473, 7
192, 28, 2, 3, 0, 0, 30.43%, 0, 0, 2, 334.50, 64185, 7
197, 29, 2, 3, 0, 0, 30.43%, 0, 0, 2, 334.45, 65879, 7
202, 29, 2, 3, 0, 0, 30.43%, 0, 0, 2, 333.04, 67555, 7
207, 30, 0, 3, 0, 0, 30.43%, 0, 0, 2, 330.48, 69217, 7
213, 31, 2, 3, 0, 0, 30.43%, 0, 0, 2, 330.64, 70928, 7
218, 32, 2, 3, 0, 0, 30.43%, 0, 0, 2, 333.70, 72634, 7
223, 32, 0, 3, 0, 0, 30.43%, 0, 0, 2, 329.67, 74296, 7
228, 33, 2, 3, 0, 0, 30.43%, 0, 0, 2, 332.57, 75955, 7
233, 34, 2, 3, 0, 0, 30.43%, 0, 0, 2, 334.01, 77691, 7
238, 34, 0, 3, 0, 0, 30.43%, 0, 0, 2, 330.02, 79347, 7
243, 35, 2, 3, 0, 0, 30.43%, 0, 0, 2, 330.02, 80994, 7
248, 36, 0, 3, 0, 0, 30.43%, 0, 0, 2, 333.09, 82670, 7
253, 36, 0, 3, 0, 0, 30.43%, 0, 0, 2, 325.47, 84331, 7
258, 37, 2, 3, 0, 0, 30.43%, 0, 0, 2, 330.79, 86020, 7
263, 37, 2, 3, 0, 0, 30.43%, 0, 0, 2, 332.26, 87690, 7
268, 38, 2, 3, 0, 0, 30.43%, 0, 0, 2, 327.35, 89365, 7
274, 38, 0, 3, 0, 0, 30.43%, 0, 0, 2, 328.59, 91081, 7
279, 39, 2, 3, 0, 0, 30.43%, 0, 0, 2, 331.38, 92734, 7
284, 39, 0, 3, 0, 0, 30.43%, 0, 0, 2, 327.01, 94382, 7
289, 40, 2, 3, 0, 0, 30.43%, 0, 0, 2, 331.25, 96053, 7
294, 41, 0, 3, 0, 0, 30.43%, 0, 0, 2, 328.32, 97709, 7
299, 42, 2, 3, 0, 0, 30.43%, 0, 0, 2, 329.81, 99410, 7
304, 43, 2, 3, 0, 0, 30.43%, 0, 0, 2, 334.02, 101092, 7
309, 43, 0, 3, 0, 0, 30.43%, 0, 0, 2, 327.85, 102742, 7
314, 44, 2, 3, 0, 0, 30.43%, 0, 0, 2, 330.37, 104443, 7
319, 45, 2, 3, 0, 0, 30.43%, 0, 0, 2, 333.45, 106135, 7
324, 45, 2, 3, 0, 0, 30.43%, 0, 0, 2, 333.75, 107817, 7
329, 46, 2, 3, 0, 0, 30.43%, 0, 0, 2, 334.15, 109499, 7
334, 47, 2, 3, 0, 0, 30.43%, 0, 0, 2, 328.69, 111204, 7
339, 48, 2, 3, 0, 0, 30.43%, 0, 0, 2, 333.73, 112892, 7
345, 48, 2, 3, 0, 0, 30.43%, 0, 0, 2, 331.26, 114560, 7
350, 49, 2, 3, 0, 0, 30.43%, 0, 0, 2, 334.70, 116254, 7
355, 50, 2, 3, 0, 0, 30.43%, 0, 0, 2, 335.17, 117942, 7
360, 51, 2, 3, 0, 0, 30.43%, 0, 0, 2, 334.10, 119630, 7
365, 52, 2, 3, 0, 0, 30.43%, 0, 0, 2, 335.00, 121324, 7
370, 52, 2, 3, 0, 0, 30.43%, 0, 0, 2, 334.37, 123016, 7
375, 53, 2, 3, 0, 0, 30.43%, 0, 0, 2, 334.60, 124716, 7
380, 54, 2, 3, 0, 0, 30.43%, 0, 0, 2, 334.20, 126404, 7
385, 55, 2, 3, 0, 0, 30.43%, 0, 0, 2, 332.45, 128084, 7
390, 56, 2, 3, 0, 0, 30.43%, 0, 0, 2, 333.80, 129760, 7
395, 56, 2, 3, 0, 0, 30.43%, 0, 0, 2, 335.00, 131460, 7
400, 57, 2, 3, 0, 0, 30.43%, 0, 0, 2, 334.47, 133148, 7
405, 58, 2, 3, 0, 0, 30.43%, 0, 0, 2, 332.93, 134830, 7
410, 59, 2, 3, 0, 0, 30.43%, 0, 0, 2, 333.00, 136510, 7
415, 60, 2, 3, 0, 0, 30.43%, 0, 0, 2, 333.54, 138192, 7
420, 61, 0, 3, 0, 0, 30.43%, 0, 0, 2, 331.19, 139856, 7
425, 61, 0, 3, 0, 0, 30.43%, 0, 0, 2, 328.63, 141555, 7
431, 61, 2, 3, 0, 0, 30.43%, 0, 0, 2, 331.26, 143260, 7
436, 62, 2, 3, 0, 0, 30.43%, 0, 0, 2, 334.03, 144948, 7
441, 63, 2, 3, 0, 0, 30.43%, 0, 0, 2, 333.72, 146636, 7
446, 64, 2, 3, 0, 0, 30.43%, 0, 0, 2, 331.78, 148324, 7
451, 65, 2, 3, 0, 0, 30.43%, 0, 0, 2, 331.54, 150052, 7
456, 65, 2, 3, 0, 0, 30.43%, 0, 0, 2, 334.53, 151740, 7
461, 66, 0, 3, 0, 0, 30.43%, 0, 0, 2, 327.84, 153436, 7
466, 67, 2, 3, 0, 0, 30.43%, 0, 0, 2, 333.91, 155133, 7
471, 67, 0, 3, 0, 0, 30.43%, 0, 0, 2, 331.81, 156803, 7
476, 68, 2, 3, 0, 0, 30.43%, 0, 0, 2, 328.52, 158496, 7
481, 69, 2, 3, 0, 0, 30.43%, 0, 0, 2, 328.06, 160160, 7
487, 69, 2, 3, 0, 0, 30.43%, 0, 0, 2, 332.39, 161842, 7
492, 70, 2, 3, 0, 0, 30.43%, 0, 0, 2, 333.53, 163536, 7
497, 71, 0, 3, 0, 0, 30.43%, 0, 0, 2, 331.56, 165204, 7
502, 71, 2, 3, 0, 0, 30.43%, 0, 0, 2, 330.93, 166857, 7
507, 72, 2, 3, 0, 0, 30.43%, 0, 0, 2, 333.08, 168549, 7
512, 73, 2, 3, 0, 0, 30.43%, 0, 0, 2, 333.53, 170285, 7
517, 74, 2, 3, 0, 0, 30.43%, 0, 0, 2, 334.74, 171967, 7
522, 74, 2, 3, 0, 0, 30.43%, 0, 0, 2, 334.27, 173649, 7
527, 75, 1, 3, 0, 0, 30.43%, 0, 0, 2, 332.43, 175373, 7
532, 76, 2, 3, 0, 0, 30.43%, 0, 0, 2, 334.46, 177071, 7
537, 77, 2, 3, 0, 0, 30.43%, 0, 0, 2, 333.86, 178747, 7
542, 78, 2, 3, 0, 0, 30.43%, 0, 0, 2, 333.91, 180417, 7
547, 78, 0, 3, 0, 0, 30.43%, 0, 0, 2, 330.44, 182067, 7
552, 79, 2, 3, 0, 0, 30.43%, 0, 0, 2, 331.12, 183780, 7
558, 80, 2, 3, 0, 0, 30.43%, 0, 0, 2, 333.78, 185472, 7
563, 80, 2, 3, 0, 0, 30.43%, 0, 0, 2, 330.10, 187167, 7
568, 81, 2, 3, 0, 0, 30.43%, 0, 0, 2, 333.90, 188861, 7
573, 82, 2, 3, 0, 0, 30.43%, 0, 0, 2, 334.81, 190541, 7
578, 83, 2, 3, 0, 0, 30.43%, 0, 0, 2, 333.78, 192229, 7
583, 84, 1, 3, 0, 0, 30.43%, 0, 0, 2, 333.89, 193904, 7
588, 85, 2, 3, 0, 0, 30.43%, 0, 0, 2, 339.94, 195603, 7
593, 85, 0, 3, 0, 0, 30.43%, 0, 0, 2, 339.78, 197335, 7
598, 86, 2, 3, 0, 0, 30.43%, 0, 0, 2, 343.60, 199062, 7
603, 87, 2, 3, 0, 0, 30.43%, 0, 0, 2, 343.17, 200786, 7
608, 87, 2, 3, 0, 0, 30.43%, 0, 0, 2, 344.60, 202522, 7
613, 88, 2, 3, 0, 0, 30.43%, 0, 0, 2, 347.03, 204258, 7
618, 89, 2, 3, 0, 0, 30.43%, 0, 0, 2, 344.54, 206054, 7
623, 90, 2, 3, 0, 0, 30.43%, 0, 0, 2, 345.57, 207790, 7
628, 91, 2, 3, 0, 0, 30.43%, 0, 0, 2, 345.21, 209520, 7
633, 92, 0, 3, 0, 0, 30.43%, 0, 0, 2, 343.46, 211244, 7
638, 92, 2, 3, 0, 0, 30.43%, 0, 0, 2, 341.91, 212967, 7
643, 93, 0, 3, 0, 0, 30.43%, 0, 0, 2, 338.62, 214683, 7
648, 93, 2, 3, 0, 0, 30.43%, 0, 0, 2, 339.54, 216396, 7
654, 94, 2, 3, 0, 0, 30.43%, 0, 0, 2, 335.44, 218102, 7
659, 94, 2, 3, 0, 0, 30.43%, 0, 0, 2, 329.22, 219789, 7
664, 95, 2, 3, 0, 0, 30.43%, 0, 0, 2, 331.57, 221465, 7
669, 96, 0, 3, 0, 0, 30.43%, 0, 0, 2, 327.09, 223161, 7
674, 97, 1, 3, 0, 0, 30.43%, 0, 0, 2, 329.91, 224827, 7
679, 97, 0, 3, 0, 0, 30.43%, 0, 0, 2, 327.34, 226503, 7
684, 98, 0, 3, 0, 0, 30.43%, 0, 0, 2, 327.37, 228190, 7
689, 98, 0, 3, 0, 0, 30.43%, 0, 0, 2, 327.56, 229859, 7
695, 99, 2, 3, 0, 0, 30.43%, 0, 0, 2, 329.09, 231546, 7
700, 99, 2, 3, 0, 0, 30.43%, 0, 0, 2, 331.51, 233220, 7
705, 100, 2, 3, 0, 0, 30.43%, 0, 0, 2, 332.00, 234902, 7
710, 101, 0, 3, 0, 0, 30.43%, 0, 0, 2, 327.94, 236600, 7
715, 101, 2, 3, 0, 0, 30.43%, 0, 0, 2, 330.11, 238307, 7
720, 102, 2, 3, 0, 0, 30.43%, 0, 0, 2, 326.50, 239988, 7
725, 103, 2, 3, 0, 0, 30.43%, 0, 0, 2, 332.44, 241664, 7
730, 104, 2, 3, 0, 0, 30.43%, 0, 0, 2, 330.88, 243334, 7
735, 104, 2, 3, 0, 0, 30.43%, 0, 0, 2, 331.78, 245008, 7
740, 105, 2, 3, 0, 0, 30.43%, 0, 0, 2, 331.29, 246720, 7
746, 106, 2, 3, 0, 0, 30.43%, 0, 0, 2, 327.71, 248420, 7
751, 107, 2, 3, 0, 0, 30.43%, 0, 0, 2, 331.35, 250108, 7
756, 108, 2, 3, 0, 0, 30.43%, 0, 0, 2, 330.45, 251766, 7
761, 108, 2, 3, 0, 0, 30.43%, 0, 0, 2, 331.38, 253494, 7
766, 109, 2, 3, 0, 0, 30.43%, 0, 0, 2, 330.21, 255170, 7
771, 110, 0, 3, 0, 0, 30.43%, 0, 0, 2, 326.58, 256860, 7
776, 111, 2, 3, 0, 0, 30.43%, 0, 0, 2, 331.62, 258539, 7
781, 111, 0, 3, 0, 0, 30.43%, 0, 0, 2, 327.53, 260229, 7
786, 112, 2, 3, 0, 0, 30.43%, 0, 0, 2, 331.23, 261902, 7
791, 113, 2, 3, 0, 0, 30.43%, 0, 0, 2, 331.32, 263560, 7
796, 114, 2, 3, 0, 0, 30.43%, 0, 0, 2, 330.74, 265222, 7
802, 115, 2, 3, 0, 0, 30.43%, 0, 0, 2, 332.87, 266952, 7
807, 115, 0, 3, 0, 0, 30.43%, 0, 0, 2, 329.50, 268614, 7
812, 116, 2, 3, 0, 0, 30.43%, 0, 0, 2, 330.86, 270321, 7
817, 117, 2, 3, 0, 0, 30.43%, 0, 0, 2, 331.45, 271997, 7
822, 117, 2, 3, 0, 0, 30.43%, 0, 0, 2, 332.00, 273677, 7
824, 118, 2, 3, 0, 0, 30.43%, 1, 0, 2, 0.00, 274263, 7
