# relative_time, cycles_done, cur_item, corpus_count, pending_total, pending_favs, map_size, saved_crashes, saved_hangs, max_depth, execs_per_sec, total_execs, edges_found
61, 9, 2, 3, 0, 0, 32.26%, 0, 0, 2, 323.24, 20004, 10
66, 9, 2, 3, 0, 0, 32.26%, 0, 0, 2, 322.94, 21680, 10
71, 10, 0, 3, 0, 0, 32.26%, 0, 0, 2, 321.72, 23342, 10
76, 11, 0, 3, 0, 0, 32.26%, 0, 0, 2, 325.14, 25039, 10
82, 12, 0, 3, 0, 0, 32.26%, 0, 0, 2, 325.26, 26718, 10
87, 13, 2, 3, 0, 0, 32.26%, 0, 0, 2, 326.42, 28397, 10
92, 14, 2, 3, 0, 0, 32.26%, 0, 0, 2, 329.08, 30107, 10
97, 15, 0, 3, 0, 0, 32.26%, 0, 0, 2, 326.94, 31790, 10
102, 16, 2, 3, 0, 0, 32.26%, 0, 0, 2, 326.74, 33463, 10
107, 16, 0, 3, 0, 0, 32.26%, 0, 0, 2, 321.48, 35124, 10
112, 17, 2, 3, 0, 0, 32.26%, 0, 0, 2, 324.19, 36782, 10
118, 17, 2, 3, 0, 0, 32.26%, 0, 0, 2, 324.68, 38449, 10
123, 19, 2, 3, 0, 0, 32.26%, 0, 0, 2, 328.58, 40159, 10
128, 20, 2, 3, 0, 0, 32.26%, 0, 0, 2, 329.48, 41860, 10
133, 20, 2, 3, 0, 0, 32.26%, 0, 0, 2, 323.97, 43527, 10
138, 21, 0, 3, 0, 0, 32.26%, 0, 0, 2, 321.04, 45204, 10
143, 22, 2, 3, 0, 0, 32.26%, 0, 0, 2, 328.51, 46859, 10
149, 24, 2, 3, 0, 0, 32.26%, 0, 0, 2, 328.37, 48563, 10
154, 24, 0, 3, 0, 0, 32.26%, 0, 0, 2, 325.02, 50234, 10
159, 25, 0, 3, 0, 0, 32.26%, 0, 0, 2, 325.65, 51922, 10
164, 26, 0, 3, 0, 0, 32.26%, 0, 0, 2, 325.27, 53601, 10
169, 26, 2, 3, 0, 0, 32.26%, 0, 0, 2, 327.09, 55274, 10
174, 28, 2, 3, 0, 0, 32.26%, 0, 0, 2, 328.77, 56960, 10
179, 28, 0, 3, 0, 0, 32.26%, 0, 0, 2, 322.29, 58633, 10
185, 28, 0, 3, 0, 0, 32.26%, 0, 0, 2, 320.67, 60288, 10
188, 29, 2, 3, 0, 0, 32.26%, 1, 0, 2, 314.39, 61277, 10
