# relative_time, cycles_done, cur_item, corpus_count, pending_total, pending_favs, map_size, saved_crashes, saved_hangs, max_depth, execs_per_sec, total_execs, edges_found
61, 7, 2, 3, 0, 0, 30.43%, 0, 0, 2, 325.91, 20120, 7
66, 8, 2, 3, 0, 0, 30.43%, 0, 0, 2, 324.75, 21776, 7
71, 9, 0, 3, 0, 0, 30.43%, 0, 0, 2, 326.26, 23452, 7
76, 9, 2, 3, 0, 0, 30.43%, 0, 0, 2, 326.14, 25121, 7
82, 10, 0, 3, 0, 0, 30.43%, 0, 0, 2, 324.03, 26779, 7
87, 10, 0, 3, 0, 0, 30.43%, 0, 0, 2, 325.40, 28446, 7
92, 11, 2, 3, 0, 0, 30.43%, 0, 0, 2, 326.44, 30129, 7
97, 12, 2, 3, 0, 0, 30.43%, 0, 0, 2, 326.05, 31799, 7
102, 12, 2, 3, 0, 0, 30.43%, 0, 0, 2, 324.40, 33455, 7
105, 13, 2, 3, 0, 0, 30.43%, 1, 0, 2, 0.00, 34415, 7
