# relative_time, cycles_done, cur_item, corpus_count, pending_total, pending_favs, map_size, saved_crashes, saved_hangs, max_depth, execs_per_sec, total_execs, edges_found
61, 7, 0, 3, 0, 0, 30.43%, 0, 0, 2, 319.50, 19593, 7
66, 8, 2, 3, 0, 0, 30.43%, 0, 0, 2, 323.43, 21254, 7
72, 8, 2, 3, 0, 0, 30.43%, 0, 0, 2, 323.90, 22912, 7
77, 9, 2, 3, 0, 0, 30.43%, 0, 0, 2, 324.23, 24580, 7
82, 10, 2, 3, 0, 0, 30.43%, 0, 0, 2, 325.11, 26250, 7
87, 11, 2, 3, 0, 0, 30.43%, 0, 0, 2, 324.36, 27908, 7
92, 11, 2, 3, 0, 0, 30.43%, 0, 0, 2, 325.72, 29576, 7
97, 12, 2, 3, 0, 0, 30.43%, 0, 0, 2, 324.36, 31228, 7
102, 13, 0, 3, 0, 0, 30.43%, 0, 0, 2, 322.96, 32886, 7
107, 13, 2, 3, 0, 0, 30.43%, 0, 0, 2, 323.63, 34543, 7
113, 14, 2, 3, 0, 0, 30.43%, 0, 0, 2, 323.09, 36207, 7
118, 15, 2, 3, 0, 0, 30.43%, 0, 0, 2, 324.77, 37881, 7
123, 16, 2, 3, 0, 0, 30.43%, 0, 0, 2, 325.14, 39551, 7
128, 17, 2, 3, 0, 0, 30.43%, 0, 0, 2, 325.25, 41209, 7
133, 18, 2, 3, 0, 0, 30.43%, 0, 0, 2, 325.41, 42871, 7
138, 19, 2, 3, 0, 0, 30.43%, 0, 0, 2, 325.75, 44535, 7
143, 19, 2, 3, 0, 0, 30.43%, 0, 0, 2, 325.04, 46203, 7
149, 20, 2, 3, 0, 0, 30.43%, 0, 0, 2, 324.87, 47891, 7
154, 21, 2, 3, 0, 0, 30.43%, 0, 0, 2, 324.79, 49548, 7
159, 21, 2, 3, 0, 0, 30.43%, 0, 0, 2, 324.88, 51205, 7
164, 22, 0, 3, 0, 0, 30.43%, 0, 0, 2, 324.67, 52861, 7
169, 22, 0, 3, 0, 0, 30.43%, 0, 0, 2, 324.76, 54516, 7
174, 23, 2, 3, 0, 0, 30.43%, 0, 0, 2, 325.40, 56177, 7
176, 23, 0, 3, 0, 0, 30.43%, 1, 0, 2, 313.24, 56676, 7
