# relative_time, cycles_done, cur_item, corpus_count, pending_total, pending_favs, map_size, saved_crashes, saved_hangs, max_depth, execs_per_sec, total_execs, edges_found
61, 10, 2, 3, 0, 0, 32.26%, 0, 0, 2, 327.10, 20141, 10
66, 12, 2, 3, 0, 0, 32.26%, 0, 0, 2, 328.57, 21851, 10
71, 12, 2, 3, 0, 0, 32.26%, 0, 0, 2, 323.89, 23518, 10
77, 13, 2, 3, 0, 0, 32.26%, 0, 0, 2, 328.80, 25177, 10
82, 14, 0, 3, 0, 0, 32.26%, 0, 0, 2, 325.57, 26866, 10
87, 15, 2, 3, 0, 0, 32.26%, 0, 0, 2, 328.50, 28563, 10
92, 16, 0, 3, 0, 0, 32.26%, 0, 0, 2, 324.33, 30255, 10
97, 16, 2, 3, 0, 0, 32.26%, 0, 0, 2, 322.96, 31909, 10
102, 17, 0, 3, 0, 0, 32.26%, 0, 0, 2, 325.51, 33610, 10
108, 17, 0, 3, 0, 0, 32.26%, 0, 0, 2, 321.96, 35259, 10
113, 18, 2, 3, 0, 0, 32.26%, 0, 0, 2, 322.90, 36919, 10
118, 19, 0, 3, 0, 0, 32.26%, 0, 0, 2, 324.65, 38614, 10
123, 19, 0, 3, 0, 0, 32.26%, 0, 0, 2, 323.49, 40278, 10
128, 20, 0, 3, 0, 0, 32.26%, 0, 0, 2, 321.78, 41927, 10
133, 21, 2, 3, 0, 0, 32.26%, 0, 0, 2, 327.62, 43624, 10
138, 22, 2, 3, 0, 0, 32.26%, 0, 0, 2, 328.63, 45334, 10
144, 23, 1, 3, 0, 0, 32.26%, 0, 0, 2, 331.37, 47050, 10
149, 24, 2, 3, 0, 0, 32.26%, 0, 0, 2, 325.96, 48708, 10
154, 25, 0, 3, 0, 0, 32.26%, 0, 0, 2, 325.28, 50400, 10
159, 25, 0, 3, 0, 0, 32.26%, 0, 0, 2, 322.99, 52064, 10
164, 26, 2, 3, 0, 0, 32.26%, 0, 0, 2, 327.93, 53707, 10
169, 27, 0, 3, 0, 0, 32.26%, 0, 0, 2, 323.24, 55381, 10
175, 28, 2, 3, 0, 0, 32.26%, 0, 0, 2, 328.26, 57093, 10
180, 29, 2, 3, 0, 0, 32.26%, 0, 0, 2, 329.00, 58791, 10
185, 30, 0, 3, 0, 0, 32.26%, 0, 0, 2, 323.70, 60462, 10
190, 31, 0, 3, 0, 0, 32.26%, 0, 0, 2, 326.02, 62159, 10
195, 32, 2, 3, 0, 0, 32.26%, 0, 0, 2, 325.61, 63838, 10
200, 32, 0, 3, 0, 0, 32.26%, 0, 0, 2, 324.04, 65503, 10
205, 33, 0, 3, 0, 0, 32.26%, 0, 0, 2, 323.73, 67179, 10
211, 34, 0, 3, 0, 0, 32.26%, 0, 0, 2, 323.15, 68843, 10
216, 34, 0, 3, 0, 0, 32.26%, 0, 0, 2, 324.69, 70525, 10
221, 35, 2, 3, 0, 0, 32.26%, 0, 0, 2, 327.50, 72216, 10
226, 36, 0, 3, 0, 0, 32.26%, 0, 0, 2, 327.87, 73863, 10
231, 37, 0, 3, 0, 0, 32.26%, 1, 0, 2, 313.18, 75510, 10
