# relative_time, cycles_done, cur_item, corpus_count, pending_total, pending_favs, map_size, saved_crashes, saved_hangs, max_depth, execs_per_sec, total_execs, edges_found
61, 6, 1, 3, 0, 0, 36.00%, 0, 0, 2, 322.88, 20015, 9
66, 7, 1, 3, 0, 0, 36.00%, 0, 0, 2, 325.97, 21703, 9
72, 8, 1, 3, 0, 0, 36.00%, 0, 0, 2, 328.73, 23417, 9
77, 9, 1, 3, 0, 0, 36.00%, 0, 0, 2, 330.07, 25127, 9
82, 10, 2, 3, 0, 0, 36.00%, 0, 0, 2, 325.43, 26797, 9
87, 11, 1, 3, 0, 0, 36.00%, 0, 0, 2, 328.65, 28499, 9
92, 12, 0, 3, 0, 0, 36.00%, 0, 0, 2, 326.69, 30192, 9
97, 12, 2, 3, 0, 0, 36.00%, 0, 0, 2, 323.86, 31856, 9
103, 13, 1, 3, 0, 0, 36.00%, 0, 0, 2, 322.69, 33524, 9
108, 13, 0, 3, 0, 0, 36.00%, 0, 0, 2, 322.49, 35201, 9
113, 14, 1, 3, 0, 0, 36.00%, 0, 0, 2, 327.21, 36896, 9
118, 15, 2, 3, 0, 0, 36.00%, 0, 0, 2, 326.97, 38604, 9
123, 16, 2, 3, 0, 0, 36.00%, 0, 0, 2, 324.27, 40260, 9
128, 17, 1, 3, 0, 0, 36.00%, 0, 0, 2, 327.15, 41948, 9
133, 17, 0, 3, 0, 0, 36.00%, 0, 0, 2, 322.94, 43610, 9
139, 17, 2, 3, 0, 0, 36.00%, 0, 0, 2, 323.39, 45264, 9
144, 19, 2, 3, 0, 0, 36.00%, 0, 0, 2, 328.60, 46969, 9
149, 19, 0, 3, 0, 0, 36.00%, 0, 0, 2, 323.17, 48617, 9
154, 20, 1, 3, 0, 0, 36.00%, 0, 0, 2, 327.08, 50315, 9
159, 20, 1, 3, 0, 0, 36.00%, 0, 0, 2, 323.89, 51964, 9
164, 21, 1, 3, 0, 0, 36.00%, 0, 0, 2, 324.75, 53652, 9
170, 22, 1, 3, 0, 0, 36.00%, 0, 0, 2, 329.12, 55359, 9
175, 23, 1, 3, 0, 0, 36.00%, 0, 0, 2, 327.83, 57043, 9
180, 24, 1, 3, 0, 0, 36.00%, 0, 0, 2, 325.83, 58713, 9
185, 25, 1, 3, 0, 0, 36.00%, 0, 0, 2, 329.13, 60411, 9
190, 26, 2, 3, 0, 0, 36.00%, 0, 0, 2, 325.28, 62077, 9
195, 26, 0, 3, 0, 0, 36.00%, 0, 0, 2, 322.78, 63744, 9
200, 27, 2, 3, 0, 0, 36.00%, 0, 0, 2, 326.81, 65441, 9
206, 28, 2, 3, 0, 0, 36.00%, 0, 0, 2, 326.98, 67128, 9
211, 29, 1, 3, 0, 0, 36.00%, 0, 0, 2, 327.02, 68819, 9
216, 30, 2, 3, 0, 0, 36.00%, 0, 0, 2, 327.26, 70505, 9
221, 31, 1, 3, 0, 0, 36.00%, 0, 0, 2, 329.19, 72156, 9
226, 32, 1, 3, 0, 0, 36.00%, 0, 0, 2, 327.43, 73806, 9
231, 33, 1, 3, 0, 0, 36.00%, 0, 0, 2, 334.44, 75487, 9
236, 34, 2, 3, 0, 0, 36.00%, 0, 0, 2, 335.89, 77199, 9
241, 35, 2, 3, 0, 0, 36.00%, 0, 0, 2, 339.54, 78916, 9
246, 36, 2, 3, 0, 0, 36.00%, 0, 0, 2, 339.05, 80629, 9
251, 36, 1, 3, 0, 0, 36.00%, 0, 0, 2, 337.39, 82339, 9
256, 37, 1, 3, 0, 0, 36.00%, 0, 0, 2, 338.12, 84045, 9
261, 38, 2, 3, 0, 0, 36.00%, 0, 0, 2, 336.80, 85757, 9
266, 39, 2, 3, 0, 0, 36.00%, 0, 0, 2, 335.76, 87450, 9
272, 39, 0, 3, 0, 0, 36.00%, 0, 0, 2, 334.18, 89146, 9
277, 40, 0, 3, 0, 0, 36.00%, 0, 0, 2, 332.27, 90829, 9
282, 41, 1, 3, 0, 0, 36.00%, 0, 0, 2, 338.07, 92538, 9
287, 42, 1, 3, 0, 0, 36.00%, 0, 0, 2, 337.04, 94234, 9
292, 42, 2, 3, 0, 0, 36.00%, 0, 0, 2, 326.55, 95910, 9
297, 43, 1, 3, 0, 0, 36.00%, 0, 0, 2, 327.51, 97592, 9
302, 44, 2, 3, 0, 0, 36.00%, 0, 0, 2, 326.88, 99234, 9
307, 44, 0, 3, 0, 0, 36.00%, 0, 0, 2, 325.12, 100918, 9
312, 45, 1, 3, 0, 0, 36.00%, 0, 0, 2, 326.55, 102604, 9
317, 46, 0, 3, 0, 0, 36.00%, 0, 0, 2, 325.24, 104288, 9
323, 46, 0, 3, 0, 0, 36.00%, 0, 0, 2, 323.72, 105940, 9
328, 47, 2, 3, 0, 0, 36.00%, 0, 0, 2, 322.99, 107593, 9
333, 48, 2, 3, 0, 0, 36.00%, 0, 0, 2, 326.35, 109286, 9
338, 49, 1, 3, 0, 0, 36.00%, 0, 0, 2, 326.93, 110977, 9
343, 49, 1, 3, 0, 0, 36.00%, 0, 0, 2, 323.28, 112656, 9
348, 50, 0, 3, 0, 0, 36.00%, 0, 0, 2, 324.82, 114349, 9
349, 50, 0, 3, 0, 0, 36.00%, 1, 0, 2, 313.81, 114519, 9
