# relative_time, cycles_done, cur_item, corpus_count, pending_total, pending_favs, map_size, saved_crashes, saved_hangs, max_depth, execs_per_sec, total_execs, edges_found
61, 9, 0, 3, 0, 0, 36.00%, 0, 0, 2, 323.32, 20114, 9
66, 10, 0, 3, 0, 0, 36.00%, 0, 0, 2, 324.85, 21790, 9
71, 11, 1, 3, 0, 0, 36.00%, 0, 0, 2, 327.39, 23424, 9
76, 12, 2, 3, 0, 0, 36.00%, 0, 0, 2, 328.38, 25131, 9
82, 13, 2, 3, 0, 0, 36.00%, 0, 0, 2, 325.96, 26813, 9
87, 14, 0, 3, 0, 0, 36.00%, 0, 0, 2, 324.68, 28487, 9
92, 14, 0, 3, 0, 0, 36.00%, 0, 0, 2, 322.32, 30160, 9
97, 15, 0, 3, 0, 0, 36.00%, 0, 0, 2, 326.71, 31863, 9
102, 16, 2, 3, 0, 0, 36.00%, 0, 0, 2, 325.30, 33533, 9
107, 16, 2, 3, 0, 0, 36.00%, 0, 0, 2, 324.42, 35200, 9
113, 17, 1, 3, 0, 0, 36.00%, 0, 0, 2, 323.31, 36861, 9
118, 18, 2, 3, 0, 0, 36.00%, 0, 0, 2, 327.77, 38511, 9
123, 19, 0, 3, 0, 0, 36.00%, 0, 0, 2, 324.43, 40182, 9
128, 20, 0, 3, 0, 0, 36.00%, 0, 0, 2, 322.41, 41858, 9
133, 21, 2, 3, 0, 0, 36.00%, 0, 0, 2, 328.13, 43513, 9
138, 21, 2, 3, 0, 0, 36.00%, 0, 0, 2, 326.91, 45198, 9
143, 22, 1, 3, 0, 0, 36.00%, 0, 0, 2, 322.84, 46877, 9
149, 23, 0, 3, 0, 0, 36.00%, 0, 0, 2, 322.12, 48551, 9
154, 24, 2, 3, 0, 0, 36.00%, 0, 0, 2, 327.62, 50194, 9
159, 25, 0, 3, 0, 0, 36.00%, 0, 0, 2, 328.19, 51907, 9
164, 26, 2, 3, 0, 0, 36.00%, 0, 0, 2, 327.05, 53592, 9
169, 27, 2, 3, 0, 0, 36.00%, 0, 0, 2, 325.08, 55259, 9
174, 28, 0, 3, 0, 0, 36.00%, 0, 0, 2, 325.86, 56960, 9
179, 28, 0, 3, 0, 0, 36.00%, 0, 0, 2, 323.92, 58630, 9
185, 29, 0, 3, 0, 0, 36.00%, 0, 0, 2, 322.76, 60294, 9
190, 29, 0, 3, 0, 0, 36.00%, 0, 0, 2, 321.72, 61943, 9
195, 30, 2, 3, 0, 0, 36.00%, 0, 0, 2, 329.25, 63661, 9
200, 31, 2, 3, 0, 0, 36.00%, 0, 0, 2, 329.62, 65311, 9
205, 32, 2, 3, 0, 0, 36.00%, 0, 0, 2, 324.94, 66978, 9
210, 32, 2, 3, 0, 0, 36.00%, 0, 0, 2, 323.33, 68642, 9
215, 33, 2, 3, 0, 0, 36.00%, 0, 0, 2, 324.22, 70315, 9
221, 34, 2, 3, 0, 0, 36.00%, 0, 0, 2, 329.46, 72031, 9
226, 35, 0, 3, 0, 0, 36.00%, 0, 0, 2, 324.35, 73692, 9
231, 35, 2, 3, 0, 0, 36.00%, 0, 0, 2, 322.96, 75344, 9
236, 36, 0, 3, 0, 0, 36.00%, 0, 0, 2, 323.47, 77027, 9
241, 37, 0, 3, 0, 0, 36.00%, 0, 0, 2, 322.97, 78703, 9
246, 37, 0, 3, 0, 0, 36.00%, 0, 0, 2, 321.88, 80352, 9
252, 38, 2, 3, 0, 0, 36.00%, 0, 0, 2, 325.70, 82037, 9
257, 39, 0, 3, 0, 0, 36.00%, 0, 0, 2, 324.76, 83732, 9
262, 40, 0, 3, 0, 0, 36.00%, 0, 0, 2, 323.96, 85405, 9
267, 41, 1, 3, 0, 0, 36.00%, 0, 0, 2, 327.22, 87108, 9
272, 42, 0, 3, 0, 0, 36.00%, 0, 0, 2, 325.55, 88794, 9
277, 42, 0, 3, 0, 0, 36.00%, 0, 0, 2, 321.74, 90443, 9
283, 42, 0, 3, 0, 0, 36.00%, 0, 0, 2, 321.78, 92107, 9
288, 43, 2, 3, 0, 0, 36.00%, 0, 0, 2, 324.84, 93782, 9
293, 44, 0, 3, 0, 0, 36.00%, 0, 0, 2, 323.90, 95449, 9
298, 44, 2, 3, 0, 0, 36.00%, 0, 0, 2, 325.07, 97109, 9
303, 45, 2, 3, 0, 0, 36.00%, 0, 0, 2, 329.45, 98823, 9
308, 46, 0, 3, 0, 0, 36.00%, 0, 0, 2, 325.08, 100515, 9
314, 47, 1, 3, 0, 0, 36.00%, 0, 0, 2, 325.32, 102194, 9
319, 48, 0, 3, 0, 0, 36.00%, 0, 0, 2, 322.13, 103874, 9
321, 49, 2, 3, 0, 0, 36.00%, 1, 0, 2, 311.63, 104712, 9
