# relative_time, cycles_done, cur_item, corpus_count, pending_total, pending_favs, map_size, saved_crashes, saved_hangs, max_depth, execs_per_sec, total_execs, edges_found
61, 7, 2, 3, 0, 0, 36.00%, 0, 0, 2, 320.40, 19891, 9
66, 8, 2, 3, 0, 0, 36.00%, 0, 0, 2, 323.84, 21559, 9
71, 9, 2, 3, 0, 0, 36.00%, 0, 0, 2, 324.31, 23230, 9
77, 10, 2, 3, 0, 0, 36.00%, 0, 0, 2, 321.72, 24891, 9
82, 11, 0, 3, 0, 0, 36.00%, 0, 0, 2, 323.18, 26559, 9
87, 12, 2, 3, 0, 0, 36.00%, 0, 0, 2, 324.70, 28223, 9
92, 13, 2, 3, 0, 0, 36.00%, 0, 0, 2, 323.82, 29891, 9
97, 14, 1, 3, 0, 0, 36.00%, 0, 0, 2, 324.27, 31556, 9
102, 15, 0, 3, 0, 0, 36.00%, 0, 0, 2, 322.16, 33209, 9
104, 15, 0, 3, 0, 0, 36.00%, 1, 0, 2, 306.34, 33616, 9
