# relative_time, cycles_done, cur_item, corpus_count, pending_total, pending_favs, map_size, saved_crashes, saved_hangs, max_depth, execs_per_sec, total_execs, edges_found
61, 8, 2, 3, 1, 0, 30.43%, 0, 0, 2, 333.51, 20427, 7
66, 9, 2, 3, 0, 0, 30.43%, 0, 0, 2, 332.90, 22100, 7
71, 10, 2, 3, 0, 0, 30.43%, 0, 0, 2, 334.36, 23800, 7
76, 10, 2, 3, 0, 0, 30.43%, 0, 0, 2, 333.48, 25488, 7
81, 11, 2, 3, 0, 0, 30.43%, 0, 0, 2, 332.94, 27182, 7
86, 12, 2, 3, 0, 0, 30.43%, 0, 0, 2, 334.35, 28874, 7
91, 13, 2, 3, 0, 0, 30.43%, 0, 0, 2, 333.84, 30550, 7
96, 14, 2, 3, 0, 0, 30.43%, 0, 0, 2, 334.22, 32226, 7
101, 14, 2, 3, 0, 0, 30.43%, 0, 0, 2, 329.85, 33925, 7
106, 15, 0, 3, 0, 0, 30.43%, 0, 0, 2, 326.30, 35588, 7
111, 15, 0, 3, 0, 0, 30.43%, 1, 0, 2, 314.74, 37030, 7
