# relative_time, cycles_done, cur_item, corpus_count, pending_total, pending_favs, map_size, saved_crashes, saved_hangs, max_depth, execs_per_sec, total_execs, edges_found
61, 9, 0, 3, 0, 0, 36.00%, 0, 0, 2, 326.08, 20085, 9
66, 10, 0, 3, 0, 0, 36.00%, 0, 0, 2, 325.41, 21767, 9
71, 10, 0, 3, 0, 0, 36.00%, 0, 0, 2, 322.84, 23416, 9
76, 10, 0, 3, 0, 0, 36.00%, 0, 0, 2, 323.32, 25092, 9
81, 11, 2, 3, 0, 0, 36.00%, 0, 0, 2, 326.17, 26777, 9
87, 12, 0, 3, 0, 0, 36.00%, 0, 0, 2, 322.18, 28448, 9
92, 13, 0, 3, 0, 0, 36.00%, 0, 0, 2, 322.28, 30121, 9
97, 14, 2, 3, 0, 0, 36.00%, 0, 0, 2, 325.88, 31794, 9
102, 15, 2, 3, 0, 0, 36.00%, 0, 0, 2, 329.11, 33495, 9
107, 16, 0, 3, 0, 0, 36.00%, 0, 0, 2, 325.79, 35193, 9
112, 17, 2, 3, 0, 0, 36.00%, 0, 0, 2, 327.98, 36842, 9
118, 18, 2, 3, 0, 0, 36.00%, 0, 0, 2, 329.99, 38567, 9
123, 18, 0, 3, 0, 0, 36.00%, 0, 0, 2, 322.10, 40219, 9
128, 19, 0, 3, 0, 0, 36.00%, 1, 0, 2, 58.06, 41829, 9
