# relative_time, cycles_done, cur_item, corpus_count, pending_total, pending_favs, map_size, saved_crashes, saved_hangs, max_depth, execs_per_sec, total_execs, edges_found
61, 9, 0, 3, 0, 0, 32.26%, 0, 0, 2, 323.50, 20048, 10
66, 9, 1, 3, 0, 0, 32.26%, 0, 0, 2, 323.41, 21731, 10
71, 10, 2, 3, 0, 0, 32.26%, 0, 0, 2, 325.55, 23424, 10
77, 11, 2, 3, 0, 0, 32.26%, 0, 0, 2, 323.94, 25091, 10
82, 12, 2, 3, 0, 0, 32.26%, 0, 0, 2, 325.21, 26793, 10
87, 12, 0, 3, 0, 0, 32.26%, 0, 0, 2, 322.19, 28439, 10
92, 13, 0, 3, 0, 0, 32.26%, 0, 0, 2, 322.62, 30104, 10
97, 13, 1, 3, 0, 0, 32.26%, 0, 0, 2, 321.54, 31751, 10
102, 14, 2, 3, 0, 0, 32.26%, 0, 0, 2, 324.53, 33447, 10
108, 15, 2, 3, 0, 0, 32.26%, 0, 0, 2, 324.27, 35119, 10
113, 16, 1, 3, 0, 0, 32.26%, 0, 0, 2, 325.09, 36793, 10
118, 17, 1, 3, 0, 0, 32.26%, 0, 0, 2, 327.94, 38477, 10
123, 18, 2, 3, 0, 0, 32.26%, 0, 0, 2, 329.70, 40193, 10
128, 19, 1, 3, 0, 0, 32.26%, 0, 0, 2, 328.97, 41868, 10
133, 20, 1, 3, 0, 0, 32.26%, 0, 0, 2, 330.34, 43536, 10
138, 20, 1, 3, 0, 0, 32.26%, 0, 0, 2, 326.84, 45209, 10
143, 21, 0, 3, 0, 0, 32.26%, 0, 0, 2, 324.20, 46835, 10
149, 22, 2, 3, 0, 0, 32.26%, 0, 0, 2, 322.96, 48497, 10
154, 23, 2, 3, 0, 0, 32.26%, 0, 0, 2, 327.25, 50199, 10
159, 23, 2, 3, 0, 0, 32.26%, 0, 0, 2, 323.21, 51860, 10
164, 24, 0, 3, 0, 0, 32.26%, 0, 0, 2, 325.84, 53508, 10
169, 25, 1, 3, 0, 0, 32.26%, 0, 0, 2, 324.09, 55161, 10
174, 26, 1, 3, 0, 0, 32.26%, 0, 0, 2, 323.91, 56831, 10
179, 27, 1, 3, 0, 0, 32.26%, 0, 0, 2, 330.10, 58496, 10
184, 28, 1, 3, 0, 0, 32.26%, 0, 0, 2, 326.15, 60132, 10
189, 29, 1, 3, 0, 0, 32.26%, 0, 0, 2, 329.58, 61848, 10
195, 30, 0, 3, 0, 0, 32.26%, 0, 0, 2, 327.91, 63555, 10
200, 30, 0, 3, 0, 0, 32.26%, 0, 0, 2, 323.27, 65204, 10
205, 31, 2, 3, 0, 0, 32.26%, 0, 0, 2, 321.34, 66866, 10
210, 31, 2, 3, 0, 0, 32.26%, 0, 0, 2, 323.48, 68548, 10
215, 32, 1, 3, 0, 0, 32.26%, 0, 0, 2, 327.89, 70196, 10
220, 33, 1, 3, 0, 0, 32.26%, 0, 0, 2, 323.57, 71869, 10
225, 34, 1, 3, 0, 0, 32.26%, 0, 0, 2, 324.36, 73557, 10
231, 34, 2, 3, 0, 0, 32.26%, 0, 0, 2, 323.20, 75224, 10
236, 35, 1, 3, 0, 0, 32.26%, 0, 0, 2, 327.55, 76923, 10
241, 36, 2, 3, 0, 0, 32.26%, 0, 0, 2, 324.10, 78592, 10
246, 36, 2, 3, 0, 0, 32.26%, 0, 0, 2, 317.42, 80227, 10
251, 37, 2, 3, 0, 0, 32.26%, 0, 0, 2, 322.15, 81909, 10
256, 38, 1, 3, 0, 0, 32.26%, 0, 0, 2, 321.22, 83553, 10
262, 38, 2, 3, 0, 0, 32.26%, 0, 0, 2, 323.93, 85226, 10
267, 39, 1, 3, 0, 0, 32.26%, 0, 0, 2, 326.94, 86922, 10
272, 40, 1, 3, 0, 0, 32.26%, 0, 0, 2, 329.64, 88641, 10
277, 41, 1, 3, 0, 0, 32.26%, 0, 0, 2, 325.47, 90305, 10
282, 42, 2, 3, 0, 0, 32.26%, 0, 0, 2, 323.96, 91935, 10
287, 43, 1, 3, 0, 0, 32.26%, 0, 0, 2, 329.40, 93592, 10
292, 44, 2, 3, 0, 0, 32.26%, 0, 0, 2, 328.08, 95248, 10
297, 45, 2, 3, 0, 0, 32.26%, 0, 0, 2, 325.71, 96936, 10
303, 46, 0, 3, 0, 0, 32.26%, 0, 0, 2, 323.56, 98603, 10
308, 46, 1, 3, 0, 0, 32.26%, 0, 0, 2, 320.98, 100256, 10
313, 47, 1, 3, 0, 0, 32.26%, 0, 0, 2, 323.48, 101938, 10
318, 48, 1, 3, 0, 0, 32.26%, 0, 0, 2, 325.09, 103616, 10
323, 48, 0, 3, 0, 0, 32.26%, 0, 0, 2, 321.65, 105288, 10
328, 49, 1, 3, 0, 0, 32.26%, 0, 0, 2, 324.92, 106956, 10
334, 50, 1, 3, 0, 0, 32.26%, 0, 0, 2, 324.61, 108626, 10
339, 50, 0, 3, 0, 0, 32.26%, 0, 0, 2, 324.23, 110303, 10
344, 51, 1, 3, 0, 0, 32.26%, 0, 0, 2, 325.52, 111932, 10
349, 52, 0, 3, 0, 0, 32.26%, 0, 0, 2, 326.90, 113568, 10
354, 53, 1, 3, 0, 0, 32.26%, 0, 0, 2, 326.28, 115240, 10
359, 53, 0, 3, 0, 0, 32.26%, 0, 0, 2, 324.05, 116912, 10
364, 54, 2, 3, 0, 0, 32.26%, 0, 0, 2, 325.05, 118600, 10
369, 55, 2, 3, 0, 0, 32.26%, 0, 0, 2, 322.13, 120262, 10
375, 56, 1, 3, 0, 0, 32.26%, 0, 0, 2, 327.95, 121961, 10
380, 56, 0, 3, 0, 0, 32.26%, 0, 0, 2, 322.08, 123610, 10
385, 57, 2, 3, 0, 0, 32.26%, 0, 0, 2, 320.95, 125257, 10
390, 57, 0, 3, 0, 0, 32.26%, 0, 0, 2, 321.26, 126875, 10
395, 58, 0, 3, 0, 0, 32.26%, 0, 0, 2, 322.11, 128552, 10
400, 59, 1, 3, 0, 0, 32.26%, 0, 0, 2, 322.41, 130213, 10
405, 60, 2, 3, 0, 0, 32.26%, 0, 0, 2, 327.03, 131926, 10
411, 60, 2, 3, 0, 0, 32.26%, 0, 0, 2, 323.58, 133579, 10
416, 60, 0, 3, 0, 0, 32.26%, 0, 0, 2, 322.01, 135236, 10
421, 61, 0, 3, 0, 0, 32.26%, 0, 0, 2, 323.11, 136915, 10
426, 62, 2, 3, 0, 0, 32.26%, 0, 0, 2, 323.29, 138592, 10
431, 63, 1, 3, 0, 0, 32.26%, 0, 0, 2, 322.55, 140208, 10
436, 63, 1, 3, 0, 0, 32.26%, 0, 0, 2, 326.23, 141847, 10
441, 64, 1, 3, 0, 0, 32.26%, 0, 0, 2, 323.62, 143520, 10
446, 65, 0, 3, 0, 0, 32.26%, 0, 0, 2, 325.16, 145204, 10
452, 66, 1, 3, 0, 0, 32.26%, 0, 0, 2, 321.76, 146853, 10
457, 66, 0, 3, 0, 0, 32.26%, 0, 0, 2, 321.56, 148522, 10
462, 67, 2, 3, 0, 0, 32.26%, 0, 0, 2, 325.38, 150213, 10
467, 68, 0, 3, 0, 0, 32.26%, 0, 0, 2, 326.17, 151895, 10
472, 68, 2, 3, 0, 0, 32.26%, 0, 0, 2, 322.59, 153550, 10
477, 69, 1, 3, 0, 0, 32.26%, 0, 0, 2, 323.99, 155230, 10
483, 69, 0, 3, 0, 0, 32.26%, 0, 0, 2, 320.97, 156881, 10
488, 70, 2, 3, 0, 0, 32.26%, 0, 0, 2, 322.02, 158558, 10
493, 71, 1, 3, 0, 0, 32.26%, 0, 0, 2, 328.51, 160206, 10
498, 72, 1, 3, 0, 0, 32.26%, 0, 0, 2, 323.99, 161876, 10
503, 72, 0, 3, 0, 0, 32.26%, 0, 0, 2, 323.75, 163551, 10
508, 73, 2, 3, 0, 0, 32.26%, 0, 0, 2, 323.54, 165209, 10
509, 73, 1, 3, 0, 0, 32.26%, 1, 0, 2, 310.12, 165360, 10
