# relative_time, cycles_done, cur_item, corpus_count, pending_total, pending_favs, map_size, saved_crashes, saved_hangs, max_depth, execs_per_sec, total_execs, edges_found
61, 8, 0, 3, 0, 0, 32.26%, 0, 0, 2, 324.02, 20032, 10
66, 9, 0, 3, 0, 0, 32.26%, 0, 0, 2, 321.39, 21696, 10
71, 10, 0, 3, 0, 0, 32.26%, 0, 0, 2, 321.71, 23348, 10
76, 10, 2, 3, 0, 0, 32.26%, 0, 0, 2, 324.24, 25018, 10
82, 12, 2, 3, 0, 0, 32.26%, 0, 0, 2, 327.64, 26707, 10
87, 13, 2, 3, 0, 0, 32.26%, 0, 0, 2, 327.63, 28351, 10
92, 14, 2, 3, 0, 0, 32.26%, 0, 0, 2, 327.92, 30055, 10
97, 15, 2, 3, 0, 0, 32.26%, 0, 0, 2, 325.18, 31722, 10
102, 16, 2, 3, 0, 0, 32.26%, 0, 0, 2, 328.12, 33375, 10
107, 16, 0, 3, 0, 0, 32.26%, 0, 0, 2, 323.60, 35058, 10
112, 17, 0, 3, 0, 0, 32.26%, 0, 0, 2, 321.78, 36716, 10
117, 18, 2, 3, 0, 0, 32.26%, 0, 0, 2, 322.63, 38367, 10
122, 19, 2, 3, 0, 0, 32.26%, 0, 0, 2, 327.60, 40014, 10
127, 20, 2, 3, 0, 0, 32.26%, 0, 0, 2, 330.42, 41670, 10
133, 21, 0, 3, 0, 0, 32.26%, 0, 0, 2, 324.92, 43356, 10
138, 22, 0, 3, 0, 0, 32.26%, 0, 0, 2, 325.40, 45032, 10
143, 22, 0, 3, 0, 0, 32.26%, 0, 0, 2, 322.68, 46681, 10
148, 23, 0, 3, 0, 0, 32.26%, 0, 0, 2, 321.96, 48339, 10
153, 23, 0, 3, 0, 0, 32.26%, 0, 0, 2, 322.96, 50006, 10
158, 24, 0, 3, 0, 0, 32.26%, 0, 0, 2, 323.16, 51676, 10
163, 25, 0, 3, 0, 0, 32.26%, 0, 0, 2, 323.75, 53343, 10
169, 25, 0, 3, 0, 0, 32.26%, 0, 0, 2, 321.68, 54992, 10
174, 25, 2, 3, 0, 0, 32.26%, 0, 0, 2, 322.98, 56646, 10
179, 26, 2, 3, 0, 0, 32.26%, 0, 0, 2, 324.04, 58313, 10
184, 27, 2, 3, 0, 0, 32.26%, 0, 0, 2, 328.41, 59960, 10
189, 28, 2, 3, 0, 0, 32.26%, 0, 0, 2, 330.17, 61676, 10
194, 30, 2, 3, 0, 0, 32.26%, 0, 0, 2, 326.85, 63305, 10
199, 31, 2, 3, 0, 0, 32.26%, 0, 0, 2, 327.84, 64949, 10
204, 32, 2, 3, 0, 0, 32.26%, 0, 0, 2, 328.48, 66662, 10
210, 33, 2, 3, 0, 0, 32.26%, 0, 0, 2, 328.75, 68360, 10
215, 35, 2, 3, 0, 0, 32.26%, 0, 0, 2, 329.40, 70058, 10
220, 36, 2, 3, 0, 0, 32.26%, 0, 0, 2, 328.64, 71741, 10
225, 36, 2, 3, 0, 0, 32.26%, 0, 0, 2, 324.09, 73408, 10
230, 37, 2, 3, 0, 0, 32.26%, 0, 0, 2, 320.45, 75062, 10
235, 37, 2, 3, 0, 0, 32.26%, 0, 0, 2, 322.82, 76727, 10
240, 38, 0, 3, 0, 0, 32.26%, 0, 0, 2, 322.46, 78398, 10
245, 39, 2, 3, 0, 0, 32.26%, 0, 0, 2, 327.61, 80041, 10
250, 40, 2, 3, 0, 0, 32.26%, 0, 0, 2, 328.32, 81688, 10
255, 42, 2, 3, 0, 0, 32.26%, 0, 0, 2, 330.28, 83344, 10
261, 42, 0, 3, 0, 0, 32.26%, 0, 0, 2, 325.74, 85036, 10
266, 43, 0, 3, 0, 0, 32.26%, 0, 0, 2, 323.99, 86709, 10
271, 44, 0, 3, 0, 0, 32.26%, 0, 0, 2, 322.97, 88385, 10
276, 44, 2, 3, 0, 0, 32.26%, 0, 0, 2, 325.66, 90058, 10
281, 45, 2, 3, 0, 0, 32.26%, 0, 0, 2, 322.69, 91677, 10
286, 45, 0, 3, 0, 0, 32.26%, 0, 0, 2, 322.09, 93351, 10
291, 46, 0, 3, 0, 0, 32.26%, 0, 0, 2, 321.94, 94970, 10
296, 47, 2, 3, 0, 0, 32.26%, 0, 0, 2, 326.76, 96613, 10
301, 48, 0, 3, 0, 0, 32.26%, 0, 0, 2, 325.16, 98245, 10
306, 49, 0, 3, 0, 0, 32.26%, 0, 0, 2, 324.18, 99924, 10
312, 49, 2, 3, 0, 0, 32.26%, 0, 0, 2, 328.16, 101630, 10
317, 51, 0, 3, 0, 0, 32.26%, 0, 0, 2, 328.50, 103340, 10
322, 51, 0, 3, 0, 0, 32.26%, 0, 0, 2, 326.69, 105025, 10
327, 52, 2, 3, 0, 0, 32.26%, 0, 0, 2, 325.55, 106701, 10
332, 53, 2, 3, 0, 0, 32.26%, 0, 0, 2, 328.01, 108399, 10
338, 54, 2, 3, 0, 0, 32.26%, 0, 0, 2, 325.23, 110072, 10
343, 55, 0, 3, 0, 0, 32.26%, 0, 0, 2, 325.36, 111758, 10
348, 56, 2, 3, 0, 0, 32.26%, 0, 0, 2, 326.97, 113446, 10
353, 57, 2, 3, 0, 0, 32.26%, 0, 0, 2, 329.31, 115153, 10
358, 57, 2, 3, 0, 0, 32.26%, 0, 0, 2, 324.78, 116826, 10
363, 58, 0, 3, 0, 0, 32.26%, 0, 0, 2, 327.49, 118539, 10
368, 59, 2, 3, 0, 0, 32.26%, 0, 0, 2, 325.83, 120170, 10
374, 60, 2, 3, 0, 0, 32.26%, 0, 0, 2, 323.96, 121834, 10
379, 60, 2, 3, 0, 0, 32.26%, 0, 0, 2, 324.15, 123513, 10
384, 61, 2, 3, 0, 0, 32.26%, 0, 0, 2, 323.08, 125192, 10
389, 62, 2, 3, 0, 0, 32.26%, 0, 0, 2, 327.87, 126845, 10
394, 64, 2, 3, 0, 0, 32.26%, 0, 0, 2, 331.24, 128525, 10
399, 64, 0, 3, 0, 0, 32.26%, 0, 0, 2, 322.65, 130193, 10
404, 65, 2, 3, 0, 0, 32.26%, 0, 0, 2, 328.55, 131899, 10
410, 66, 0, 3, 0, 0, 32.26%, 0, 0, 2, 323.34, 133552, 10
415, 67, 2, 3, 0, 0, 32.26%, 0, 0, 2, 327.29, 135252, 10
420, 68, 0, 3, 0, 0, 32.26%, 0, 0, 2, 322.31, 136920, 10
425, 68, 0, 3, 0, 0, 32.26%, 0, 0, 2, 323.57, 138602, 10
430, 69, 0, 3, 0, 0, 32.26%, 0, 0, 2, 323.67, 140278, 10
435, 70, 2, 3, 0, 0, 32.26%, 0, 0, 2, 323.60, 141945, 10
441, 71, 2, 3, 0, 0, 32.26%, 0, 0, 2, 325.78, 143619, 10
446, 72, 0, 3, 0, 0, 32.26%, 0, 0, 2, 323.16, 145308, 10
451, 73, 0, 3, 0, 0, 32.26%, 0, 0, 2, 325.03, 146987, 10
456, 73, 0, 3, 0, 0, 32.26%, 0, 0, 2, 325.02, 148648, 10
461, 74, 2, 3, 0, 0, 32.26%, 0, 0, 2, 326.09, 150327, 10
464, 74, 2, 3, 0, 0, 32.26%, 1, 0, 2, 312.20, 151291, 10
