# relative_time, cycles_done, cur_item, corpus_count, pending_total, pending_favs, map_size, saved_crashes, saved_hangs, max_depth, execs_per_sec, total_execs, edges_found
61, 7, 0, 3, 0, 0, 30.43%, 0, 0, 2, 326.76, 20253, 7
66, 8, 2, 3, 0, 0, 30.43%, 0, 0, 2, 329.72, 21954, 7
71, 8, 0, 3, 0, 0, 30.43%, 0, 0, 2, 327.75, 23604, 7
76, 8, 0, 3, 0, 0, 30.43%, 0, 0, 2, 323.98, 25253, 7
81, 9, 2, 3, 0, 0, 30.43%, 0, 0, 2, 330.94, 26926, 7
86, 10, 2, 3, 0, 0, 30.43%, 0, 0, 2, 330.59, 28590, 7
91, 10, 0, 3, 0, 0, 30.43%, 0, 0, 2, 325.75, 30286, 7
96, 11, 0, 3, 0, 0, 30.43%, 0, 0, 2, 327.97, 31935, 7
101, 12, 2, 3, 0, 0, 30.43%, 0, 0, 2, 328.41, 33610, 7
106, 12, 2, 3, 0, 0, 30.43%, 0, 0, 2, 331.65, 35274, 7
111, 13, 2, 3, 0, 0, 30.43%, 0, 0, 2, 331.89, 36932, 7
116, 14, 2, 3, 0, 0, 30.43%, 0, 0, 2, 333.13, 38612, 7
121, 15, 2, 3, 0, 0, 30.43%, 0, 0, 2, 332.38, 40288, 7
127, 15, 0, 3, 0, 0, 30.43%, 0, 0, 2, 328.88, 41998, 7
132, 16, 2, 3, 0, 0, 30.43%, 0, 0, 2, 330.84, 43651, 7
137, 17, 0, 3, 0, 0, 30.43%, 0, 0, 2, 330.65, 45315, 7
142, 17, 2, 3, 0, 0, 30.43%, 0, 0, 2, 329.04, 46996, 7
147, 18, 2, 3, 0, 0, 30.43%, 0, 0, 2, 331.96, 48690, 7
152, 19, 2, 3, 0, 0, 30.43%, 0, 0, 2, 331.83, 50366, 7
157, 19, 2, 3, 0, 0, 30.43%, 0, 0, 2, 331.31, 52024, 7
162, 20, 2, 3, 0, 0, 30.43%, 0, 0, 2, 332.17, 53698, 7
167, 21, 2, 3, 0, 0, 30.43%, 0, 0, 2, 332.80, 55428, 7
172, 22, 2, 3, 0, 0, 30.43%, 0, 0, 2, 331.64, 57146, 7
178, 22, 2, 3, 0, 0, 30.43%, 0, 0, 2, 331.23, 58870, 7
183, 23, 2, 3, 0, 0, 30.43%, 0, 0, 2, 332.82, 60552, 7
188, 24, 2, 3, 0, 0, 30.43%, 0, 0, 2, 327.85, 62245, 7
193, 24, 2, 3, 0, 0, 30.43%, 0, 0, 2, 331.76, 63915, 7
198, 25, 2, 3, 0, 0, 30.43%, 0, 0, 2, 328.12, 65602, 7
203, 26, 2, 3, 0, 0, 30.43%, 0, 0, 2, 331.65, 67332, 7
208, 26, 2, 3, 0, 0, 30.43%, 0, 0, 2, 332.27, 69056, 7
213, 27, 2, 3, 0, 0, 30.43%, 0, 0, 2, 327.86, 70731, 7
219, 27, 2, 3, 0, 0, 30.43%, 0, 0, 2, 327.47, 72424, 7
224, 28, 2, 3, 0, 0, 30.43%, 0, 0, 2, 328.46, 74111, 7
229, 28, 2, 3, 0, 0, 30.43%, 0, 0, 2, 331.87, 75835, 7
234, 29, 0, 3, 0, 0, 30.43%, 0, 0, 2, 330.92, 77541, 7
239, 30, 2, 3, 0, 0, 30.43%, 0, 0, 2, 329.56, 79234, 7
245, 31, 2, 3, 0, 0, 30.43%, 0, 0, 2, 331.54, 80958, 7
250, 31, 0, 3, 0, 0, 30.43%, 0, 0, 2, 330.69, 82682, 7
255, 32, 2, 3, 0, 0, 30.43%, 0, 0, 2, 330.09, 84381, 7
260, 33, 2, 3, 0, 0, 30.43%, 0, 0, 2, 330.79, 86057, 7
265, 33, 2, 3, 0, 0, 30.43%, 0, 0, 2, 331.36, 87787, 7
270, 34, 2, 3, 0, 0, 30.43%, 0, 0, 2, 332.92, 89469, 7
275, 35, 2, 3, 0, 0, 30.43%, 0, 0, 2, 333.31, 91145, 7
280, 36, 2, 3, 0, 0, 30.43%, 0, 0, 2, 330.57, 92801, 7
285, 36, 0, 3, 0, 0, 30.43%, 0, 0, 2, 326.80, 94499, 7
291, 37, 2, 3, 0, 0, 30.43%, 0, 0, 2, 331.61, 96176, 7
296, 37, 0, 3, 0, 0, 30.43%, 0, 0, 2, 327.46, 97880, 7
301, 38, 2, 3, 0, 0, 30.43%, 0, 0, 2, 330.73, 99545, 7
306, 39, 2, 3, 0, 0, 30.43%, 0, 0, 2, 332.52, 101215, 7
311, 39, 0, 3, 0, 0, 30.43%, 0, 0, 2, 325.72, 102893, 7
316, 40, 2, 3, 0, 0, 30.43%, 0, 0, 2, 330.12, 104560, 7
321, 40, 0, 3, 0, 0, 30.43%, 0, 0, 2, 326.58, 106256, 7
326, 41, 2, 3, 0, 0, 30.43%, 0, 0, 2, 331.93, 107941, 7
331, 42, 2, 3, 0, 0, 30.43%, 0, 0, 2, 328.72, 109623, 7
336, 43, 2, 3, 0, 0, 30.43%, 0, 0, 2, 331.16, 111293, 7
341, 43, 0, 3, 0, 0, 30.43%, 0, 0, 2, 326.96, 112995, 7
342, 43, 0, 3, 0, 0, 30.43%, 1, 0, 2, 313.78, 113151, 7
