# relative_time, cycles_done, cur_item, corpus_count, pending_total, pending_favs, map_size, saved_crashes, saved_hangs, max_depth, execs_per_sec, total_execs, edges_found
61, 8, 0, 3, 0, 0, 32.26%, 0, 0, 2, 321.00, 20078, 10
66, 9, 0, 3, 0, 0, 32.26%, 0, 0, 2, 325.23, 21769, 10
72, 10, 0, 3, 0, 0, 32.26%, 0, 0, 2, 321.44, 23421, 10
77, 11, 0, 3, 0, 0, 32.26%, 0, 0, 2, 322.97, 25043, 10
82, 11, 2, 3, 0, 0, 32.26%, 0, 0, 2, 321.71, 26692, 10
87, 12, 1, 3, 0, 0, 32.26%, 0, 0, 2, 325.03, 28377, 10
92, 12, 0, 3, 0, 0, 32.26%, 0, 0, 2, 322.23, 30043, 10
97, 13, 1, 3, 0, 0, 32.26%, 0, 0, 2, 327.66, 31740, 10
102, 14, 2, 3, 0, 0, 32.26%, 0, 0, 2, 324.57, 33409, 10
107, 15, 1, 3, 0, 0, 32.26%, 0, 0, 2, 326.57, 35043, 10
112, 16, 0, 3, 0, 0, 32.26%, 0, 0, 2, 325.38, 36685, 10
118, 16, 2, 3, 0, 0, 32.26%, 0, 0, 2, 322.91, 38343, 10
123, 17, 0, 3, 0, 0, 32.26%, 0, 0, 2, 323.15, 40006, 10
126, 17, 2, 3, 0, 0, 32.26%, 1, 0, 2, 310.30, 40972, 10
