# relative_time, cycles_done, cur_item, corpus_count, pending_total, pending_favs, map_size, saved_crashes, saved_hangs, max_depth, execs_per_sec, total_execs, edges_found
62, 8, 2, 3, 0, 0, 30.43%, 0, 0, 2, 328.80, 20393, 7
67, 9, 2, 3, 0, 0, 30.43%, 0, 0, 2, 328.51, 22093, 7
72, 10, 2, 3, 0, 0, 30.43%, 0, 0, 2, 329.22, 23775, 7
77, 11, 2, 3, 0, 0, 30.43%, 0, 0, 2, 328.74, 25469, 7
82, 11, 2, 3, 0, 0, 30.43%, 0, 0, 2, 328.75, 27169, 7
87, 12, 2, 3, 0, 0, 30.43%, 0, 0, 2, 328.67, 28855, 7
92, 13, 2, 3, 0, 0, 30.43%, 0, 0, 2, 329.07, 30549, 7
98, 14, 2, 3, 0, 0, 30.43%, 0, 0, 2, 328.64, 32255, 7
103, 14, 2, 3, 0, 0, 30.43%, 0, 0, 2, 329.45, 33949, 7
108, 15, 2, 3, 0, 0, 30.43%, 0, 0, 2, 328.93, 35655, 7
113, 16, 2, 3, 0, 0, 30.43%, 0, 0, 2, 327.01, 37331, 7
118, 17, 2, 3, 0, 0, 30.43%, 0, 0, 2, 327.45, 39029, 7
123, 18, 0, 3, 0, 0, 30.43%, 0, 0, 2, 327.84, 40735, 7
129, 18, 2, 3, 0, 0, 30.43%, 0, 0, 2, 327.26, 42404, 7
134, 19, 2, 3, 0, 0, 30.43%, 0, 0, 2, 330.64, 44062, 7
139, 20, 2, 3, 0, 0, 30.43%, 0, 0, 2, 328.82, 45750, 7
144, 20, 0, 3, 0, 0, 30.43%, 0, 0, 2, 327.80, 47436, 7
149, 21, 0, 3, 0, 0, 30.43%, 0, 0, 2, 327.12, 49111, 7
154, 21, 2, 3, 0, 0, 30.43%, 0, 0, 2, 328.36, 50806, 7
159, 22, 2, 3, 0, 0, 30.43%, 0, 0, 2, 328.32, 52512, 7
164, 23, 2, 3, 0, 0, 30.43%, 0, 0, 2, 326.40, 54187, 7
170, 23, 2, 3, 0, 0, 30.43%, 0, 0, 2, 327.52, 55881, 7
175, 24, 2, 3, 0, 0, 30.43%, 0, 0, 2, 328.72, 57531, 7
180, 25, 2, 3, 0, 0, 30.43%, 0, 0, 2, 329.43, 59249, 7
185, 26, 2, 3, 0, 0, 30.43%, 0, 0, 2, 329.54, 60949, 7
190, 26, 0, 3, 0, 0, 30.43%, 0, 0, 2, 328.99, 62649, 7
195, 27, 2, 3, 0, 0, 30.43%, 0, 0, 2, 328.32, 64324, 7
200, 27, 2, 3, 0, 0, 30.43%, 0, 0, 2, 328.20, 66017, 7
206, 28, 2, 3, 0, 0, 30.43%, 0, 0, 2, 328.61, 67729, 7
211, 28, 0, 3, 0, 0, 30.43%, 0, 0, 2, 326.17, 69395, 7
216, 29, 0, 3, 0, 0, 30.43%, 0, 0, 2, 326.99, 71034, 7
221, 30, 2, 3, 0, 0, 30.43%, 0, 0, 2, 329.60, 72749, 7
226, 30, 0, 3, 0, 0, 30.43%, 0, 0, 2, 328.25, 74447, 7
231, 31, 0, 3, 0, 0, 30.43%, 0, 0, 2, 326.84, 76136, 7
236, 31, 2, 3, 0, 0, 30.43%, 0, 0, 2, 328.43, 77807, 7
242, 32, 2, 3, 0, 0, 30.43%, 0, 0, 2, 327.15, 79511, 7
247, 32, 2, 3, 0, 0, 30.43%, 0, 0, 2, 315.22, 81126, 7
252, 33, 2, 3, 0, 0, 30.43%, 0, 0, 2, 326.37, 82814, 7
257, 34, 2, 3, 0, 0, 30.43%, 0, 0, 2, 327.71, 84514, 7
262, 35, 2, 3, 0, 0, 30.43%, 0, 0, 2, 328.59, 86212, 7
267, 36, 2, 3, 0, 0, 30.43%, 1, 0, 2, 315.57, 87730, 7
