# relative_time, cycles_done, cur_item, corpus_count, pending_total, pending_favs, map_size, saved_crashes, saved_hangs, max_depth, execs_per_sec, total_execs, edges_found
61, 9, 0, 3, 0, 0, 36.00%, 0, 0, 2, 324.32, 20234, 9
66, 9, 0, 3, 0, 0, 36.00%, 0, 0, 2, 322.10, 21883, 9
71, 10, 1, 3, 0, 0, 36.00%, 0, 0, 2, 326.96, 23520, 9
76, 11, 1, 3, 0, 0, 36.00%, 0, 0, 2, 330.74, 25185, 9
82, 13, 0, 3, 0, 0, 36.00%, 0, 0, 2, 329.20, 26889, 9
87, 13, 1, 3, 0, 0, 36.00%, 0, 0, 2, 326.44, 28574, 9
92, 14, 0, 3, 0, 0, 36.00%, 0, 0, 2, 326.67, 30281, 9
97, 15, 1, 3, 0, 0, 36.00%, 0, 0, 2, 328.49, 31969, 9
102, 16, 2, 3, 0, 0, 36.00%, 0, 0, 2, 329.81, 33622, 9
107, 17, 1, 3, 0, 0, 36.00%, 0, 0, 2, 330.22, 35278, 9
112, 18, 1, 3, 0, 0, 36.00%, 0, 0, 2, 331.52, 36946, 9
117, 19, 1, 3, 0, 0, 36.00%, 0, 0, 2, 330.78, 38611, 9
122, 21, 0, 3, 0, 0, 36.00%, 0, 0, 2, 329.32, 40279, 9
127, 21, 1, 3, 0, 0, 36.00%, 0, 0, 2, 324.98, 41952, 9
133, 22, 1, 3, 0, 0, 36.00%, 0, 0, 2, 323.93, 43631, 9
138, 23, 1, 3, 0, 0, 36.00%, 0, 0, 2, 329.76, 45296, 9
143, 24, 0, 3, 0, 0, 36.00%, 0, 0, 2, 329.56, 46946, 9
148, 24, 1, 3, 0, 0, 36.00%, 0, 0, 2, 319.29, 48502, 9
153, 25, 0, 3, 0, 0, 36.00%, 0, 0, 2, 325.07, 50209, 9
158, 26, 2, 3, 0, 0, 36.00%, 0, 0, 2, 328.19, 51897, 9
163, 27, 0, 3, 0, 0, 36.00%, 0, 0, 2, 329.77, 53607, 9
168, 28, 0, 3, 0, 0, 36.00%, 0, 0, 2, 322.64, 55256, 9
173, 28, 1, 3, 0, 0, 36.00%, 0, 0, 2, 328.49, 56902, 9
178, 30, 1, 3, 0, 0, 36.00%, 0, 0, 2, 330.81, 58570, 9
184, 30, 0, 3, 0, 0, 36.00%, 0, 0, 2, 325.83, 60249, 9
189, 31, 1, 3, 0, 0, 36.00%, 0, 0, 2, 324.92, 61913, 9
194, 32, 1, 3, 0, 0, 36.00%, 0, 0, 2, 329.81, 63635, 9
199, 33, 1, 3, 0, 0, 36.00%, 0, 0, 2, 330.55, 65351, 9
204, 34, 1, 3, 0, 0, 36.00%, 0, 0, 2, 332.11, 67013, 9
209, 35, 1, 3, 0, 0, 36.00%, 0, 0, 2, 332.79, 68741, 9
215, 37, 1, 3, 0, 0, 36.00%, 0, 0, 2, 330.57, 70457, 9
220, 38, 1, 3, 0, 0, 36.00%, 0, 0, 2, 327.77, 72098, 9
225, 39, 2, 3, 0, 0, 36.00%, 0, 0, 2, 330.24, 73808, 9
230, 40, 1, 3, 0, 0, 36.00%, 0, 0, 2, 330.24, 75524, 9
235, 41, 1, 3, 0, 0, 36.00%, 0, 0, 2, 330.13, 77180, 9
240, 42, 2, 3, 0, 0, 36.00%, 0, 0, 2, 331.52, 78839, 9
245, 43, 1, 3, 0, 0, 36.00%, 0, 0, 2, 325.68, 80464, 9
250, 44, 1, 3, 0, 0, 36.00%, 0, 0, 2, 329.36, 82132, 9
255, 45, 1, 3, 0, 0, 36.00%, 0, 0, 2, 330.04, 83785, 9
260, 46, 1, 3, 0, 0, 36.00%, 0, 0, 2, 329.56, 85447, 9
265, 47, 0, 3, 0, 0, 36.00%, 0, 0, 2, 325.50, 87085, 9
270, 48, 1, 3, 0, 0, 36.00%, 0, 0, 2, 329.23, 88731, 9
275, 49, 1, 3, 0, 0, 36.00%, 0, 0, 2, 331.27, 90399, 9
280, 50, 0, 3, 0, 0, 36.00%, 0, 0, 2, 326.14, 92097, 9
285, 51, 1, 3, 0, 0, 36.00%, 0, 0, 2, 328.52, 93743, 9
291, 51, 0, 3, 0, 0, 36.00%, 0, 0, 2, 324.33, 95429, 9
296, 52, 2, 3, 0, 0, 36.00%, 0, 0, 2, 327.99, 97072, 9
301, 54, 2, 3, 0, 0, 36.00%, 0, 0, 2, 329.93, 98782, 9
306, 55, 1, 3, 0, 0, 36.00%, 0, 0, 2, 331.63, 100468, 9
311, 56, 0, 3, 0, 0, 36.00%, 0, 0, 2, 327.70, 102169, 9
316, 56, 0, 3, 0, 0, 36.00%, 0, 0, 2, 323.71, 103827, 9
321, 57, 0, 3, 0, 0, 36.00%, 0, 0, 2, 323.80, 105488, 9
326, 57, 0, 3, 0, 0, 36.00%, 0, 0, 2, 321.85, 107140, 9
331, 58, 0, 3, 0, 0, 36.00%, 0, 0, 2, 324.14, 108810, 9
337, 59, 2, 3, 0, 0, 36.00%, 0, 0, 2, 328.41, 110513, 9
342, 60, 2, 3, 0, 0, 36.00%, 0, 0, 2, 329.48, 112175, 9
347, 61, 1, 3, 0, 0, 36.00%, 0, 0, 2, 331.22, 113840, 9
352, 62, 0, 3, 0, 0, 36.00%, 0, 0, 2, 324.06, 115529, 9
357, 62, 0, 3, 0, 0, 36.00%, 0, 0, 2, 319.23, 117151, 9
362, 62, 0, 3, 0, 0, 36.00%, 0, 0, 2, 321.16, 118800, 9
367, 63, 1, 3, 0, 0, 36.00%, 0, 0, 2, 323.28, 120475, 9
373, 64, 1, 3, 0, 0, 36.00%, 0, 0, 2, 327.97, 122179, 9
378, 65, 0, 3, 0, 0, 36.00%, 0, 0, 2, 326.32, 123858, 9
383, 65, 1, 3, 0, 0, 36.00%, 0, 0, 2, 323.68, 125516, 9
388, 66, 1, 3, 0, 0, 36.00%, 0, 0, 2, 329.49, 127172, 9
393, 67, 0, 3, 0, 0, 36.00%, 0, 0, 2, 323.07, 128828, 9
398, 67, 1, 3, 0, 0, 36.00%, 0, 0, 2, 326.46, 130522, 9
403, 68, 1, 3, 0, 0, 36.00%, 0, 0, 2, 324.12, 132189, 9
408, 69, 2, 3, 0, 0, 36.00%, 0, 0, 2, 330.76, 133869, 9
414, 70, 0, 3, 0, 0, 36.00%, 0, 0, 2, 327.25, 135570, 9
419, 71, 0, 3, 0, 0, 36.00%, 0, 0, 2, 324.91, 137231, 9
424, 71, 2, 3, 0, 0, 36.00%, 0, 0, 2, 326.90, 138922, 9
429, 73, 1, 3, 0, 0, 36.00%, 0, 0, 2, 331.27, 140584, 9
434, 74, 1, 3, 0, 0, 36.00%, 0, 0, 2, 332.07, 142270, 9
439, 75, 0, 3, 0, 0, 36.00%, 0, 0, 2, 327.78, 143956, 9
444, 75, 0, 3, 0, 0, 36.00%, 0, 0, 2, 325.98, 145641, 9
450, 76, 1, 3, 0, 0, 36.00%, 0, 0, 2, 327.31, 147329, 9
455, 77, 1, 3, 0, 0, 36.00%, 0, 0, 2, 329.16, 149039, 9
460, 78, 1, 3, 0, 0, 36.00%, 0, 0, 2, 329.51, 150692, 9
465, 79, 1, 3, 0, 0, 36.00%, 0, 0, 2, 330.84, 152366, 9
470, 81, 2, 3, 0, 0, 36.00%, 0, 0, 2, 329.90, 154022, 9
475, 82, 0, 3, 0, 0, 36.00%, 0, 0, 2, 326.73, 155717, 9
480, 82, 1, 3, 0, 0, 36.00%, 0, 0, 2, 328.30, 157411, 9
485, 83, 1, 3, 0, 0, 36.00%, 0, 0, 2, 330.15, 159130, 9
490, 85, 1, 3, 0, 0, 36.00%, 0, 0, 2, 329.33, 160786, 9
496, 86, 0, 3, 0, 0, 36.00%, 0, 0, 2, 327.96, 162490, 9
501, 86, 1, 3, 0, 0, 36.00%, 0, 0, 2, 326.84, 164151, 9
506, 87, 1, 3, 0, 0, 36.00%, 0, 0, 2, 329.68, 165810, 9
511, 89, 1, 3, 0, 0, 36.00%, 0, 0, 2, 330.36, 167466, 9
516, 89, 1, 3, 0, 0, 36.00%, 0, 0, 2, 326.15, 169133, 9
521, 90, 2, 3, 0, 0, 36.00%, 0, 0, 2, 325.41, 170809, 9
526, 90, 1, 3, 0, 0, 36.00%, 0, 0, 2, 314.86, 172446, 9
531, 91, 1, 3, 0, 0, 36.00%, 0, 0, 2, 326.04, 174096, 9
536, 92, 0, 3, 0, 0, 36.00%, 0, 0, 2, 323.30, 175760, 9
542, 92, 1, 3, 0, 0, 36.00%, 0, 0, 2, 326.19, 177439, 9
547, 93, 0, 3, 0, 0, 36.00%, 0, 0, 2, 324.98, 179137, 9
552, 94, 0, 3, 0, 0, 36.00%, 0, 0, 2, 324.78, 180759, 9
557, 95, 1, 3, 0, 0, 36.00%, 0, 0, 2, 326.17, 182432, 9
562, 95, 1, 3, 0, 0, 36.00%, 0, 0, 2, 326.09, 184117, 9
567, 96, 1, 3, 0, 0, 36.00%, 0, 0, 2, 328.81, 185773, 9
572, 98, 1, 3, 0, 0, 36.00%, 0, 0, 2, 329.26, 187489, 9
577, 98, 0, 3, 0, 0, 36.00%, 0, 0, 2, 325.97, 189163, 9
583, 99, 0, 3, 0, 0, 36.00%, 0, 0, 2, 327.41, 190872, 9
588, 100, 2, 3, 0, 0, 36.00%, 0, 0, 2, 328.10, 192572, 9
593, 100, 1, 3, 0, 0, 36.00%, 0, 0, 2, 325.20, 194239, 9
598, 101, 1, 3, 0, 0, 36.00%, 0, 0, 2, 324.79, 195921, 9
603, 102, 1, 3, 0, 0, 36.00%, 0, 0, 2, 328.36, 197637, 9
609, 103, 0, 3, 0, 0, 36.00%, 0, 0, 2, 326.42, 199335, 9
614, 104, 1, 3, 0, 0, 36.00%, 0, 0, 2, 326.31, 201014, 9
619, 104, 1, 3, 0, 0, 36.00%, 0, 0, 2, 324.09, 202699, 9
624, 105, 1, 3, 0, 0, 36.00%, 0, 0, 2, 328.62, 204400, 9
629, 107, 1, 3, 0, 0, 36.00%, 0, 0, 2, 330.49, 206062, 9
634, 108, 2, 3, 0, 0, 36.00%, 0, 0, 2, 328.83, 207760, 9
640, 108, 0, 3, 0, 0, 36.00%, 0, 0, 2, 324.14, 209433, 9
645, 109, 1, 3, 0, 0, 36.00%, 0, 0, 2, 325.75, 211115, 9
650, 110, 1, 3, 0, 0, 36.00%, 0, 0, 2, 329.02, 212771, 9
655, 111, 1, 3, 0, 0, 36.00%, 0, 0, 2, 325.57, 214445, 9
660, 112, 1, 3, 0, 0, 36.00%, 0, 0, 2, 325.12, 216112, 9
665, 113, 1, 3, 0, 0, 36.00%, 0, 0, 2, 328.48, 217825, 9
670, 114, 1, 3, 0, 0, 36.00%, 0, 0, 2, 327.41, 219469, 9
675, 115, 1, 3, 0, 0, 36.00%, 0, 0, 2, 327.16, 221167, 9
681, 116, 1, 3, 0, 0, 36.00%, 0, 0, 2, 328.33, 222871, 9
686, 117, 0, 3, 0, 0, 36.00%, 0, 0, 2, 324.39, 224500, 9
691, 117, 1, 3, 0, 0, 36.00%, 0, 0, 2, 322.95, 226160, 9
696, 119, 0, 3, 0, 0, 36.00%, 0, 0, 2, 327.33, 227864, 9
701, 119, 1, 3, 0, 0, 36.00%, 0, 0, 2, 325.83, 229543, 9
705, 120, 0, 3, 0, 0, 36.00%, 1, 0, 2, 314.79, 230880, 9
