# relative_time, cycles_done, cur_item, corpus_count, pending_total, pending_favs, map_size, saved_crashes, saved_hangs, max_depth, execs_per_sec, total_execs, edges_found
61, 6, 0, 3, 0, 0, 36.00%, 0, 0, 2, 321.90, 20031, 9
66, 7, 2, 3, 0, 0, 36.00%, 0, 0, 2, 322.78, 21678, 9
71, 7, 2, 3, 0, 0, 36.00%, 0, 0, 2, 314.74, 23313, 9
77, 8, 2, 3, 0, 0, 36.00%, 0, 0, 2, 322.02, 24981, 9
82, 8, 2, 3, 0, 0, 36.00%, 0, 0, 2, 323.76, 26645, 9
87, 9, 0, 3, 0, 0, 36.00%, 0, 0, 2, 323.48, 28309, 9
92, 9, 2, 3, 0, 0, 36.00%, 0, 0, 2, 323.16, 29963, 9
97, 10, 2, 3, 0, 0, 36.00%, 0, 0, 2, 325.15, 31631, 9
102, 10, 2, 3, 0, 0, 36.00%, 0, 0, 2, 324.53, 33293, 9
107, 11, 2, 3, 0, 0, 36.00%, 0, 0, 2, 324.36, 34961, 9
113, 12, 2, 3, 0, 0, 36.00%, 0, 0, 2, 327.25, 36631, 9
118, 12, 2, 3, 0, 0, 36.00%, 0, 0, 2, 325.43, 38293, 9
123, 13, 2, 3, 0, 0, 36.00%, 0, 0, 2, 326.31, 39967, 9
128, 14, 0, 3, 0, 0, 36.00%, 0, 0, 2, 326.28, 41641, 9
133, 14, 0, 3, 0, 0, 36.00%, 0, 0, 2, 322.55, 43290, 9
138, 14, 2, 3, 0, 0, 36.00%, 0, 0, 2, 324.41, 44955, 9
143, 15, 2, 3, 0, 0, 36.00%, 0, 0, 2, 321.10, 46584, 9
148, 15, 2, 3, 0, 0, 36.00%, 0, 0, 2, 323.53, 48252, 9
154, 16, 0, 3, 0, 0, 36.00%, 0, 0, 2, 323.23, 49904, 9
159, 16, 0, 3, 0, 0, 36.00%, 0, 0, 2, 321.73, 51553, 9
164, 17, 2, 3, 0, 0, 36.00%, 0, 0, 2, 323.58, 53240, 9
169, 17, 2, 3, 0, 0, 36.00%, 0, 0, 2, 325.87, 54914, 9
174, 18, 2, 3, 0, 0, 36.00%, 0, 0, 2, 324.53, 56576, 9
179, 18, 2, 3, 0, 0, 36.00%, 0, 0, 2, 322.16, 58235, 9
184, 19, 2, 3, 0, 0, 36.00%, 0, 0, 2, 322.54, 59899, 9
190, 20, 2, 3, 0, 0, 36.00%, 0, 0, 2, 324.34, 61561, 9
195, 20, 0, 3, 0, 0, 36.00%, 0, 0, 2, 324.73, 63235, 9
200, 21, 2, 3, 0, 0, 36.00%, 0, 0, 2, 322.92, 64900, 9
205, 21, 2, 3, 0, 0, 36.00%, 0, 0, 2, 324.59, 66564, 9
210, 22, 0, 3, 0, 0, 36.00%, 0, 0, 2, 323.26, 68226, 9
215, 22, 0, 3, 0, 0, 36.00%, 0, 0, 2, 321.84, 69875, 9
220, 23, 2, 3, 0, 0, 36.00%, 0, 0, 2, 321.40, 71523, 9
226, 23, 0, 3, 0, 0, 36.00%, 0, 0, 2, 321.76, 73176, 9
231, 23, 2, 3, 0, 0, 36.00%, 0, 0, 2, 322.90, 74825, 9
236, 24, 0, 3, 0, 0, 36.00%, 0, 0, 2, 321.73, 76484, 9
241, 24, 0, 3, 0, 0, 36.00%, 0, 0, 2, 321.11, 78133, 9
246, 24, 2, 3, 0, 0, 36.00%, 0, 0, 2, 321.80, 79781, 9
251, 25, 0, 3, 0, 0, 36.00%, 0, 0, 2, 323.57, 81451, 9
256, 25, 2, 3, 0, 0, 36.00%, 0, 0, 2, 324.33, 83116, 9
261, 26, 0, 3, 0, 0, 36.00%, 0, 0, 2, 322.80, 84769, 9
267, 26, 2, 3, 0, 0, 36.00%, 0, 0, 2, 323.35, 86434, 9
272, 27, 1, 3, 0, 0, 36.00%, 0, 0, 2, 322.08, 88081, 9
277, 27, 2, 3, 0, 0, 36.00%, 0, 0, 2, 323.28, 89733, 9
282, 28, 2, 3, 0, 0, 36.00%, 0, 0, 2, 324.55, 91407, 9
287, 29, 0, 3, 0, 0, 36.00%, 0, 0, 2, 324.65, 93075, 9
292, 29, 2, 3, 0, 0, 36.00%, 0, 0, 2, 323.24, 94736, 9
297, 30, 0, 3, 0, 0, 36.00%, 0, 0, 2, 323.83, 96398, 9
303, 30, 0, 3, 0, 0, 36.00%, 0, 0, 2, 322.18, 98047, 9
308, 30, 0, 3, 0, 0, 36.00%, 0, 0, 2, 322.14, 99695, 9
313, 31, 0, 3, 0, 0, 36.00%, 0, 0, 2, 324.43, 101360, 9
318, 31, 0, 3, 0, 0, 36.00%, 0, 0, 2, 320.82, 103009, 9
323, 31, 0, 3, 0, 0, 36.00%, 0, 0, 2, 322.36, 104668, 9
328, 32, 2, 3, 0, 0, 36.00%, 0, 0, 2, 324.33, 106327, 9
333, 32, 0, 3, 0, 0, 36.00%, 0, 0, 2, 323.70, 107983, 9
338, 32, 0, 3, 0, 0, 36.00%, 1, 0, 2, 15.04, 109568, 9
