# relative_time, cycles_done, cur_item, corpus_count, pending_total, pending_favs, map_size, saved_crashes, saved_hangs, max_depth, execs_per_sec, total_execs, edges_found
61, 10, 0, 3, 0, 0, 32.26%, 0, 0, 2, 322.84, 20228, 10
66, 10, 2, 3, 0, 0, 32.26%, 0, 0, 2, 328.18, 21910, 10
71, 12, 0, 3, 0, 0, 32.26%, 0, 0, 2, 327.55, 23566, 10
76, 12, 0, 3, 0, 0, 32.26%, 0, 0, 2, 321.35, 25209, 10
82, 12, 0, 3, 0, 0, 32.26%, 0, 0, 2, 322.11, 26873, 10
87, 14, 2, 3, 0, 0, 32.26%, 0, 0, 2, 328.09, 28576, 10
92, 14, 2, 3, 0, 0, 32.26%, 0, 0, 2, 325.30, 30267, 10
97, 15, 2, 3, 0, 0, 32.26%, 0, 0, 2, 324.07, 31946, 10
102, 16, 0, 3, 0, 0, 32.26%, 0, 0, 2, 327.68, 33647, 10
107, 17, 2, 3, 0, 0, 32.26%, 0, 0, 2, 327.11, 35314, 10
112, 17, 0, 3, 0, 0, 32.26%, 0, 0, 2, 324.81, 36964, 10
118, 18, 0, 3, 0, 0, 32.26%, 0, 0, 2, 324.88, 38640, 10
123, 19, 2, 3, 0, 0, 32.26%, 0, 0, 2, 326.33, 40265, 10
128, 20, 2, 3, 0, 0, 32.26%, 0, 0, 2, 331.29, 41926, 10
133, 20, 0, 3, 0, 0, 32.26%, 0, 0, 2, 325.77, 43595, 10
138, 21, 0, 3, 0, 0, 32.26%, 0, 0, 2, 327.86, 45298, 10
143, 22, 0, 3, 0, 0, 32.26%, 0, 0, 2, 322.44, 46947, 10
148, 22, 0, 3, 0, 0, 32.26%, 0, 0, 2, 323.24, 48626, 10
153, 23, 2, 3, 0, 0, 32.26%, 0, 0, 2, 328.67, 50335, 10
159, 24, 2, 3, 0, 0, 32.26%, 0, 0, 2, 327.04, 52008, 10
164, 24, 2, 3, 0, 0, 32.26%, 0, 0, 2, 326.20, 53690, 10
169, 26, 2, 3, 0, 0, 32.26%, 0, 0, 2, 330.26, 55370, 10
174, 27, 0, 3, 0, 0, 32.26%, 0, 0, 2, 327.14, 57053, 10
179, 27, 0, 3, 0, 0, 32.26%, 0, 0, 2, 325.26, 58684, 10
184, 28, 0, 3, 0, 0, 32.26%, 0, 0, 2, 324.81, 60357, 10
189, 29, 2, 3, 0, 0, 32.26%, 0, 0, 2, 328.54, 62057, 10
194, 29, 0, 3, 0, 0, 32.26%, 0, 0, 2, 323.88, 63719, 10
200, 31, 0, 3, 0, 0, 32.26%, 0, 0, 2, 328.94, 65431, 10
205, 31, 2, 3, 0, 0, 32.26%, 0, 0, 2, 328.01, 67101, 10
210, 32, 0, 3, 0, 0, 32.26%, 0, 0, 2, 325.10, 68784, 10
211, 32, 2, 3, 0, 0, 32.26%, 1, 0, 2, 314.78, 69157, 10
