# relative_time, cycles_done, cur_item, corpus_count, pending_total, pending_favs, map_size, saved_crashes, saved_hangs, max_depth, execs_per_sec, total_execs, edges_found
61, 9, 2, 3, 0, 0, 32.26%, 0, 0, 2, 328.43, 19970, 10
66, 10, 0, 3, 0, 0, 32.26%, 0, 0, 2, 322.57, 21637, 10
71, 11, 2, 3, 0, 0, 32.26%, 0, 0, 2, 324.96, 23304, 10
76, 12, 2, 3, 0, 0, 32.26%, 0, 0, 2, 327.87, 24957, 10
81, 13, 2, 3, 0, 0, 32.26%, 0, 0, 2, 328.75, 26658, 10
86, 14, 2, 3, 0, 0, 32.26%, 0, 0, 2, 324.08, 28325, 10
92, 15, 0, 3, 0, 0, 32.26%, 0, 0, 2, 320.31, 29993, 10
97, 16, 2, 3, 0, 0, 32.26%, 0, 0, 2, 327.13, 31645, 10
102, 17, 2, 3, 0, 0, 32.26%, 0, 0, 2, 329.76, 33361, 10
107, 18, 2, 3, 0, 0, 32.26%, 0, 0, 2, 327.52, 35074, 10
112, 19, 2, 3, 0, 0, 32.26%, 0, 0, 2, 328.50, 36778, 10
117, 21, 2, 3, 0, 0, 32.26%, 0, 0, 2, 328.68, 38482, 10
123, 21, 0, 3, 0, 0, 32.26%, 0, 0, 2, 323.11, 40156, 10
128, 22, 0, 3, 0, 0, 32.26%, 0, 0, 2, 324.92, 41838, 10
133, 23, 2, 3, 0, 0, 32.26%, 0, 0, 2, 327.66, 43538, 10
138, 25, 2, 3, 0, 0, 32.26%, 0, 0, 2, 328.15, 45242, 10
143, 26, 2, 3, 0, 0, 32.26%, 0, 0, 2, 329.68, 46901, 10
148, 27, 2, 3, 0, 0, 32.26%, 0, 0, 2, 328.02, 48596, 10
153, 28, 2, 3, 0, 0, 32.26%, 0, 0, 2, 325.37, 50278, 10
159, 28, 2, 3, 0, 0, 32.26%, 0, 0, 2, 324.91, 51945, 10
164, 30, 0, 3, 0, 0, 32.26%, 0, 0, 2, 326.05, 53646, 10
169, 30, 2, 3, 0, 0, 32.26%, 0, 0, 2, 324.99, 55313, 10
174, 31, 2, 3, 0, 0, 32.26%, 0, 0, 2, 328.49, 56969, 10
179, 33, 0, 3, 0, 0, 32.26%, 0, 0, 2, 327.90, 58676, 10
184, 33, 2, 3, 0, 0, 32.26%, 0, 0, 2, 326.26, 60355, 10
190, 34, 2, 3, 0, 0, 32.26%, 0, 0, 2, 323.82, 62019, 10
195, 35, 2, 3, 0, 0, 32.26%, 0, 0, 2, 329.30, 63681, 10
200, 37, 2, 3, 0, 0, 32.26%, 0, 0, 2, 329.41, 65394, 10
205, 37, 0, 3, 0, 0, 32.26%, 0, 0, 2, 323.11, 67056, 10
210, 38, 2, 3, 0, 0, 32.26%, 0, 0, 2, 329.35, 68720, 10
215, 39, 0, 3, 0, 0, 32.26%, 0, 0, 2, 324.77, 70403, 10
220, 40, 2, 3, 0, 0, 32.26%, 0, 0, 2, 322.69, 72057, 10
225, 40, 0, 3, 0, 0, 32.26%, 0, 0, 2, 322.18, 73710, 10
231, 41, 0, 3, 0, 0, 32.26%, 0, 0, 2, 322.19, 75380, 10
236, 42, 0, 3, 0, 0, 32.26%, 0, 0, 2, 325.40, 77074, 10
241, 43, 2, 3, 0, 0, 32.26%, 0, 0, 2, 324.69, 78741, 10
246, 44, 2, 3, 0, 0, 32.26%, 0, 0, 2, 330.04, 80406, 10
251, 44, 2, 3, 0, 0, 32.26%, 0, 0, 2, 324.03, 82079, 10
256, 45, 2, 3, 0, 0, 32.26%, 0, 0, 2, 313.69, 83701, 10
261, 45, 2, 3, 0, 0, 32.26%, 0, 0, 2, 321.65, 85356, 10
267, 47, 1, 3, 0, 0, 32.26%, 0, 0, 2, 326.64, 87054, 10
272, 47, 0, 3, 0, 0, 32.26%, 0, 0, 2, 323.40, 88728, 10
277, 48, 2, 3, 0, 0, 32.26%, 0, 0, 2, 324.34, 90391, 10
282, 49, 2, 3, 0, 0, 32.26%, 0, 0, 2, 328.69, 92095, 10
285, 50, 2, 3, 0, 0, 32.26%, 1, 0, 2, 314.35, 93084, 10
